4 0.8515625 0.158203125 0.853515625 0.1484375 0.86328125 0.140625 0.869140625 0.140625 0.873046875 0.14453125 0.873046875 0.150390625 0.869140625 0.154296875 0.865234375 0.154296875 0.857421875 0.162109375 0.853515625 0.158203125
4 0.888671875 0.142578125 0.890625 0.14453125 0.890625 0.150390625 0.88671875 0.15625 0.88671875 0.16015625 0.8828125 0.1640625 0.876953125 0.1640625 0.87109375 0.169921875 0.869140625 0.169921875 0.87109375 0.158203125 0.876953125 0.1484375 0.88671875 0.142578125
4 0.85546875 0.154296875 0.857421875 0.15625 0.857421875 0.1640625 0.84765625 0.17578125 0.841796875 0.17578125 0.83984375 0.166015625 0.84765625 0.15625 0.853515625 0.154296875
4 0.662109375 0.927734375 0.666015625 0.927734375 0.666015625 0.9375 0.669921875 0.947265625 0.669921875 0.95703125 0.6640625 0.95703125 0.662109375 0.953125 0.662109375 0.947265625 0.66015625 0.9453125 0.66015625 0.931640625 0.662109375 0.9296875
4 0.76171875 0.083984375 0.763671875 0.09375 0.759765625 0.1015625 0.76171875 0.10546875 0.76171875 0.119140625 0.759765625 0.123046875 0.759765625 0.109375 0.75390625 0.1015625 0.75 0.1015625 0.75 0.08984375 0.751953125 0.0859375 0.755859375 0.08203125 0.759765625 0.083984375
4 0.79296875 0.09375 0.802734375 0.083984375 0.802734375 0.080078125 0.806640625 0.076171875 0.810546875 0.08203125 0.810546875 0.099609375 0.806640625 0.103515625 0.798828125 0.103515625 0.794921875 0.099609375 0.794921875 0.095703125
4 0.8427734375 0.025390625 0.015625 0.02734375
4 0.63671875 0.0703125 0.642578125 0.0703125 0.642578125 0.080078125 0.638671875 0.08984375 0.6328125 0.08984375 0.630859375 0.087890625 0.6328125 0.076171875 0.63671875 0.072265625
4 0.6376953125 0.3857421875 0.052734375 0.099609375
4 0.8203125 0.31640625 0.822265625 0.30859375 0.83203125 0.298828125 0.837890625 0.298828125 0.837890625 0.3125 0.83203125 0.31640625 0.828125 0.314453125 0.822265625 0.31640625
4 0.880859375 0.115234375 0.88671875 0.12109375 0.88671875 0.126953125 0.8828125 0.134765625 0.875 0.140625 0.87109375 0.140625 0.869140625 0.134765625 0.875 0.1171875 0.87890625 0.115234375
4 0.7998046875 0.1669921875 0.021484375 0.02734375
4 0.8466796875 0.1201171875 0.01953125 0.037109375
4 0.69921875 0.275390625 0.69921875 0.28125 0.68359375 0.298828125 0.6796875 0.296875 0.681640625 0.287109375 0.69140625 0.27734375 0.697265625 0.275390625
4 0.623046875 0.166015625 0.625 0.16796875 0.625 0.173828125 0.62109375 0.17578125 0.6171875 0.19140625 0.61328125 0.193359375 0.611328125 0.1875 0.615234375 0.1796875 0.615234375 0.173828125 0.62109375 0.16796875
4 0.66015625 0.33203125 0.666015625 0.33203125 0.669921875 0.33984375 0.66796875 0.349609375 0.662109375 0.3515625 0.66015625 0.349609375 0.662109375 0.333984375
4 0.740234375 0.3359375 0.740234375 0.341796875 0.732421875 0.357421875 0.724609375 0.353515625 0.71875 0.35546875 0.716796875 0.345703125 0.7265625 0.345703125 0.73828125 0.3359375
4 0.865234375 0.076171875 0.87109375 0.076171875 0.87890625 0.08203125 0.87890625 0.091796875 0.876953125 0.09375 0.87109375 0.09375 0.865234375 0.09765625 0.861328125 0.09765625 0.859375 0.095703125 0.859375 0.08984375 0.865234375 0.078125
4 0.8251953125 0.1044921875 0.0234375 0.033203125
4 0.8828125 0.181640625 0.88671875 0.1875 0.88671875 0.193359375 0.8828125 0.201171875 0.8671875 0.2109375 0.8671875 0.205078125 0.869140625 0.203125 0.8671875 0.1953125 0.880859375 0.181640625
4 0.876953125 0.09375 0.880859375 0.103515625 0.880859375 0.111328125 0.8671875 0.119140625 0.861328125 0.12890625 0.859375 0.12890625 0.859375 0.123046875 0.86328125 0.115234375 0.86328125 0.1015625 0.869140625 0.095703125 0.875 0.09375
4 0.87109375 0.44140625 0.884765625 0.443359375 0.884765625 0.44921875 0.876953125 0.458984375 0.865234375 0.45703125 0.859375 0.462890625 0.857421875 0.45703125 0.86328125 0.451171875 0.86328125 0.4453125 0.869140625 0.4453125 0.87109375 0.443359375
4 0.744140625 0.234375 0.75 0.23828125 0.7578125 0.232421875 0.755859375 0.24609375 0.744140625 0.2578125 0.7421875 0.255859375 0.744140625 0.236328125
4 0.794921875 0.43359375 0.80078125 0.443359375 0.79296875 0.451171875 0.78125 0.451171875 0.78125 0.4453125 0.78515625 0.4375 0.79296875 0.43359375
4 0.875 0.013671875 0.87890625 0.021484375 0.87890625 0.02734375 0.876953125 0.033203125 0.8671875 0.044921875 0.86328125 0.04296875 0.86328125 0.03125 0.869140625 0.015625 0.873046875 0.013671875
4 0.91796875 0.015625 0.927734375 0.015625 0.9296875 0.017578125 0.9296875 0.025390625 0.92578125 0.033203125 0.912109375 0.044921875 0.8984375 0.048828125 0.904296875 0.033203125 0.91796875 0.017578125
4 0.70703125 0.146484375 0.7109375 0.146484375 0.71484375 0.150390625 0.71484375 0.154296875 0.7109375 0.158203125 0.7109375 0.166015625 0.703125 0.169921875 0.701171875 0.16796875 0.701171875 0.158203125 0.70703125 0.1484375
4 0.6484375 0.904296875 0.65234375 0.904296875 0.658203125 0.91015625 0.662109375 0.919921875 0.66015625 0.927734375 0.650390625 0.9296875 0.646484375 0.921875 0.646484375 0.908203125 0.6484375 0.90625
4 0.666015625 0.8515625 0.669921875 0.84375 0.673828125 0.841796875 0.673828125 0.845703125 0.681640625 0.853515625 0.681640625 0.86328125 0.677734375 0.86328125 0.671875 0.859375 0.66796875 0.853515625