2 0.371892482421875 0.935074193359375 0.356934921875 0.956969849609375 0.350582162109375 0.97527526953125 0.34919293359375 0.983719234375 0.435333900390625 0.99582555859375 0.436105501953125 0.989214615234375 0.431601056640625 0.95594454296875 0.42246442578125 0.936422142578125 0.40750344921875 0.923760482421875 0.38804258203125 0.923905171875 0.371892482421875 0.935074193359375
5 0.251953125 0.736328125 0.25 0.732421875 0.251953125 0.720703125 0.259765625 0.716796875 0.265625 0.716796875 0.267578125 0.724609375 0.2578125 0.736328125 0.25390625 0.736328125
5 0.84375 0.85546875 0.853515625 0.876953125 0.853515625 0.880859375 0.849609375 0.88671875 0.845703125 0.8828125 0.84765625 0.880859375 0.8359375 0.87109375 0.8359375 0.865234375 0.83203125 0.861328125 0.83203125 0.85546875 0.833984375 0.853515625 0.83984375 0.853515625 0.841796875 0.85546875
5 0.83984375 0.900390625 0.84765625 0.90234375 0.8515625 0.908203125 0.849609375 0.919921875 0.84375 0.921875 0.8359375 0.912109375 0.83984375 0.90234375
5 0.3125 0.46484375 0.314453125 0.466796875 0.31640625 0.46484375 0.322265625 0.46484375 0.32421875 0.466796875 0.322265625 0.48046875 0.318359375 0.484375 0.3125 0.484375 0.306640625 0.48046875 0.310546875 0.466796875
5 0.826171875 0.876953125 0.833984375 0.880859375 0.833984375 0.884765625 0.83984375 0.890625 0.837890625 0.896484375 0.83984375 0.900390625 0.8359375 0.90625 0.83203125 0.90625 0.826171875 0.896484375 0.826171875 0.892578125 0.822265625 0.888671875 0.822265625 0.880859375 0.826171875 0.87890625
5 0.912109375 0.974609375 0.916015625 0.98046875 0.92578125 0.986328125 0.927734375 0.990234375 0.927734375 0.99609375 0.92578125 0.998046875 0.921875 0.998046875 0.916015625 0.990234375 0.904296875 0.98828125 0.90625 0.9765625 0.91015625 0.974609375
5 0.25390625 0.6015625 0.2578125 0.60546875 0.2578125 0.623046875 0.248046875 0.623046875 0.244140625 0.6171875 0.24609375 0.61328125 0.244140625 0.609375 0.251953125 0.6015625
5 0.7939453125 0.986328125 0.0234375 0.0390625
5 0.359375 0.68359375 0.36328125 0.68359375 0.3671875 0.69140625 0.361328125 0.70703125 0.357421875 0.70703125 0.35546875 0.705078125 0.35546875 0.693359375 0.359375 0.685546875
5 0.935546875 0.9765625 0.93359375 0.9921875 0.9296875 0.990234375 0.9296875 0.986328125 0.923828125 0.98046875 0.923828125 0.97265625 0.927734375 0.966796875 0.9296875 0.966796875 0.9296875 0.97265625 0.93359375 0.9765625
5 0.044921875 0.458984375 0.05078125 0.466796875 0.05078125 0.47265625 0.041015625 0.48046875 0.0390625 0.478515625 0.041015625 0.47265625 0.0390625 0.470703125 0.0390625 0.46484375 0.04296875 0.4609375
5 0.291015625 0.564453125 0.302734375 0.55859375 0.30859375 0.5625 0.3046875 0.57421875 0.30078125 0.576171875 0.294921875 0.576171875 0.291015625 0.5703125 0.291015625 0.56640625
5 0.2841796875 0.591796875 0.021484375 0.0234375
5 0.935546875 0.9765625 0.93359375 0.998046875 0.927734375 0.99609375 0.927734375 0.98828125 0.923828125 0.986328125 0.923828125 0.97265625 0.92578125 0.96875 0.9296875 0.966796875 0.9296875 0.97265625 0.93359375 0.9765625
5 0.826171875 0.876953125 0.833984375 0.880859375 0.833984375 0.884765625 0.83984375 0.890625 0.83984375 0.896484375 0.849609375 0.90625 0.849609375 0.91796875 0.84765625 0.921875 0.84375 0.921875 0.837890625 0.916015625 0.8359375 0.91015625 0.830078125 0.90625 0.828125 0.896484375 0.822265625 0.888671875 0.822265625 0.880859375 0.826171875 0.87890625