2 0.510016169921875 1 0.50521493359375 0.98582977734375 0.492244130859375 0.968037630859375 0.47476852734375 0.958259220703125 0.455275791015625 0.96219741015625 0.441253275390625 0.976543185546875 0.43112726953125 1 0.510016169921875 1
5 0.28125 0.78125 0.29296875 0.779296875 0.294921875 0.78515625 0.29296875 0.794921875 0.283203125 0.80078125 0.279296875 0.794921875 0.279296875 0.78515625 0.28125 0.783203125
5 0.896484375 0.8046875 0.912109375 0.8203125 0.9140625 0.826171875 0.9140625 0.83203125 0.912109375 0.833984375 0.90234375 0.82421875 0.896484375 0.82421875 0.89453125 0.818359375 0.888671875 0.8125 0.88671875 0.806640625 0.888671875 0.8046875 0.89453125 0.8046875
5 0.9140625 0.87109375 0.904296875 0.865234375 0.90234375 0.859375 0.904296875 0.8515625 0.90625 0.849609375 0.912109375 0.849609375 0.916015625 0.853515625 0.916015625 0.869140625
5 0.30078125 0.513671875 0.302734375 0.53125 0.294921875 0.537109375 0.2890625 0.53515625 0.287109375 0.51953125 0.298828125 0.513671875
5 0.890625 0.830078125 0.8984375 0.8359375 0.904296875 0.84765625 0.904296875 0.8515625 0.8984375 0.859375 0.890625 0.84765625 0.8828125 0.841796875 0.8828125 0.833984375 0.888671875 0.830078125
5 0.984375 0.916015625 0.98828125 0.91015625 0.998046875 0.916015625 0.998046875 0.92578125 0.986328125 0.92578125 0.986328125 0.91796875
5 0.2578125 0.666015625 0.259765625 0.66796875 0.26171875 0.666015625 0.263671875 0.677734375 0.267578125 0.681640625 0.26171875 0.6875 0.255859375 0.6875 0.251953125 0.68359375 0.25 0.669921875 0.255859375 0.666015625
5 0.87109375 0.9296875 0.87109375 0.9375 0.880859375 0.951171875 0.880859375 0.955078125 0.884765625 0.95703125 0.8828125 0.962890625 0.8671875 0.951171875 0.865234375 0.931640625 0.869140625 0.9296875
5 0.380859375 0.724609375 0.38671875 0.7265625 0.38671875 0.748046875 0.384765625 0.75 0.380859375 0.75 0.376953125 0.744140625 0.376953125 0.736328125 0.380859375 0.7265625
5 0.01953125 0.583984375 0.017578125 0.578125 0.017578125 0.56640625 0.01953125 0.564453125 0.025390625 0.564453125 0.029296875 0.5703125 0.02734375 0.580078125 0.021484375 0.583984375
5 0.302734375 0.61328125 0.3046875 0.615234375 0.302734375 0.62890625 0.296875 0.630859375 0.2890625 0.62890625 0.2890625 0.62109375 0.30078125 0.61328125
5 0.291015625 0.640625 0.29296875 0.642578125 0.29296875 0.65234375 0.28515625 0.66015625 0.279296875 0.66015625 0.27734375 0.654296875 0.28125 0.642578125 0.283203125 0.640625 0.2890625 0.640625
5 0.890625 0.830078125 0.8984375 0.8359375 0.90625 0.849609375 0.9140625 0.8515625 0.916015625 0.85546875 0.916015625 0.869140625 0.9140625 0.87109375 0.908203125 0.869140625 0.90234375 0.861328125 0.8984375 0.861328125 0.89453125 0.857421875 0.892578125 0.849609375 0.8828125 0.841796875 0.8828125 0.833984375 0.888671875 0.830078125