4 0.705078125 0.30078125 0.708984375 0.302734375 0.7109375 0.3125 0.701171875 0.33203125 0.697265625 0.322265625 0.697265625 0.306640625 0.703125 0.30078125
4 0.828125 0.44921875 0.833984375 0.44921875 0.837890625 0.453125 0.837890625 0.45703125 0.841796875 0.462890625 0.841796875 0.47265625 0.830078125 0.470703125 0.826171875 0.466796875 0.822265625 0.46875 0.818359375 0.462890625 0.818359375 0.458984375 0.8203125 0.455078125 0.82421875 0.455078125 0.828125 0.451171875
4 0.4921875 0.033203125 0.49609375 0.03515625 0.5 0.04296875 0.498046875 0.048828125 0.5 0.0546875 0.49609375 0.060546875 0.498046875 0.064453125 0.4921875 0.064453125 0.4921875 0.052734375 0.490234375 0.05078125 0.4921875 0.046875 0.4921875 0.041015625 0.490234375 0.0390625 0.4921875 0.03515625
4 0.66015625 0.447265625 0.662109375 0.44921875 0.666015625 0.447265625 0.66796875 0.451171875 0.66796875 0.4609375 0.671875 0.46484375 0.671875 0.470703125 0.67578125 0.474609375 0.67578125 0.484375 0.68359375 0.4921875 0.68359375 0.501953125 0.681640625 0.50390625 0.673828125 0.49609375 0.662109375 0.4765625 0.65625 0.474609375 0.654296875 0.4609375 0.658203125 0.44921875
4 0.69921875 0.376953125 0.70703125 0.388671875 0.70703125 0.392578125 0.701171875 0.396484375 0.69921875 0.404296875 0.681640625 0.3984375 0.677734375 0.400390625 0.681640625 0.3828125 0.685546875 0.37890625 0.697265625 0.376953125
4 0.921875 0.515625 0.927734375 0.515625 0.931640625 0.51953125 0.931640625 0.52734375 0.93359375 0.529296875 0.931640625 0.537109375 0.927734375 0.5390625 0.916015625 0.53515625 0.912109375 0.53125 0.91015625 0.51953125 0.919921875 0.51953125 0.921875 0.517578125
4 0.8515625 0.423828125 0.85546875 0.427734375 0.85546875 0.43359375 0.859375 0.4375 0.86328125 0.435546875 0.861328125 0.439453125 0.869140625 0.44921875 0.873046875 0.4609375 0.87109375 0.46484375 0.8671875 0.46484375 0.865234375 0.462890625 0.859375 0.462890625 0.85546875 0.458984375 0.859375 0.44921875 0.85546875 0.4453125 0.85546875 0.44140625 0.8515625 0.435546875 0.8515625 0.42578125
4 0.71484375 0.41015625 0.720703125 0.421875 0.71484375 0.43359375 0.716796875 0.435546875 0.712890625 0.439453125 0.708984375 0.43359375 0.708984375 0.423828125 0.70703125 0.421875 0.70703125 0.416015625 0.712890625 0.41015625
4 0.71875 0.4609375 0.720703125 0.462890625 0.720703125 0.470703125 0.7265625 0.4765625 0.7265625 0.482421875 0.728515625 0.484375 0.724609375 0.4921875 0.720703125 0.4921875 0.720703125 0.48828125 0.7109375 0.48046875 0.712890625 0.478515625 0.712890625 0.466796875 0.716796875 0.462890625
4 0.80859375 0.6796875 0.814453125 0.68359375 0.81640625 0.681640625 0.828125 0.685546875 0.83203125 0.689453125 0.83203125 0.6953125 0.830078125 0.697265625 0.82421875 0.697265625 0.818359375 0.69140625 0.814453125 0.69140625 0.80859375 0.6875 0.80859375 0.681640625
4 0.453125 0.033203125 0.451171875 0.009765625 0.447265625 0.005859375 0.44921875 0.001953125 0.455078125 0.005859375 0.458984375 0.005859375 0.4609375 0.0234375 0.45703125 0.029296875 0.458984375 0.03125 0.455078125 0.033203125
4 0.685546875 0.337890625 0.689453125 0.3359375 0.6953125 0.337890625 0.69921875 0.349609375 0.6953125 0.361328125 0.689453125 0.36328125 0.68359375 0.357421875 0.68359375 0.3515625 0.681640625 0.349609375 0.681640625 0.345703125 0.685546875 0.33984375
4 0.873046875 0.40625 0.884765625 0.41015625 0.884765625 0.419921875 0.88671875 0.421875 0.8828125 0.43359375 0.875 0.43359375 0.8671875 0.427734375 0.8671875 0.423828125 0.86328125 0.419921875 0.869140625 0.416015625 0.873046875 0.408203125
4 0.75390625 0.501953125 0.755859375 0.50390625 0.765625 0.501953125 0.767578125 0.51171875 0.775390625 0.517578125 0.775390625 0.521484375 0.771484375 0.52734375 0.76171875 0.525390625 0.75390625 0.50390625
4 0.6875 0.408203125 0.693359375 0.412109375 0.693359375 0.421875 0.6953125 0.423828125 0.693359375 0.439453125 0.681640625 0.431640625 0.6796875 0.4140625 0.685546875 0.41015625
4 0.802734375 0.4140625 0.814453125 0.42578125 0.810546875 0.4375 0.806640625 0.439453125 0.802734375 0.4375 0.80078125 0.4296875 0.79296875 0.42578125 0.794921875 0.4140625 0.796875 0.412109375 0.80078125 0.4140625
4 0.8828125 0.716796875 0.88671875 0.720703125 0.892578125 0.71875 0.896484375 0.72265625 0.90625 0.7265625 0.90625 0.73046875 0.91015625 0.732421875 0.91015625 0.736328125 0.90625 0.740234375 0.90234375 0.740234375 0.8984375 0.736328125 0.89453125 0.736328125 0.88671875 0.728515625 0.8828125 0.71875
4 0.6953125 0.513671875 0.697265625 0.513671875 0.697265625 0.517578125 0.703125 0.5234375 0.705078125 0.533203125 0.708984375 0.537109375 0.703125 0.544921875 0.69921875 0.544921875 0.697265625 0.537109375 0.69140625 0.53125 0.693359375 0.525390625 0.69140625 0.5234375 0.6953125 0.515625
4 0.125 0.9375 0.134765625 0.9375 0.134765625 0.943359375 0.119140625 0.96875 0.11328125 0.966796875 0.11328125 0.95703125 0.111328125 0.955078125 0.11328125 0.94921875 0.125 0.939453125
4 0.65625 0.40625 0.654296875 0.400390625 0.654296875 0.396484375 0.658203125 0.390625 0.65625 0.3671875 0.658203125 0.365234375 0.658203125 0.359375 0.6640625 0.35546875 0.671875 0.36328125 0.671875 0.37109375 0.666015625 0.37890625 0.6640625 0.39453125 0.658203125 0.40625
4 0.271959044921875 0.841205064453125 0.280194517578125 0.83508859765625 0.281943185546875 0.829037119140625 0.279317744140625 0.822716013671875 0.27913328515625 0.804459259765625 0.267513421875 0.806299666015625 0.26078040234375 0.81506542578125 0.2585035625 0.821200556640625 0.260518755859375 0.830505576171875 0.271959044921875 0.841205064453125