2 0.555542595703125 0.84755144140625 0.556106455078125 0.826519625 0.5506778515625 0.796557740234375 0.538456236328125 0.7729411953125 0.520752095703125 0.761482673828125 0.506205826171875 0.761677671875 0.4928699765625 0.76959478515625 0.477172916015625 0.79174817578125 0.468792283203125 0.81811434375 0.466267490234375 0.845744736328125 0.47018546875 0.873712783203125 0.479235734375 0.896205791015625 0.49717656640625 0.913420724609375 0.51318342578125 0.91617427734375 0.532088390625 0.90471969140625 0.54255309765625 0.889950763671875 0.55249438671875 0.86462372265625 0.555542595703125 0.84755144140625
5 0.08984375 0.56640625 0.095703125 0.5625 0.1015625 0.5625 0.103515625 0.56640625 0.103515625 0.57421875 0.095703125 0.580078125 0.087890625 0.580078125 0.0859375 0.5703125 0.08984375 0.568359375
5 0.6220703125 0.5439453125 0.013671875 0.0234375
5 0.08203125 0.61328125 0.08203125 0.599609375 0.0859375 0.595703125 0.091796875 0.595703125 0.09375 0.59765625 0.095703125 0.611328125 0.091796875 0.615234375 0.083984375 0.61328125
5 0.703125 0.33984375 0.708984375 0.341796875 0.708984375 0.35546875 0.705078125 0.359375 0.6953125 0.357421875 0.693359375 0.3515625 0.693359375 0.33984375 0.697265625 0.337890625 0.701171875 0.33984375
5 0.73046875 0.5234375 0.728515625 0.51953125 0.728515625 0.505859375 0.7265625 0.50390625 0.728515625 0.498046875 0.734375 0.50390625 0.734375 0.521484375 0.732421875 0.5234375
5 0.7265625 0.525390625 0.724609375 0.515625 0.71875 0.5078125 0.728515625 0.498046875 0.734375 0.50390625 0.734375 0.521484375 0.728515625 0.525390625
5 0.68359375 0.46875 0.689453125 0.474609375 0.689453125 0.482421875 0.681640625 0.494140625 0.673828125 0.48828125 0.67578125 0.478515625 0.68359375 0.470703125
5 0.703125 0.599609375 0.708984375 0.603515625 0.70703125 0.6171875 0.701171875 0.619140625 0.69140625 0.609375 0.697265625 0.6015625 0.701171875 0.6015625
5 0.697265625 0.431640625 0.703125 0.435546875 0.705078125 0.443359375 0.6953125 0.44921875 0.69140625 0.44921875 0.69140625 0.43359375 0.6953125 0.431640625
5 0.724609375 0.517578125 0.71875 0.509765625 0.71875 0.505859375 0.72265625 0.501953125 0.728515625 0.501953125 0.73046875 0.5078125 0.7265625 0.517578125
5 0.107421875 0.546875 0.11328125 0.548828125 0.111328125 0.56640625 0.095703125 0.580078125 0.08984375 0.580078125 0.0859375 0.576171875 0.0859375 0.5703125 0.09765625 0.560546875 0.09765625 0.552734375 0.10546875 0.546875