5 0.3125 0.072265625 0.318359375 0.06640625 0.32421875 0.064453125 0.33203125 0.078125 0.33203125 0.083984375 0.337890625 0.1015625 0.33203125 0.099609375 0.326171875 0.08984375 0.314453125 0.080078125 0.314453125 0.07421875
5 0.0439453125 0.7646484375 0.025390625 0.0234375
5 0.81640625 0.763671875 0.822265625 0.77734375 0.81640625 0.787109375 0.810546875 0.7890625 0.806640625 0.78515625 0.806640625 0.779296875 0.802734375 0.76953125 0.80859375 0.763671875 0.814453125 0.763671875
5 0.8046875 0.603515625 0.8125 0.611328125 0.802734375 0.62109375 0.791015625 0.611328125 0.7890625 0.60546875 0.79296875 0.59765625 0.796875 0.599609375 0.796875 0.603515625 0.80078125 0.607421875 0.8046875 0.60546875
5 0.154296875 0.71875 0.162109375 0.720703125 0.169921875 0.728515625 0.16796875 0.73046875 0.169921875 0.734375 0.166015625 0.740234375 0.16796875 0.7421875 0.16015625 0.748046875 0.15625 0.7421875 0.15625 0.736328125 0.15234375 0.7265625 0.154296875 0.720703125
5 0.75 0.50390625 0.75390625 0.505859375 0.75390625 0.51171875 0.755859375 0.513671875 0.755859375 0.51953125 0.751953125 0.521484375 0.7421875 0.51953125 0.736328125 0.513671875 0.736328125 0.5078125 0.73828125 0.505859375 0.744140625 0.501953125 0.748046875 0.50390625
5 0.14453125 0.7109375 0.150390625 0.71484375 0.150390625 0.724609375 0.146484375 0.7265625 0.14453125 0.732421875 0.138671875 0.734375 0.1328125 0.73046875 0.1328125 0.724609375 0.130859375 0.72265625 0.1328125 0.71484375 0.142578125 0.712890625
5 0.77734375 0.67578125 0.783203125 0.67578125 0.794921875 0.6875 0.79296875 0.693359375 0.78515625 0.6953125 0.775390625 0.68359375 0.77734375 0.677734375
5 0.1484375 0.744140625 0.150390625 0.74609375 0.1640625 0.748046875 0.169921875 0.75390625 0.177734375 0.75390625 0.177734375 0.759765625 0.173828125 0.763671875 0.173828125 0.767578125 0.1640625 0.775390625 0.15625 0.765625 0.14453125 0.7578125 0.142578125 0.748046875 0.146484375 0.74609375
5 0.697265625 0.58984375 0.697265625 0.59375 0.701171875 0.595703125 0.701171875 0.6015625 0.703125 0.603515625 0.701171875 0.611328125 0.689453125 0.603515625 0.689453125 0.587890625 0.693359375 0.5859375 0.6953125 0.58984375
5 0.728515625 0.646484375 0.73828125 0.646484375 0.748046875 0.658203125 0.748046875 0.669921875 0.74609375 0.671875 0.748046875 0.673828125 0.74609375 0.673828125 0.73828125 0.666015625 0.73046875 0.6640625 0.7265625 0.65234375 0.728515625 0.6484375
2 0.547810453125 0.37020301953125 0.546273904296875 0.3405917265625 0.537732876953125 0.308716173828125 0.52451673828125 0.2832696953125 0.505540181640625 0.264543095703125 0.48778266796875 0.256877892578125 0.469900072265625 0.25959896875 0.456751267578125 0.27347494140625 0.448645111328125 0.2953172265625 0.448503662109375 0.3295192421875 0.45595937890625 0.3616856015625 0.4694343359375 0.3880980078125 0.487584400390625 0.408081341796875 0.506944861328125 0.417387587890625 0.520745037109375 0.416795669921875 0.531648171875 0.409733080078125 0.5401718984375 0.39813166796875 0.547810453125 0.37020301953125