2 0.548161041015625 0.446174486328125 0.530938193359375 0.441850515625 0.51168434765625 0.449863052734375 0.495122509765625 0.469502484375 0.482924314453125 0.501925583984375 0.47952088671875 0.54224281640625 0.48352516015625 0.5685197578125 0.495014375 0.596359978515625 0.508097982421875 0.60975340234375 0.527573791015625 0.61527479296875 0.545664974609375 0.607180955078125 0.559684404296875 0.590483373046875 0.573626591796875 0.558182224609375 0.57790323828125 0.522085564453125 0.575278708984375 0.492785470703125 0.564515548828125 0.462916267578125 0.548161041015625 0.446174486328125
4 0.400390625 0.115234375 0.40625 0.11328125 0.4140625 0.123046875 0.4140625 0.13671875 0.412109375 0.138671875 0.40625 0.138671875 0.40234375 0.134765625 0.3984375 0.123046875 0.400390625 0.1171875
4 0.3984375 0.19140625 0.404296875 0.1953125 0.404296875 0.201171875 0.40625 0.203125 0.404296875 0.20703125 0.41015625 0.21484375 0.408203125 0.228515625 0.3984375 0.23046875 0.400390625 0.228515625 0.400390625 0.21484375 0.396484375 0.20703125 0.3984375 0.193359375
4 0.591796875 0.76171875 0.59765625 0.765625 0.599609375 0.76953125 0.59765625 0.771484375 0.603515625 0.779296875 0.6015625 0.794921875 0.59765625 0.794921875 0.59375 0.798828125 0.591796875 0.796875 0.591796875 0.7890625 0.587890625 0.783203125 0.58984375 0.78125 0.591796875 0.763671875
4 0.974609375 0.189453125 0.984375 0.189453125 0.990234375 0.1953125 0.990234375 0.201171875 0.982421875 0.216796875 0.974609375 0.216796875 0.970703125 0.20703125 0.970703125 0.1953125 0.974609375 0.19140625
4 0.326171875 0.2734375 0.328125 0.275390625 0.333984375 0.275390625 0.34375 0.29296875 0.341796875 0.296875 0.328125 0.294921875 0.32421875 0.287109375 0.326171875 0.275390625
4 0.314453125 0.150390625 0.318359375 0.16015625 0.31640625 0.162109375 0.31640625 0.169921875 0.3125 0.17578125 0.310546875 0.17578125 0.30859375 0.16796875 0.30078125 0.15625 0.3046875 0.150390625 0.30859375 0.1484375 0.3125 0.150390625
4 0.998046875 0.21484375 0.998046875 0.224609375 0.99609375 0.224609375 0.998046875 0.22265625 0.998046875 0.216796875
4 0.349609375 0.091796875 0.353515625 0.09375 0.357421875 0.10546875 0.357421875 0.1171875 0.3515625 0.123046875 0.349609375 0.12109375 0.349609375 0.111328125 0.341796875 0.1015625 0.341796875 0.09375 0.34765625 0.09375
4 0.34375 0.025390625 0.341796875 0.0078125 0.3515625 0 0.357421875 0 0.359375 0.001953125 0.357421875 0.005859375 0.359375 0.017578125 0.35546875 0.0234375 0.345703125 0.025390625
4 0.9921875 0.1640625 0.998046875 0.169921875 0.998046875 0.19140625 0.990234375 0.19140625 0.98828125 0.189453125 0.974609375 0.19140625 0.974609375 0.181640625 0.978515625 0.177734375 0.982421875 0.16796875 0.990234375 0.1640625