4 0.212890625 0.40625 0.21875 0.404296875 0.2265625 0.41015625 0.232421875 0.43359375 0.220703125 0.42578125 0.21484375 0.41796875 0.2109375 0.40625
4 0.154296875 0.599609375 0.15625 0.603515625 0.162109375 0.6015625 0.166015625 0.603515625 0.166015625 0.615234375 0.15234375 0.626953125 0.1484375 0.626953125 0.14453125 0.623046875 0.146484375 0.62109375 0.146484375 0.615234375 0.14453125 0.61328125 0.146484375 0.603515625 0.15234375 0.599609375
4 0.31640625 0.05859375 0.322265625 0.064453125 0.322265625 0.0703125 0.326171875 0.07421875 0.326171875 0.080078125 0.328125 0.08203125 0.326171875 0.08984375 0.318359375 0.08203125 0.314453125 0.072265625 0.314453125 0.0625 0.31640625 0.060546875
4 0.310546875 0.533203125 0.3203125 0.53125 0.326171875 0.537109375 0.330078125 0.55078125 0.330078125 0.556640625 0.32421875 0.56640625 0.326171875 0.568359375 0.32421875 0.5703125 0.32421875 0.578125 0.3203125 0.58984375 0.31640625 0.59375 0.314453125 0.587890625 0.310546875 0.5859375 0.31640625 0.5703125 0.3125 0.560546875 0.314453125 0.55859375 0.314453125 0.552734375 0.310546875 0.54296875 0.310546875 0.53515625
4 0.2734375 0.478515625 0.2734375 0.482421875 0.28125 0.490234375 0.26171875 0.50390625 0.259765625 0.50390625 0.255859375 0.49609375 0.248046875 0.498046875 0.248046875 0.486328125 0.25 0.484375 0.248046875 0.48046875 0.251953125 0.4765625 0.2578125 0.4765625 0.259765625 0.474609375 0.26953125 0.474609375 0.271484375 0.478515625
4 0.09375 0.701171875 0.1015625 0.701171875 0.103515625 0.70703125 0.1015625 0.716796875 0.091796875 0.7265625 0.083984375 0.724609375 0.083984375 0.720703125 0.080078125 0.716796875 0.080078125 0.705078125 0.08203125 0.703125 0.091796875 0.705078125 0.09375 0.703125
4 0.11328125 0.59765625 0.115234375 0.599609375 0.119140625 0.59765625 0.12109375 0.591796875 0.119140625 0.58984375 0.119140625 0.58203125 0.123046875 0.58203125 0.123046875 0.58984375 0.125 0.591796875 0.123046875 0.595703125 0.125 0.599609375 0.123046875 0.6015625 0.123046875 0.611328125 0.130859375 0.6171875 0.125 0.626953125 0.119140625 0.630859375 0.115234375 0.630859375 0.111328125 0.623046875 0.1171875 0.603515625 0.11328125 0.599609375
4 0.248046875 0.513671875 0.25390625 0.513671875 0.2578125 0.517578125 0.263671875 0.53125 0.26171875 0.54296875 0.2578125 0.54296875 0.248046875 0.529296875 0.248046875 0.51953125 0.25 0.517578125 0.248046875 0.515625
4 0.265625 0.56640625 0.271484375 0.5703125 0.279296875 0.58203125 0.2734375 0.59765625 0.271484375 0.599609375 0.267578125 0.59765625 0.267578125 0.59375 0.263671875 0.591796875 0.263671875 0.5859375 0.265625 0.583984375 0.263671875 0.5703125 0.265625 0.568359375
4 0.26171875 0.818359375 0.265625 0.818359375 0.263671875 0.822265625 0.265625 0.826171875 0.2578125 0.833984375 0.259765625 0.8359375 0.25390625 0.841796875 0.24609375 0.841796875 0.244140625 0.8359375 0.255859375 0.822265625 0.26171875 0.8203125
4 0.349609375 0.021484375 0.35546875 0.04296875 0.3515625 0.04296875 0.34375 0.03515625 0.34375 0.029296875 0.33984375 0.02734375 0.33984375 0.0234375 0.34765625 0.021484375
4 0.240234375 0.435546875 0.24609375 0.43359375 0.251953125 0.435546875 0.2578125 0.4453125 0.2578125 0.455078125 0.25390625 0.4609375 0.25 0.4609375 0.2421875 0.455078125 0.240234375 0.4375
4 0.099609375 0.580078125 0.1015625 0.583984375 0.107421875 0.583984375 0.107421875 0.5859375 0.10546875 0.587890625 0.10546875 0.595703125 0.095703125 0.60546875 0.087890625 0.6015625 0.087890625 0.59765625 0.083984375 0.59375 0.083984375 0.58203125 0.087890625 0.576171875 0.09375 0.576171875 0.09765625 0.580078125
4 0.23828125 0.623046875 0.240234375 0.625 0.24609375 0.623046875 0.25 0.62890625 0.24609375 0.634765625 0.248046875 0.646484375 0.2421875 0.65234375 0.23828125 0.65234375 0.232421875 0.646484375 0.232421875 0.642578125 0.236328125 0.638671875 0.236328125 0.630859375 0.234375 0.62890625 0.236328125 0.625
4 0.2734375 0.50390625 0.283203125 0.50390625 0.2890625 0.521484375 0.287109375 0.53125 0.283203125 0.53515625 0.279296875 0.53515625 0.279296875 0.53125 0.2734375 0.521484375 0.2734375 0.513671875 0.271484375 0.51171875 0.2734375 0.505859375
4 0.171875 0.55078125 0.177734375 0.55859375 0.177734375 0.5625 0.171875 0.5703125 0.173828125 0.576171875 0.171875 0.580078125 0.166015625 0.580078125 0.15625 0.572265625 0.16015625 0.5625 0.16015625 0.556640625 0.169921875 0.55078125
4 0.203125 0.884765625 0.20703125 0.88671875 0.20703125 0.896484375 0.201171875 0.90625 0.19140625 0.916015625 0.185546875 0.912109375 0.1875 0.900390625 0.1953125 0.892578125 0.1953125 0.888671875 0.19921875 0.890625 0.203125 0.88671875
4 0.30859375 0.609375 0.318359375 0.62109375 0.31640625 0.640625 0.310546875 0.642578125 0.3046875 0.63671875 0.306640625 0.634765625 0.3046875 0.630859375 0.306640625 0.623046875 0.3046875 0.62109375 0.30859375 0.615234375 0.306640625 0.611328125
4 0.271484375 0.451171875 0.2734375 0.44921875 0.2734375 0.443359375 0.275390625 0.44140625 0.28125 0.44140625 0.29296875 0.458984375 0.294921875 0.47265625 0.302734375 0.478515625 0.3046875 0.484375 0.302734375 0.490234375 0.29296875 0.48046875 0.287109375 0.46875 0.2734375 0.458984375 0.2734375 0.453125
4 0.839829314453125 0.748846435546875 0.839762001953125 0.756089470703125 0.8438723125 0.761335525390625 0.85436221484375 0.764076236328125 0.861329046875 0.749045328125 0.85961644921875 0.739115720703125 0.854955646484375 0.733996755859375 0.844887802734375 0.728061109375 0.83277698828125 0.730857111328125 0.839829314453125 0.748846435546875