5 0.23828125 0.287109375 0.24609375 0.298828125 0.240234375 0.310546875 0.23828125 0.30859375 0.236328125 0.310546875 0.232421875 0.30859375 0.228515625 0.298828125 0.232421875 0.2890625 0.236328125 0.287109375
5 0.22265625 0.482421875 0.2265625 0.482421875 0.232421875 0.48828125 0.23828125 0.490234375 0.23828125 0.494140625 0.234375 0.490234375 0.228515625 0.49609375 0.228515625 0.501953125 0.2265625 0.50390625 0.220703125 0.50390625 0.22265625 0.484375
5 0.259765625 0.3046875 0.263671875 0.310546875 0.267578125 0.30859375 0.26953125 0.310546875 0.26953125 0.314453125 0.26171875 0.326171875 0.251953125 0.31640625 0.25390625 0.3046875 0.255859375 0.302734375 0.2578125 0.3046875
5 0.314453125 0.7578125 0.3125 0.767578125 0.3046875 0.775390625 0.298828125 0.775390625 0.296875 0.7734375 0.298828125 0.76171875 0.3046875 0.755859375 0.3125 0.7578125
5 0.251953125 0.318359375 0.259765625 0.326171875 0.259765625 0.33984375 0.2578125 0.341796875 0.25390625 0.33984375 0.248046875 0.345703125 0.24609375 0.328125 0.251953125 0.3203125
5 0.283203125 0.283203125 0.283203125 0.294921875 0.279296875 0.291015625 0.271484375 0.291015625 0.265625 0.287109375 0.255859375 0.28515625 0.251953125 0.279296875 0.255859375 0.265625 0.263671875 0.267578125 0.275390625 0.28125 0.28125 0.283203125
5 0.27734375 0.326171875 0.283203125 0.3359375 0.28125 0.353515625 0.26953125 0.34375 0.265625 0.3359375 0.265625 0.330078125 0.26953125 0.326171875 0.275390625 0.326171875
5 0.80078125 0.90234375 0.796875 0.890625 0.796875 0.88671875 0.80078125 0.880859375 0.806640625 0.880859375 0.810546875 0.88671875 0.810546875 0.900390625 0.806640625 0.904296875 0.802734375 0.90234375
5 0.798828125 0.841796875 0.794921875 0.83203125 0.791015625 0.828125 0.79296875 0.826171875 0.79296875 0.8203125 0.796875 0.81640625 0.802734375 0.8203125 0.80859375 0.830078125 0.806640625 0.83984375 0.80078125 0.841796875
5 0.314453125 0.3984375 0.3203125 0.3984375 0.326171875 0.40625 0.326171875 0.4140625 0.322265625 0.41796875 0.318359375 0.41796875 0.31640625 0.416015625 0.314453125 0.400390625
5 0.3046875 0.31640625 0.31640625 0.32421875 0.318359375 0.349609375 0.3203125 0.3515625 0.318359375 0.353515625 0.3203125 0.375 0.31640625 0.37890625 0.314453125 0.376953125 0.310546875 0.3515625 0.306640625 0.34765625 0.306640625 0.33984375 0.30078125 0.328125 0.3046875 0.318359375
5 0.189453125 0.501953125 0.1953125 0.5078125 0.189453125 0.509765625 0.181640625 0.51953125 0.17578125 0.513671875 0.173828125 0.505859375 0.1796875 0.49609375 0.1875 0.501953125
5 0.2626953125 0.373046875 0.017578125 0.025390625
5 0.236328125 0.71484375 0.2421875 0.712890625 0.244140625 0.708984375 0.248046875 0.7109375 0.24609375 0.716796875 0.24609375 0.7265625 0.248046875 0.728515625 0.24609375 0.73828125 0.23828125 0.73828125 0.236328125 0.716796875
5 0.283203125 0.4091796875 0.01953125 0.033203125
5 0.2109375 0.28125 0.21875 0.29296875 0.220703125 0.302734375 0.19921875 0.287109375 0.19921875 0.28125 0.203125 0.27734375 0.208984375 0.28125
5 0.212890625 0.580078125 0.216796875 0.57421875 0.216796875 0.5703125 0.2265625 0.56640625 0.23046875 0.578125 0.220703125 0.587890625 0.21484375 0.587890625 0.21484375 0.58203125
5 0.169921875 0.65625 0.16796875 0.640625 0.171875 0.634765625 0.1796875 0.630859375 0.181640625 0.625 0.1875 0.626953125 0.1875 0.6328125 0.185546875 0.634765625 0.1875 0.638671875 0.185546875 0.64453125 0.171875 0.65625
5 0.328125 0.65625 0.33203125 0.66796875 0.330078125 0.67578125 0.328125 0.673828125 0.322265625 0.673828125 0.3203125 0.66796875 0.3203125 0.65625 0.322265625 0.654296875 0.326171875 0.65625
5 0.990234375 0.65234375 0.998046875 0.658203125 0.998046875 0.6640625 0.99609375 0.6640625 0.990234375 0.654296875
5 0.26953125 0.48828125 0.267578125 0.484375 0.267578125 0.47265625 0.271484375 0.466796875 0.27734375 0.466796875 0.279296875 0.470703125 0.279296875 0.486328125 0.27734375 0.48828125 0.271484375 0.48828125
5 0.7345301484375 0.101795134765625 0.741591125 0.1038616796875 0.74497805078125 0.096015880859375 0.744720130859375 0.088553169921875 0.741240734375 0.080492822265625 0.73385371875 0.080333 0.73079283203125 0.086272076171875 0.73124540234375 0.09558678515625 0.7345301484375 0.101795134765625
5 0.74883211328125 0.052544337890625 0.747406279296875 0.03396965234375 0.743503515625 0.02689002734375 0.7307441328125 0.0357209140625 0.73220402734375 0.049610884765625 0.741279650390625 0.060827955078125 0.74596587890625 0.060335412109375 0.74883211328125 0.052544337890625
5 0.707347048828125 0.033498908203125 0.707507640625 0.040035623046875 0.7117023828125 0.049893240234375 0.71781930078125 0.052995234375 0.727712451171875 0.051955423828125 0.72654453515625 0.0408434453125 0.722252466796875 0.03005983203125 0.717176931640625 0.0268483828125 0.7099845703125 0.028540556640625 0.707347048828125 0.033498908203125