4 0.80859375 0.509765625 0.82421875 0.51171875 0.826171875 0.515625 0.826171875 0.5234375 0.822265625 0.52734375 0.814453125 0.529296875 0.80859375 0.5234375 0.80859375 0.51171875
4 0.7119140625 0.673828125 0.01953125 0.029296875
4 0.751953125 0.3203125 0.751953125 0.3125 0.76171875 0.30078125 0.767578125 0.30078125 0.76953125 0.302734375 0.76953125 0.3125 0.765625 0.3125 0.75390625 0.3203125
4 0.69921875 0.6484375 0.697265625 0.642578125 0.689453125 0.6328125 0.69140625 0.630859375 0.6953125 0.6328125 0.70703125 0.619140625 0.712890625 0.625 0.720703125 0.625 0.720703125 0.630859375 0.716796875 0.638671875 0.716796875 0.646484375 0.7109375 0.646484375 0.703125 0.650390625 0.701171875 0.6484375
4 0.720703125 0.568359375 0.724609375 0.576171875 0.724609375 0.6015625 0.72265625 0.607421875 0.716796875 0.607421875 0.712890625 0.59765625 0.71484375 0.576171875 0.71875 0.5703125
4 0.681640625 0.494140625 0.685546875 0.494140625 0.689453125 0.5 0.689453125 0.50390625 0.685546875 0.5078125 0.685546875 0.513671875 0.6796875 0.51953125 0.67578125 0.51171875 0.67578125 0.505859375 0.681640625 0.49609375
4 0.728515625 0.6875 0.73828125 0.697265625 0.7421875 0.70703125 0.7421875 0.712890625 0.73828125 0.716796875 0.732421875 0.71484375 0.728515625 0.70703125 0.728515625 0.689453125
4 0.669921875 0.5390625 0.67578125 0.54296875 0.67578125 0.546875 0.673828125 0.548828125 0.673828125 0.556640625 0.669921875 0.5625 0.669921875 0.578125 0.666015625 0.58984375 0.666015625 0.6015625 0.6640625 0.603515625 0.66015625 0.6015625 0.66015625 0.595703125 0.65625 0.58984375 0.658203125 0.56640625 0.669921875 0.541015625
4 0.22265625 0.388671875 0.23046875 0.392578125 0.232421875 0.3984375 0.232421875 0.4140625 0.228515625 0.41796875 0.22265625 0.41796875 0.220703125 0.416015625 0.21875 0.412109375 0.21875 0.392578125 0.220703125 0.390625
4 0.83203125 0.228515625 0.83203125 0.240234375 0.82421875 0.248046875 0.818359375 0.248046875 0.814453125 0.25390625 0.8125 0.25390625 0.8125 0.244140625 0.822265625 0.232421875 0.830078125 0.228515625
4 0.884765625 0.498046875 0.890625 0.50390625 0.890625 0.5078125 0.87890625 0.5234375 0.875 0.5234375 0.87109375 0.53125 0.869140625 0.529296875 0.869140625 0.517578125 0.873046875 0.5078125 0.8828125 0.5
4 0.849609375 0.5078125 0.85546875 0.509765625 0.859375 0.51953125 0.859375 0.53125 0.85546875 0.54296875 0.849609375 0.54296875 0.84375 0.53515625 0.84375 0.529296875 0.849609375 0.51953125 0.849609375 0.509765625
4 0.71484375 0.56640625 0.71484375 0.5625 0.7109375 0.55859375 0.70703125 0.548828125 0.70703125 0.541015625 0.712890625 0.53125 0.720703125 0.537109375 0.720703125 0.560546875 0.71484375 0.568359375
4 0.697265625 0.591796875 0.703125 0.609375 0.703125 0.6171875 0.701171875 0.619140625 0.703125 0.623046875 0.697265625 0.62890625 0.69140625 0.62890625 0.689453125 0.611328125 0.6875 0.609375 0.69140625 0.59375 0.6953125 0.591796875
4 0.796875 0.541015625 0.802734375 0.544921875 0.810546875 0.541015625 0.8125 0.54296875 0.80859375 0.560546875 0.802734375 0.56640625 0.798828125 0.564453125 0.79296875 0.5703125 0.791015625 0.568359375 0.794921875 0.54296875
4 0.033203125 0.369140625 0.044921875 0.37890625 0.052734375 0.37890625 0.0546875 0.380859375 0.0546875 0.38671875 0.052734375 0.388671875 0.041015625 0.388671875 0.0390625 0.390625 0.025390625 0.38671875 0.0234375 0.380859375 0.02734375 0.37109375 0.03125 0.369140625
4 0.7421875 0.482421875 0.75 0.48046875 0.755859375 0.486328125 0.75 0.50390625 0.748046875 0.505859375 0.7421875 0.505859375 0.740234375 0.50390625 0.7421875 0.484375
4 0.669921875 0.634765625 0.671875 0.640625 0.6796875 0.646484375 0.685546875 0.66015625 0.69140625 0.662109375 0.689453125 0.6796875 0.68359375 0.681640625 0.677734375 0.673828125 0.67578125 0.654296875 0.66796875 0.64453125 0.66796875 0.63671875
4 0.2041015625 0.4287109375 0.017578125 0.03125
4 0.880859375 0.41015625 0.876953125 0.408203125 0.873046875 0.412109375 0.869140625 0.412109375 0.87109375 0.3984375 0.876953125 0.390625 0.884765625 0.384765625 0.890625 0.392578125 0.888671875 0.404296875 0.88671875 0.408203125 0.8828125 0.408203125