4 0.5625 0.01171875 0.5703125 0.015625 0.5703125 0.025390625 0.55859375 0.05078125 0.556640625 0.05078125 0.5546875 0.021484375 0.55859375 0.015625 0.55859375 0.009765625 0.560546875 0.01171875
4 0.318359375 0.81640625 0.32421875 0.822265625 0.32421875 0.83984375 0.31640625 0.83984375 0.30859375 0.83203125 0.30859375 0.818359375 0.314453125 0.814453125 0.31640625 0.81640625
4 0.26953125 0.6640625 0.2734375 0.66796875 0.27734375 0.6640625 0.27734375 0.65625 0.28125 0.65625 0.28515625 0.66015625 0.283203125 0.67578125 0.279296875 0.681640625 0.271484375 0.6796875 0.265625 0.673828125 0.26953125 0.666015625
4 0.91796875 0.576171875 0.923828125 0.583984375 0.923828125 0.599609375 0.921875 0.603515625 0.916015625 0.603515625 0.908203125 0.591796875 0.908203125 0.583984375 0.916015625 0.576171875
4 0.3046875 0.552734375 0.30859375 0.560546875 0.306640625 0.564453125 0.294921875 0.572265625 0.291015625 0.572265625 0.2890625 0.55859375 0.296875 0.55078125 0.302734375 0.552734375
4 0.935546875 0.564453125 0.939453125 0.568359375 0.939453125 0.58203125 0.9375 0.583984375 0.927734375 0.58203125 0.919921875 0.57421875 0.923828125 0.56640625 0.93359375 0.564453125
4 0.029296875 0.732421875 0.03515625 0.734375 0.0390625 0.74609375 0.037109375 0.75390625 0.03515625 0.755859375 0.03125 0.75390625 0.029296875 0.73828125 0.02734375 0.736328125 0.029296875 0.734375
4 0.3134765625 0.7373046875 0.01953125 0.0234375
4 0.9228515625 0.6171875 0.037109375 0.03515625
4 0.37109375 0.61328125 0.376953125 0.619140625 0.37890625 0.625 0.37890625 0.6328125 0.37109375 0.642578125 0.369140625 0.640625 0.3671875 0.62109375 0.37109375 0.615234375
4 0.357421875 0.68359375 0.359375 0.6953125 0.34765625 0.712890625 0.345703125 0.712890625 0.33984375 0.703125 0.341796875 0.701171875 0.341796875 0.6953125 0.34765625 0.68359375 0.353515625 0.681640625 0.35546875 0.68359375
2 0.442480439453125 0.3684426953125 0.458197970703125 0.392356431640625 0.46975929296875 0.400656015625 0.482171626953125 0.403963505859375 0.495331541015625 0.400305328125 0.510696556640625 0.38564710546875 0.521660861328125 0.361324529296875 0.5262638515625 0.332387845703125 0.52344765625 0.29988198828125 0.512864341796875 0.26778319140625 0.4985666875 0.249732029296875 0.481960501953125 0.24070733984375 0.46431051953125 0.24361133203125 0.449951662109375 0.256237828125 0.437826056640625 0.279631767578125 0.433171349609375 0.3075816640625 0.43487795703125 0.340145671875 0.442480439453125 0.3684426953125