5 0.845703125 0.25390625 0.85546875 0.26171875 0.853515625 0.263671875 0.85546875 0.267578125 0.8515625 0.275390625 0.841796875 0.27734375 0.837890625 0.2734375 0.8359375 0.265625 0.84375 0.263671875 0.845703125 0.26171875 0.84375 0.259765625 0.845703125 0.255859375
5 0.578125 0.287109375 0.58203125 0.2890625 0.5859375 0.30078125 0.58203125 0.3046875 0.57421875 0.30078125 0.57421875 0.294921875 0.572265625 0.29296875 0.576171875 0.2890625
5 0.76171875 0.2578125 0.76953125 0.26953125 0.767578125 0.28125 0.755859375 0.27734375 0.75390625 0.26171875 0.759765625 0.2578125
5 0.708984375 0.1875 0.712890625 0.189453125 0.712890625 0.19921875 0.708984375 0.20703125 0.705078125 0.2109375 0.701171875 0.2109375 0.69921875 0.20703125 0.6953125 0.208984375 0.693359375 0.205078125 0.701171875 0.201171875 0.703125 0.193359375 0.70703125 0.189453125
5 0.8203125 0.3984375 0.818359375 0.388671875 0.822265625 0.384765625 0.83203125 0.384765625 0.833984375 0.388671875 0.833984375 0.39453125 0.83203125 0.396484375 0.833984375 0.3984375 0.830078125 0.400390625 0.822265625 0.3984375
5 0.80859375 0.521484375 0.810546875 0.5234375 0.814453125 0.521484375 0.81640625 0.5234375 0.822265625 0.5234375 0.826171875 0.529296875 0.82421875 0.53515625 0.826171875 0.537109375 0.822265625 0.541015625 0.818359375 0.541015625 0.810546875 0.53515625 0.8125 0.53125 0.810546875 0.529296875 0.810546875 0.5234375
5 0.75 0.169921875 0.759765625 0.177734375 0.759765625 0.185546875 0.7578125 0.1875 0.759765625 0.189453125 0.755859375 0.1953125 0.748046875 0.193359375 0.73828125 0.18359375 0.748046875 0.171875
5 0.7265625 0.328125 0.732421875 0.330078125 0.732421875 0.337890625 0.736328125 0.34765625 0.734375 0.349609375 0.734375 0.35546875 0.728515625 0.349609375 0.7265625 0.3515625 0.72265625 0.345703125 0.72265625 0.341796875 0.71875 0.3359375 0.724609375 0.3359375 0.7265625 0.330078125
5 0.830078125 0.189453125 0.8359375 0.189453125 0.837890625 0.208984375 0.82421875 0.216796875 0.8203125 0.212890625 0.826171875 0.1953125 0.830078125 0.19140625
5 0.58203125 0.19921875 0.5859375 0.19921875 0.587890625 0.203125 0.587890625 0.212890625 0.5859375 0.21484375 0.587890625 0.220703125 0.58203125 0.220703125 0.578125 0.21875 0.578125 0.212890625 0.576171875 0.2109375 0.58203125 0.201171875
5 0.740234375 0.4375 0.744140625 0.443359375 0.740234375 0.455078125 0.732421875 0.45703125 0.728515625 0.453125 0.724609375 0.455078125 0.72265625 0.451171875 0.724609375 0.4453125 0.73046875 0.4453125 0.740234375 0.439453125
5 0.6640625 0.451171875 0.666015625 0.44921875 0.671875 0.451171875 0.671875 0.455078125 0.67578125 0.458984375 0.673828125 0.466796875 0.66796875 0.470703125 0.6640625 0.458984375 0.666015625 0.453125
5 0.806640625 0.166015625 0.810546875 0.15625 0.82421875 0.15625 0.826171875 0.162109375 0.822265625 0.171875 0.81640625 0.17578125 0.8125 0.17578125 0.80859375 0.173828125 0.80859375 0.16796875
5 0.841796875 0.39453125 0.845703125 0.3984375 0.84375 0.40625 0.83984375 0.41015625 0.837890625 0.404296875 0.841796875 0.396484375
5 0.66796875 0.38671875 0.685546875 0.396484375 0.685546875 0.404296875 0.67578125 0.4140625 0.671875 0.41015625 0.673828125 0.40234375 0.666015625 0.39453125 0.66796875 0.388671875
5 0.7734375 0.17578125 0.779296875 0.1796875 0.783203125 0.1875 0.779296875 0.197265625 0.76953125 0.205078125 0.765625 0.193359375 0.76953125 0.189453125 0.767578125 0.1875 0.7734375 0.177734375
5 0.841796875 0.21484375 0.84765625 0.216796875 0.849609375 0.220703125 0.84765625 0.23046875 0.841796875 0.236328125 0.83203125 0.234375 0.83203125 0.228515625 0.8359375 0.22265625 0.8359375 0.21875 0.841796875 0.216796875
5 0.822265625 0.169921875 0.830078125 0.181640625 0.830078125 0.1875 0.826171875 0.19140625 0.822265625 0.19140625 0.814453125 0.201171875 0.810546875 0.19921875 0.814453125 0.177734375 0.8203125 0.171875
5 0.89453125 0.515625 0.908203125 0.517578125 0.9140625 0.521484375 0.9140625 0.529296875 0.91015625 0.533203125 0.900390625 0.533203125 0.896484375 0.529296875 0.89453125 0.53125 0.892578125 0.52734375 0.89453125 0.517578125
5 0.857421875 0.083984375 0.861328125 0.08984375 0.857421875 0.095703125 0.85546875 0.107421875 0.84765625 0.115234375 0.83984375 0.115234375 0.837890625 0.11328125 0.8359375 0.115234375 0.833984375 0.109375 0.84375 0.095703125 0.84375 0.087890625 0.849609375 0.083984375 0.85546875 0.083984375
5 0.818359375 0.2265625 0.8203125 0.23046875 0.818359375 0.23828125 0.8203125 0.240234375 0.814453125 0.251953125 0.810546875 0.255859375 0.806640625 0.255859375 0.80078125 0.24609375 0.80859375 0.240234375 0.8125 0.23046875 0.81640625 0.228515625
5 0.669921875 0.25390625 0.673828125 0.2578125 0.671875 0.263671875 0.673828125 0.265625 0.669921875 0.26953125 0.671875 0.2734375 0.669921875 0.27734375 0.662109375 0.27734375 0.658203125 0.265625 0.6640625 0.259765625 0.6640625 0.255859375 0.66796875 0.25390625