5 0.28125 0.64453125 0.283203125 0.64453125 0.283203125 0.671875 0.27734375 0.677734375 0.271484375 0.67578125 0.26953125 0.671875 0.26953125 0.666015625 0.28125 0.646484375
5 0.171875 0.4921875 0.1796875 0.498046875 0.1796875 0.50390625 0.181640625 0.505859375 0.1796875 0.509765625 0.173828125 0.5078125 0.166015625 0.513671875 0.158203125 0.501953125 0.158203125 0.490234375 0.16015625 0.48828125 0.166015625 0.48828125 0.169921875 0.4921875
5 0.455078125 0.9375 0.458984375 0.94921875 0.455078125 0.966796875 0.453125 0.96875 0.44921875 0.962890625 0.44921875 0.947265625 0.453125 0.939453125
5 0.322265625 0.4765625 0.330078125 0.486328125 0.3359375 0.501953125 0.345703125 0.515625 0.34375 0.517578125 0.341796875 0.533203125 0.330078125 0.53515625 0.328125 0.505859375 0.32421875 0.494140625 0.318359375 0.48828125 0.322265625 0.478515625
5 0.29296875 0.57421875 0.314453125 0.58203125 0.30859375 0.595703125 0.3046875 0.599609375 0.2890625 0.599609375 0.283203125 0.58984375 0.283203125 0.58203125 0.2890625 0.58203125 0.29296875 0.576171875
5 0.083984375 0.412109375 0.08984375 0.41796875 0.095703125 0.419921875 0.09765625 0.43359375 0.0859375 0.431640625 0.08203125 0.435546875 0.076171875 0.431640625 0.07421875 0.42578125 0.078125 0.4140625 0.08203125 0.412109375
5 0.126953125 0.4921875 0.130859375 0.4921875 0.142578125 0.5 0.140625 0.513671875 0.14453125 0.521484375 0.14453125 0.537109375 0.140625 0.533203125 0.140625 0.5234375 0.13671875 0.51953125 0.134765625 0.525390625 0.134765625 0.51953125 0.13671875 0.517578125 0.126953125 0.505859375 0.125 0.5 0.126953125 0.494140625
5 0.28125 0.537109375 0.28515625 0.5390625 0.28515625 0.544921875 0.287109375 0.546875 0.287109375 0.556640625 0.28515625 0.55859375 0.287109375 0.560546875 0.283203125 0.56640625 0.279296875 0.56640625 0.275390625 0.560546875 0.275390625 0.55078125 0.28125 0.5390625
5 0.287109375 0.4921875 0.2890625 0.494140625 0.2890625 0.5 0.287109375 0.501953125 0.2890625 0.50390625 0.283203125 0.513671875 0.279296875 0.513671875 0.279296875 0.505859375 0.2734375 0.49609375 0.2734375 0.4921875 0.279296875 0.484375 0.28125 0.484375 0.28515625 0.4921875
5 0.19921875 0.265625 0.205078125 0.26953125 0.208984375 0.26953125 0.216796875 0.27734375 0.21875 0.28515625 0.197265625 0.27734375 0.1953125 0.275390625 0.1953125 0.267578125 0.197265625 0.267578125
5 0.482421875 0.998046875 0.484375 0.99609375 0.484375 0.984375 0.490234375 0.974609375 0.4921875 0.974609375 0.4921875 0.998046875 0.484375 0.998046875
5 0.302734375 0.62109375 0.302734375 0.63671875 0.296875 0.642578125 0.291015625 0.642578125 0.2890625 0.640625 0.2890625 0.62109375 0.294921875 0.615234375 0.30078125 0.62109375
5 0.1171875 0.521484375 0.123046875 0.5234375 0.1328125 0.537109375 0.126953125 0.5390625 0.12109375 0.548828125 0.11328125 0.548828125 0.109375 0.544921875 0.109375 0.525390625 0.115234375 0.521484375
5 0.236328125 0.44140625 0.248046875 0.44921875 0.248046875 0.45703125 0.251953125 0.46484375 0.25 0.46875 0.248046875 0.466796875 0.2421875 0.46875 0.23828125 0.46484375 0.23828125 0.458984375 0.232421875 0.455078125 0.232421875 0.447265625 0.236328125 0.443359375
5 0.302734375 0.5390625 0.310546875 0.544921875 0.314453125 0.552734375 0.314453125 0.56640625 0.310546875 0.5703125 0.3046875 0.5703125 0.298828125 0.560546875 0.30078125 0.55859375 0.30078125 0.544921875 0.302734375 0.541015625
5 0.1796875 0.5390625 0.1796875 0.53515625 0.19140625 0.525390625 0.1953125 0.53515625 0.201171875 0.541015625 0.201171875 0.548828125 0.197265625 0.5546875 0.193359375 0.5546875 0.1875 0.55078125 0.181640625 0.5390625
5 0.126953125 0.212890625 0.142578125 0.22265625 0.1484375 0.232421875 0.1484375 0.240234375 0.142578125 0.234375 0.138671875 0.23828125 0.125 0.224609375 0.123046875 0.220703125 0.125 0.21484375
5 0.30859375 0.43359375 0.31640625 0.44921875 0.314453125 0.4609375 0.310546875 0.46484375 0.30078125 0.443359375 0.302734375 0.435546875 0.306640625 0.43359375
5 0.943359375 0.080078125 0.947265625 0.08984375 0.947265625 0.09765625 0.93359375 0.111328125 0.927734375 0.11328125 0.919921875 0.111328125 0.92578125 0.099609375 0.94140625 0.08203125
5 0.333984375 0.576171875 0.337890625 0.58203125 0.337890625 0.5859375 0.33203125 0.59375 0.33203125 0.609375 0.330078125 0.611328125 0.33203125 0.615234375 0.330078125 0.62109375 0.322265625 0.62890625 0.318359375 0.625 0.318359375 0.619140625 0.314453125 0.615234375 0.31640625 0.609375 0.32421875 0.6015625 0.326171875 0.591796875 0.333984375 0.578125
5 0.773221517578125 0.190084708984375 0.764254126953125 0.19518088671875 0.76176778125 0.201007345703125 0.76361325390625 0.207639140625 0.7615606484375 0.225886326171875 0.773381400390625 0.225473537109375 0.7811740859375 0.217548564453125 0.78419773828125 0.211703341796875 0.78332678515625 0.20216769921875 0.773221517578125 0.190084708984375