5 0.873046875 0.154296875 0.87890625 0.16015625 0.876953125 0.166015625 0.861328125 0.17578125 0.85546875 0.177734375 0.853515625 0.17578125 0.85546875 0.16796875 0.8671875 0.15625 0.87109375 0.15625
5 0.916015625 0.34375 0.921875 0.349609375 0.92578125 0.361328125 0.923828125 0.37109375 0.919921875 0.375 0.9140625 0.375 0.904296875 0.369140625 0.900390625 0.369140625 0.89453125 0.361328125 0.89453125 0.35546875 0.896484375 0.353515625 0.904296875 0.35546875 0.90625 0.353515625 0.90625 0.345703125 0.908203125 0.34375 0.9140625 0.34375
5 0.470703125 0.984375 0.470703125 0.998046875 0.462890625 0.998046875 0.46484375 0.986328125 0.46875 0.984375
5 0.748046875 0.30859375 0.755859375 0.3125 0.75390625 0.330078125 0.74609375 0.34375 0.7421875 0.34375 0.740234375 0.326171875 0.748046875 0.310546875
5 0.74609375 0.513671875 0.75390625 0.509765625 0.759765625 0.517578125 0.759765625 0.537109375 0.755859375 0.541015625 0.751953125 0.541015625 0.744140625 0.53125 0.744140625 0.51953125 0.74609375 0.515625
5 0.734375 0.46875 0.740234375 0.470703125 0.7578125 0.46875 0.759765625 0.478515625 0.767578125 0.482421875 0.767578125 0.486328125 0.76171875 0.494140625 0.755859375 0.494140625 0.75390625 0.4921875 0.7421875 0.494140625 0.734375 0.470703125
5 0.5625 0.814453125 0.56640625 0.81640625 0.56640625 0.8203125 0.5703125 0.826171875 0.5703125 0.84375 0.568359375 0.845703125 0.5625 0.84375 0.5625 0.83203125 0.560546875 0.830078125 0.5625 0.81640625
5 0.763671875 0.548828125 0.767578125 0.548828125 0.76953125 0.5546875 0.77734375 0.564453125 0.77734375 0.576171875 0.775390625 0.578125 0.76953125 0.578125 0.763671875 0.572265625 0.763671875 0.55078125
5 0.986328125 0.365234375 0.9921875 0.365234375 0.998046875 0.361328125 0.998046875 0.392578125 0.994140625 0.396484375 0.990234375 0.390625 0.990234375 0.375 0.986328125 0.373046875 0.986328125 0.3671875
5 0.826171875 0.3359375 0.830078125 0.341796875 0.830078125 0.34765625 0.82421875 0.353515625 0.82421875 0.361328125 0.8203125 0.3671875 0.81640625 0.36328125 0.810546875 0.3671875 0.80859375 0.359375 0.81640625 0.341796875 0.82421875 0.3359375
5 0.771484375 0.4462890625 0.015625 0.0390625
5 0.728515625 0.357421875 0.732421875 0.357421875 0.734375 0.37109375 0.7265625 0.376953125 0.7265625 0.384765625 0.720703125 0.400390625 0.720703125 0.40625 0.71484375 0.412109375 0.7109375 0.412109375 0.70703125 0.408203125 0.70703125 0.380859375 0.71484375 0.376953125 0.728515625 0.359375
5 0.845703125 0.396484375 0.8515625 0.404296875 0.85546875 0.404296875 0.861328125 0.396484375 0.869140625 0.408203125 0.869140625 0.412109375 0.86328125 0.4140625 0.853515625 0.423828125 0.845703125 0.421875 0.845703125 0.3984375
5 0.52734375 0.880859375 0.521484375 0.873046875 0.521484375 0.849609375 0.525390625 0.84765625 0.52734375 0.8515625 0.52734375 0.859375 0.53125 0.8671875 0.529296875 0.87890625
5 0.919921875 0.41015625 0.919921875 0.419921875 0.90625 0.427734375 0.90234375 0.427734375 0.8984375 0.431640625 0.8984375 0.4375 0.896484375 0.439453125 0.892578125 0.4375 0.892578125 0.431640625 0.8984375 0.4140625 0.908203125 0.40625 0.9140625 0.40625 0.91796875 0.41015625
5 0.970703125 0.451171875 0.97265625 0.455078125 0.970703125 0.474609375 0.962890625 0.48046875 0.95703125 0.478515625 0.951171875 0.484375 0.94921875 0.4765625 0.95703125 0.470703125 0.95703125 0.455078125 0.96875 0.451171875
5 0.775390625 0.37109375 0.779296875 0.37109375 0.783203125 0.376953125 0.783203125 0.3828125 0.77734375 0.392578125 0.77734375 0.3984375 0.775390625 0.400390625 0.76953125 0.3984375 0.765625 0.388671875 0.767578125 0.3828125 0.775390625 0.373046875
5 0.748046875 0.427734375 0.75 0.451171875 0.748046875 0.453125 0.748046875 0.458984375 0.7421875 0.466796875 0.736328125 0.462890625 0.734375 0.439453125 0.74609375 0.427734375
5 0.958984375 0.115234375 0.9609375 0.1171875 0.9609375 0.123046875 0.955078125 0.134765625 0.947265625 0.13671875 0.943359375 0.142578125 0.939453125 0.13671875 0.935546875 0.14453125 0.93359375 0.14453125 0.93359375 0.1328125 0.947265625 0.119140625 0.95703125 0.115234375
5 0.7734375 0.416015625 0.76953125 0.408203125 0.765625 0.38671875 0.77734375 0.37109375 0.78125 0.373046875 0.783203125 0.37890625 0.77734375 0.396484375 0.779296875 0.3984375 0.779296875 0.41015625 0.7734375 0.41796875
5 0.7109375 0.4609375 0.712890625 0.4609375 0.712890625 0.466796875 0.720703125 0.474609375 0.72265625 0.490234375 0.73046875 0.498046875 0.73046875 0.509765625 0.728515625 0.513671875 0.72265625 0.517578125 0.716796875 0.51171875 0.71484375 0.5078125 0.71484375 0.490234375 0.712890625 0.48828125 0.71484375 0.482421875 0.708984375 0.470703125 0.708984375 0.46484375 0.7109375 0.462890625