4 0.5546875 0.916015625 0.568359375 0.939453125 0.568359375 0.947265625 0.560546875 0.951171875 0.5546875 0.94921875 0.556640625 0.947265625 0.552734375 0.939453125 0.5546875 0.93359375 0.5546875 0.921875 0.552734375 0.91796875
4 0.98828125 0.400390625 0.998046875 0.400390625 0.998046875 0.4140625 0.994140625 0.412109375 0.986328125 0.416015625 0.98828125 0.40234375
4 0.322265625 0.1796875 0.322265625 0.197265625 0.314453125 0.203125 0.30859375 0.19921875 0.30859375 0.18359375 0.314453125 0.1796875 0.3203125 0.1796875
4 0.283203125 0.330078125 0.2890625 0.33984375 0.2890625 0.349609375 0.28515625 0.3515625 0.283203125 0.3515625 0.279296875 0.341796875 0.275390625 0.34375 0.271484375 0.33984375 0.271484375 0.3359375 0.28125 0.330078125
4 0.8828125 0.41796875 0.873046875 0.408203125 0.873046875 0.40234375 0.876953125 0.396484375 0.8828125 0.390625 0.888671875 0.39453125 0.884765625 0.416015625
4 0.296875 0.431640625 0.30078125 0.431640625 0.310546875 0.4375 0.310546875 0.4453125 0.302734375 0.451171875 0.294921875 0.443359375 0.294921875 0.435546875 0.296875 0.43359375
4 0.90234375 0.41015625 0.904296875 0.412109375 0.904296875 0.423828125 0.900390625 0.427734375 0.89453125 0.427734375 0.88671875 0.423828125 0.88671875 0.416015625 0.89453125 0.41015625 0.900390625 0.41015625
4 0.046875 0.28515625 0.046875 0.275390625 0.052734375 0.263671875 0.05859375 0.26953125 0.0546875 0.275390625 0.052734375 0.28515625 0.048828125 0.28515625
4 0.318359375 0.267578125 0.322265625 0.279296875 0.322265625 0.283203125 0.318359375 0.287109375 0.306640625 0.275390625 0.310546875 0.267578125 0.31640625 0.267578125
4 0.873046875 0.380859375 0.873046875 0.376953125 0.888671875 0.365234375 0.892578125 0.3671875 0.89453125 0.376953125 0.904296875 0.38671875 0.90234375 0.39453125 0.900390625 0.396484375 0.89453125 0.396484375 0.884765625 0.390625 0.875 0.380859375
4 0.369140625 0.365234375 0.37890625 0.373046875 0.376953125 0.384765625 0.373046875 0.390625 0.369140625 0.390625 0.3671875 0.38671875 0.369140625 0.384765625 0.3671875 0.380859375 0.3671875 0.369140625 0.369140625 0.3671875
4 0.345703125 0.298828125 0.357421875 0.310546875 0.357421875 0.32421875 0.34765625 0.326171875 0.345703125 0.318359375 0.341796875 0.314453125 0.34375 0.30078125
2 0.46560223046875 0.589594853515625 0.454901080078125 0.597559576171875 0.440559802734375 0.620221025390625 0.43389701171875 0.64685657421875 0.432830638671875 0.677393515625 0.43765151171875 0.703503591796875 0.44940066796875 0.72522316015625 0.463066828125 0.73681827734375 0.47965871484375 0.739250658203125 0.49507682421875 0.73052416796875 0.508183181640625 0.713378537109375 0.5175778125 0.683132423828125 0.519685216796875 0.652631833984375 0.514896658203125 0.625596396484375 0.50422084765625 0.6029878203125 0.489578283203125 0.589505626953125 0.477182841796875 0.586293296875 0.46560223046875 0.589594853515625