2 0.578617009765625 0.43671303515625 0.572468662109375 0.410764318359375 0.555479255859375 0.39114328125 0.541335173828125 0.387877861328125 0.525040509765625 0.393927646484375 0.50742791015625 0.41046603125 0.49450242578125 0.432992376953125 0.484328525390625 0.469890357421875 0.484096876953125 0.49240379296875 0.48898245703125 0.51904214453125 0.500948373046875 0.53652225 0.5189469140625 0.54460222265625 0.537337 0.539036203125 0.557596455078125 0.518203041015625 0.570643259765625 0.4927611953125 0.577833923828125 0.46400501171875 0.578617009765625 0.43671303515625
4 0.22265625 0 0.23046875 0 0.234375 0.00390625 0.232421875 0.005859375 0.23046875 0.01953125 0.228515625 0.01953125 0.220703125 0.013671875 0.22265625 0.01171875 0.220703125 0.009765625 0.220703125 0.00390625 0.22265625 0.001953125
4 0.734375 0.212890625 0.73828125 0.21875 0.736328125 0.220703125 0.73828125 0.224609375 0.728515625 0.236328125 0.728515625 0.2421875 0.72265625 0.251953125 0.720703125 0.251953125 0.72265625 0.25 0.720703125 0.244140625 0.72265625 0.2421875 0.724609375 0.2265625 0.732421875 0.21484375
4 0.4375 0.619140625 0.439453125 0.62109375 0.439453125 0.626953125 0.435546875 0.638671875 0.431640625 0.63671875 0.431640625 0.6328125 0.427734375 0.626953125 0.4296875 0.623046875 0.435546875 0.62109375
4 0.8173828125 0.2255859375 0.029296875 0.046875
4 0.802734375 0.150390625 0.806640625 0.15234375 0.810546875 0.150390625 0.81640625 0.15625 0.814453125 0.162109375 0.794921875 0.17578125 0.794921875 0.166015625 0.802734375 0.15625 0.802734375 0.15234375
4 0.24609375 0.01171875 0.25390625 0.01953125 0.251953125 0.025390625 0.25390625 0.044921875 0.251953125 0.046875 0.24609375 0.04296875 0.23828125 0.02734375 0.23828125 0.017578125 0.236328125 0.015625 0.244140625 0.01171875
4 0.755859375 0.326171875 0.771484375 0.310546875 0.77734375 0.310546875 0.77734375 0.318359375 0.7734375 0.326171875 0.767578125 0.330078125 0.765625 0.328125 0.76171875 0.333984375 0.7578125 0.333984375 0.755859375 0.328125
4 0.748046875 0.13671875 0.75 0.138671875 0.75 0.150390625 0.7421875 0.158203125 0.73828125 0.158203125 0.736328125 0.154296875 0.7421875 0.138671875 0.74609375 0.138671875
4 0.224609375 0.017578125 0.224609375 0.037109375 0.2265625 0.0390625 0.224609375 0.041015625 0.228515625 0.046875 0.2265625 0.052734375 0.220703125 0.05078125 0.220703125 0.044921875 0.21484375 0.0390625 0.216796875 0.037109375 0.212890625 0.033203125 0.212890625 0.021484375 0.21875 0.015625 0.22265625 0.017578125
4 0.828125 0.076171875 0.8359375 0.0859375 0.8359375 0.08984375 0.828125 0.103515625 0.8203125 0.09765625 0.818359375 0.091796875 0.8203125 0.08203125 0.826171875 0.076171875
4 0.2421875 0 0.25 0 0.251953125 0.00390625 0.25 0.0078125 0.251953125 0.013671875 0.25 0.013671875 0.2421875 0.0078125 0.244140625 0.005859375 0.2421875 0.001953125