4 0.6513671875 0.5263671875 0.013671875 0.01953125
4 0.8984375 0.302734375 0.90625 0.310546875 0.900390625 0.3203125 0.892578125 0.326171875 0.88671875 0.322265625 0.88671875 0.3125 0.890625 0.3046875 0.89453125 0.30078125 0.896484375 0.302734375
4 0.6318359375 0.013671875 0.017578125 0.02734375
4 0.875 0.33203125 0.876953125 0.333984375 0.8828125 0.333984375 0.890625 0.328125 0.89453125 0.328125 0.8984375 0.333984375 0.89453125 0.34375 0.89453125 0.349609375 0.892578125 0.3515625 0.88671875 0.3515625 0.880859375 0.34765625 0.876953125 0.34765625 0.873046875 0.33984375 0.873046875 0.333984375
4 0.734375 0.38671875 0.73828125 0.392578125 0.73828125 0.3984375 0.734375 0.40625 0.728515625 0.404296875 0.72265625 0.40625 0.720703125 0.404296875 0.7265625 0.384765625 0.732421875 0.38671875
4 0.796875 0.263671875 0.80078125 0.26171875 0.810546875 0.265625 0.806640625 0.2734375 0.8046875 0.28515625 0.80078125 0.283203125 0.79296875 0.28515625 0.7890625 0.279296875 0.7890625 0.275390625 0.796875 0.265625
4 0.755859375 0.080078125 0.7578125 0.08203125 0.7578125 0.087890625 0.7421875 0.107421875 0.736328125 0.10546875 0.734375 0.107421875 0.732421875 0.10546875 0.734375 0.099609375 0.75390625 0.080078125
4 0.849609375 0.4755859375 0.01953125 0.03125
4 0.6650390625 0.1943359375 0.017578125 0.03515625
4 0.703125 0.298828125 0.705078125 0.30078125 0.705078125 0.310546875 0.697265625 0.318359375 0.69140625 0.318359375 0.6875 0.314453125 0.685546875 0.30078125 0.693359375 0.302734375 0.701171875 0.298828125
4 0.8046875 0.005859375 0.818359375 0.005859375 0.8125 0.013671875 0.810546875 0.021484375 0.80859375 0.01953125 0.80859375 0.01171875 0.8046875 0.0078125
4 0.9736328125 0.0234375 0.025390625 0.037109375
4 0.87890625 0.37109375 0.017578125 0.033203125
4 0.6103515625 0.2890625 0.017578125 0.0234375
4 0.7587890625 0.2060546875 0.021484375 0.03125
4 0.810546875 0.345703125 0.81640625 0.345703125 0.822265625 0.353515625 0.828125 0.353515625 0.8359375 0.34765625 0.841796875 0.349609375 0.841796875 0.35546875 0.837890625 0.361328125 0.818359375 0.365234375 0.80859375 0.380859375 0.802734375 0.380859375 0.80078125 0.375 0.8046875 0.361328125 0.810546875 0.35546875 0.810546875 0.34765625
4 0.83984375 0.162109375 0.837890625 0.158203125 0.83984375 0.150390625 0.8515625 0.130859375 0.85546875 0.130859375 0.859375 0.134765625 0.859375 0.138671875 0.84765625 0.158203125 0.841796875 0.162109375
4 0.6328125 0.345703125 0.64453125 0.341796875 0.64453125 0.357421875 0.634765625 0.3671875 0.6328125 0.365234375 0.6328125 0.353515625 0.630859375 0.3515625 0.6328125 0.34765625
4 0.859375 0.2978515625 0.021484375 0.025390625
4 0.904296875 0.404296875 0.908203125 0.408203125 0.908203125 0.412109375 0.90234375 0.41796875 0.900390625 0.4296875 0.8984375 0.431640625 0.892578125 0.423828125 0.892578125 0.41015625 0.8984375 0.40625 0.90234375 0.40625