2 0.4199120234375 0.21170916015625 0.431515671875 0.2373540546875 0.449586107421875 0.25044826171875 0.464966130859375 0.251047048828125 0.479495404296875 0.243414646484375 0.497308783203125 0.22086160546875 0.50762538671875 0.193449740234375 0.511824955078125 0.164377224609375 0.5092359765625 0.13459120703125 0.50092080078125 0.1103096640625 0.482919443359375 0.091116388671875 0.466159677734375 0.087319423828125 0.44555008984375 0.098383640625 0.433674501953125 0.113419001953125 0.4217665625 0.139645892578125 0.417599349609375 0.157526876953125 0.415837505859375 0.179731560546875 0.4199120234375 0.21170916015625
4 0.892578125 0.462890625 0.896484375 0.46484375 0.8984375 0.47265625 0.88671875 0.482421875 0.8828125 0.482421875 0.876953125 0.474609375 0.880859375 0.46484375 0.890625 0.462890625
4 0.3310546875 0.4755859375 0.015625 0.025390625
4 0.890625 0.447265625 0.888671875 0.431640625 0.89453125 0.42578125 0.90234375 0.427734375 0.904296875 0.4296875 0.904296875 0.435546875 0.90234375 0.44140625 0.896484375 0.447265625 0.892578125 0.447265625
4 0.2265625 0.681640625 0.2265625 0.666015625 0.23046875 0.662109375 0.236328125 0.662109375 0.240234375 0.666015625 0.2421875 0.681640625 0.23828125 0.685546875 0.228515625 0.681640625
4 0.21484375 0.48828125 0.216796875 0.494140625 0.212890625 0.505859375 0.216796875 0.51171875 0.212890625 0.515625 0.208984375 0.513671875 0.20703125 0.5078125 0.20703125 0.494140625 0.212890625 0.48828125
4 0.216796875 0.486328125 0.220703125 0.4921875 0.21875 0.498046875 0.224609375 0.505859375 0.22265625 0.509765625 0.212890625 0.515625 0.208984375 0.509765625 0.20703125 0.494140625 0.2109375 0.48828125 0.21484375 0.48828125
4 0.25390625 0.53515625 0.2578125 0.533203125 0.2578125 0.525390625 0.26171875 0.521484375 0.271484375 0.53125 0.26953125 0.537109375 0.259765625 0.546875 0.255859375 0.544921875 0.25390625 0.537109375
4 0.2490234375 0.4013671875 0.0234375 0.025390625
4 0.251953125 0.5703125 0.25 0.572265625 0.25 0.5859375 0.24609375 0.587890625 0.236328125 0.580078125 0.236328125 0.572265625 0.25 0.5703125
4 0.21484375 0.494140625 0.220703125 0.494140625 0.21875 0.498046875 0.224609375 0.50390625 0.224609375 0.5078125 0.220703125 0.51171875 0.21484375 0.51171875 0.212890625 0.5078125 0.21484375 0.49609375
4 0.896484375 0.46484375 0.8984375 0.470703125 0.8828125 0.486328125 0.8828125 0.4921875 0.876953125 0.498046875 0.8671875 0.498046875 0.865234375 0.494140625 0.869140625 0.484375 0.869140625 0.478515625 0.880859375 0.46484375 0.888671875 0.46484375 0.890625 0.462890625 0.89453125 0.46484375