2 0.46950769921875 0.467627701171875 0.455498748046875 0.4861126171875 0.44602982421875 0.5159144453125 0.444866283203125 0.5524165546875 0.449720107421875 0.57591308203125 0.46139865625 0.6004652109375 0.473832216796875 0.61191990625 0.49165886328125 0.6159769609375 0.507593001953125 0.607826841796875 0.519447986328125 0.5921137421875 0.5304956171875 0.56233946875 0.532646267578125 0.52960048046875 0.5288939375 0.50331376171875 0.517774306640625 0.4768984453125 0.50223235546875 0.462580076171875 0.486494310546875 0.459495953125 0.46950769921875 0.467627701171875
5 0.3603515625 0.1806640625 0.017578125 0.025390625
5 0.359375 0.2734375 0.357421875 0.271484375 0.357421875 0.259765625 0.353515625 0.25390625 0.353515625 0.2421875 0.357421875 0.240234375 0.361328125 0.248046875 0.361328125 0.25390625 0.3671875 0.263671875 0.365234375 0.271484375 0.36328125 0.2734375 0.361328125 0.271484375
5 0.556640625 0.74609375 0.564453125 0.751953125 0.564453125 0.755859375 0.568359375 0.759765625 0.568359375 0.76953125 0.560546875 0.77734375 0.5546875 0.763671875 0.556640625 0.759765625 0.556640625 0.748046875
5 0.875 0.2109375 0.884765625 0.2109375 0.890625 0.21875 0.884765625 0.232421875 0.8828125 0.234375 0.876953125 0.234375 0.87109375 0.228515625 0.87109375 0.22265625 0.875 0.212890625
5 0.298828125 0.31640625 0.302734375 0.32421875 0.310546875 0.33203125 0.30859375 0.337890625 0.30078125 0.337890625 0.29296875 0.33203125 0.29296875 0.318359375 0.296875 0.31640625
5 0.265625 0.21484375 0.265625 0.2109375 0.2734375 0.205078125 0.28125 0.2109375 0.28125 0.21875 0.27734375 0.22265625 0.27734375 0.228515625 0.2734375 0.228515625 0.2734375 0.22265625 0.267578125 0.21484375
5 0.8984375 0.224609375 0.908203125 0.224609375 0.908203125 0.236328125 0.90234375 0.2421875 0.896484375 0.2421875 0.89453125 0.240234375 0.8984375 0.2265625
5 0.306640625 0.15234375 0.310546875 0.154296875 0.314453125 0.166015625 0.3125 0.177734375 0.310546875 0.1796875 0.30859375 0.177734375 0.30859375 0.171875 0.298828125 0.158203125 0.30078125 0.154296875 0.3046875 0.154296875
5 0.30859375 0.06640625 0.310546875 0.068359375 0.3125 0.0859375 0.306640625 0.091796875 0.298828125 0.091796875 0.296875 0.08984375 0.296875 0.07421875 0.306640625 0.068359375
5 0.88671875 0.1875 0.904296875 0.197265625 0.90625 0.19921875 0.90625 0.20703125 0.90234375 0.2109375 0.896484375 0.2109375 0.89453125 0.212890625 0.88671875 0.208984375 0.875 0.2109375 0.875 0.203125 0.880859375 0.1953125 0.880859375 0.19140625 0.884765625 0.189453125
5 0.998046875 0.173828125 0.998046875 0.189453125 0.994140625 0.189453125 0.99609375 0.17578125