4 0.177734375 0.091796875 0.181640625 0.091796875 0.185546875 0.095703125 0.185546875 0.107421875 0.1875 0.109375 0.185546875 0.130859375 0.18359375 0.1328125 0.173828125 0.1328125 0.169921875 0.12890625 0.16796875 0.119140625 0.17578125 0.107421875 0.177734375 0.09375
4 0.181640625 0 0.201171875 0 0.205078125 0.005859375 0.203125 0.009765625 0.203125 0.021484375 0.19921875 0.021484375 0.1953125 0.017578125 0.189453125 0.017578125 0.18359375 0.013671875 0.181640625 0.001953125
4 0.2890625 0 0.30859375 0 0.30859375 0.00390625 0.3046875 0.0078125 0.3046875 0.01171875 0.30078125 0.017578125 0.2890625 0.0078125 0.2890625 0.001953125
4 0.00390625 0.79296875 0.0078125 0.796875 0.0078125 0.80078125 0 0.81640625 0 0.798828125 0.001953125 0.794921875
4 0.146484375 0.87890625 0.14453125 0.884765625 0.14453125 0.900390625 0.142578125 0.90234375 0.142578125 0.916015625 0.138671875 0.91796875 0.134765625 0.91796875 0.130859375 0.9140625 0.12890625 0.904296875 0.125 0.900390625 0.123046875 0.876953125 0.1328125 0.87109375 0.13671875 0.87890625 0.14453125 0.87890625
4 0.15234375 0.81640625 0.154296875 0.818359375 0.154296875 0.826171875 0.150390625 0.830078125 0.150390625 0.8359375 0.146484375 0.83984375 0.146484375 0.84375 0.142578125 0.845703125 0.138671875 0.84375 0.13671875 0.841796875 0.13671875 0.833984375 0.140625 0.82421875 0.150390625 0.818359375
4 0.498046875 0.783203125 0.5 0.7890625 0.498046875 0.791015625 0.498046875 0.806640625 0.494140625 0.8125 0.490234375 0.810546875 0.4921875 0.806640625 0.490234375 0.796875 0.4921875 0.794921875 0.4921875 0.7890625 0.49609375 0.78515625
4 0.419921875 0.828125 0.423828125 0.828125 0.423828125 0.841796875 0.419921875 0.849609375 0.419921875 0.85546875 0.416015625 0.859375 0.412109375 0.8515625 0.412109375 0.833984375 0.419921875 0.830078125
4 0.205078125 0 0.21875 0 0.224609375 0.0078125 0.220703125 0.0234375 0.216796875 0.0234375 0.208984375 0.01171875 0.205078125 0.009765625 0.20703125 0.005859375 0.205078125 0.001953125
4 0.146484375 0 0.14453125 0.005859375 0.146484375 0.021484375 0.140625 0.02734375 0.134765625 0.02734375 0.1328125 0.025390625 0.1328125 0.021484375 0.125 0.005859375 0.130859375 0 0.14453125 0
4 0.091796875 0.923828125 0.09375 0.923828125 0.09375 0.931640625 0.08984375 0.9375 0.08984375 0.9453125 0.0859375 0.953125 0.08203125 0.95703125 0.07421875 0.95703125 0.072265625 0.955078125 0.076171875 0.951171875 0.078125 0.9375 0.083984375 0.935546875 0.08203125 0.9375 0.083984375 0.943359375 0.091796875 0.935546875 0.091796875 0.92578125
4 0.1240234375 -0.0126953125 0.02734375 0.03125
4 0.37109375 0.08203125 0.01953125 0.021484375
4 0.166015625 0.046875 0.171875 0.052734375 0.171875 0.05859375 0.173828125 0.060546875 0.171875 0.06640625 0.166015625 0.068359375 0.16015625 0.07421875 0.154296875 0.06640625 0.15625 0.052734375 0.1640625 0.048828125
4 0.166015625 0.892578125 0.16796875 0.90234375 0.16015625 0.9296875 0.16015625 0.939453125 0.15234375 0.9453125 0.150390625 0.94140625 0.15234375 0.9375 0.150390625 0.92578125 0.154296875 0.919921875 0.154296875 0.90234375 0.158203125 0.89453125 0.162109375 0.890625 0.1640625 0.892578125
4 0.3671875 0.826171875 0.369140625 0.8203125 0.376953125 0.810546875 0.376953125 0.818359375 0.37890625 0.8203125 0.376953125 0.822265625 0.376953125 0.828125 0.373046875 0.8359375 0.369140625 0.8359375 0.369140625 0.828125
4 0.14453125 0.845703125 0.1484375 0.84375 0.150390625 0.837890625 0.154296875 0.841796875 0.15234375 0.84765625 0.154296875 0.849609375 0.154296875 0.86328125 0.15234375 0.865234375 0.15234375 0.87109375 0.146484375 0.876953125 0.138671875 0.876953125 0.134765625 0.869140625 0.142578125 0.859375 0.142578125 0.849609375 0.14453125 0.84765625
4 0.12890625 0.912109375 0.134765625 0.91796875 0.130859375 0.9375 0.123046875 0.943359375 0.1171875 0.943359375 0.115234375 0.939453125 0.119140625 0.921875 0.126953125 0.9140625
4 0.052734375 0.919921875 0.048828125 0.93359375 0.041015625 0.939453125 0.0390625 0.9453125 0.033203125 0.951171875 0.021484375 0.951171875 0.021484375 0.947265625 0.02734375 0.943359375 0.029296875 0.9375 0.041015625 0.923828125 0.041015625 0.916015625 0.044921875 0.9140625 0.044921875 0.921875 0.046875 0.923828125 0.05078125 0.921875