5 0.2265625 0.6640625 0.228515625 0.666015625 0.2265625 0.669921875 0.228515625 0.671875 0.228515625 0.677734375 0.22265625 0.685546875 0.216796875 0.685546875 0.21484375 0.68359375 0.212890625 0.6796875 0.21484375 0.67578125 0.212890625 0.66796875 0.21875 0.6640625 0.224609375 0.6640625
5 0.23046875 0.46875 0.234375 0.47265625 0.232421875 0.478515625 0.236328125 0.482421875 0.2421875 0.482421875 0.240234375 0.486328125 0.23828125 0.484375 0.228515625 0.4921875 0.2265625 0.490234375 0.224609375 0.47265625 0.228515625 0.470703125
5 0.248046875 0.650390625 0.25 0.65234375 0.25 0.658203125 0.25390625 0.66015625 0.25390625 0.66796875 0.248046875 0.666015625 0.240234375 0.671875 0.23828125 0.669921875 0.23828125 0.658203125 0.24609375 0.65234375
5 0.33984375 0.208984375 0.345703125 0.220703125 0.34375 0.22265625 0.345703125 0.228515625 0.3359375 0.2265625 0.33203125 0.22265625 0.330078125 0.2109375 0.333984375 0.20703125 0.337890625 0.208984375
5 0.236328125 0.62890625 0.248046875 0.638671875 0.24609375 0.65234375 0.23828125 0.658203125 0.232421875 0.642578125 0.236328125 0.630859375
5 0.267578125 0.685546875 0.267578125 0.69140625 0.255859375 0.6953125 0.244140625 0.708984375 0.236328125 0.708984375 0.234375 0.70703125 0.236328125 0.693359375 0.240234375 0.689453125 0.251953125 0.689453125 0.265625 0.685546875
5 0.26953125 0.623046875 0.271484375 0.634765625 0.267578125 0.6484375 0.259765625 0.654296875 0.251953125 0.64453125 0.25390625 0.642578125 0.25390625 0.63671875 0.26953125 0.625
5 0.849609375 0.130859375 0.853515625 0.13671875 0.853515625 0.1484375 0.84765625 0.15625 0.84375 0.15625 0.837890625 0.1484375 0.83984375 0.142578125 0.84765625 0.1328125
5 0.841796875 0.193359375 0.84375 0.20703125 0.841796875 0.212890625 0.833984375 0.21875 0.830078125 0.216796875 0.828125 0.20703125 0.83203125 0.19921875 0.83984375 0.193359375
5 0.318359375 0.564453125 0.322265625 0.576171875 0.3125 0.583984375 0.30859375 0.583984375 0.30859375 0.576171875 0.310546875 0.57421875 0.310546875 0.56640625 0.31640625 0.564453125
5 0.306640625 0.603515625 0.310546875 0.60546875 0.30859375 0.62109375 0.306640625 0.623046875 0.30859375 0.625 0.306640625 0.6484375 0.302734375 0.65234375 0.302734375 0.658203125 0.291015625 0.6640625 0.2890625 0.662109375 0.2890625 0.650390625 0.29296875 0.646484375 0.29296875 0.638671875 0.296875 0.63671875 0.296875 0.630859375 0.30078125 0.625 0.306640625 0.60546875
5 0.19921875 0.4609375 0.19921875 0.46484375 0.1953125 0.46484375 0.1875 0.47265625 0.18359375 0.47265625 0.181640625 0.46875 0.1796875 0.462890625 0.181640625 0.455078125 0.189453125 0.451171875 0.197265625 0.4609375
5 0.25 0.59765625 0.259765625 0.595703125 0.259765625 0.60546875 0.251953125 0.6171875 0.248046875 0.6171875 0.244140625 0.61328125 0.244140625 0.60546875 0.25 0.599609375
5 0.2734375 0.236328125 0.27734375 0.240234375 0.275390625 0.244140625 0.27734375 0.25 0.2734375 0.25390625 0.275390625 0.267578125 0.265625 0.26171875 0.263671875 0.2578125 0.265625 0.2421875 0.271484375 0.23828125
5 0.27734375 0.55859375 0.283203125 0.560546875 0.28125 0.564453125 0.28515625 0.572265625 0.283203125 0.578125 0.27734375 0.583984375 0.275390625 0.58203125 0.26953125 0.5859375 0.267578125 0.5859375 0.265625 0.580078125 0.275390625 0.568359375 0.275390625 0.5625 0.27734375 0.560546875
5 0.19140625 0.67578125 0.193359375 0.677734375 0.205078125 0.669921875 0.205078125 0.67578125 0.201171875 0.677734375 0.1953125 0.6875 0.19140625 0.69140625 0.18359375 0.69140625 0.181640625 0.689453125 0.181640625 0.68359375 0.189453125 0.677734375
5 0.23046875 0.3828125 0.244140625 0.396484375 0.2421875 0.404296875 0.23828125 0.408203125 0.23046875 0.404296875 0.228515625 0.390625 0.2265625 0.388671875 0.23046875 0.384765625
5 0.19140625 0.314453125 0.1953125 0.314453125 0.203125 0.3203125 0.20703125 0.333984375 0.205078125 0.34375 0.203125 0.345703125 0.19921875 0.34375 0.19921875 0.33984375 0.1875 0.328125 0.1875 0.3203125 0.19140625 0.31640625
5 0.34375 0.3125 0.349609375 0.310546875 0.353515625 0.3125 0.3515625 0.318359375 0.353515625 0.32421875 0.34765625 0.330078125 0.341796875 0.330078125 0.33984375 0.32421875 0.34375 0.314453125
5 0.27734375 0.490234375 0.283203125 0.494140625 0.28125 0.505859375 0.27734375 0.51171875 0.271484375 0.51171875 0.26953125 0.5078125 0.271484375 0.50390625 0.26953125 0.49609375 0.275390625 0.490234375
5 0.702351462890625 0.93804962890625 0.703388033203125 0.930654759765625 0.70083976953125 0.92249791015625 0.6936014609375 0.92381505859375 0.68968576171875 0.92964605078125 0.688262017578125 0.93886242578125 0.690685333984375 0.945088916015625 0.698048587890625 0.945702125 0.702351462890625 0.93804962890625
5 0.69931736328125 0.992614912109375 0.70267696875 0.974291017578125 0.700640826171875 0.966243021484375 0.69603175390625 0.965263333984375 0.68583334375 0.975470294921875 0.682929548828125 0.98913157421875 0.69469595703125 0.99924780078125 0.69931736328125 0.992614912109375
5 0.679288408203125 0.983598125 0.681611443359375 0.9726691015625 0.6718811796875 0.97060087109375 0.6654735234375 0.97304648046875 0.660271359375 0.982411626953125 0.659428375 0.98889574609375 0.661533158203125 0.994102630859375 0.668509240234375 0.99653734375 0.673892658203125 0.9938740234375 0.679288408203125 0.983598125