2 0.47062493359375 0.1823251953125 0.4696890625 0.151234591796875 0.46465922265625 0.130340072265625 0.4579867578125 0.113929740234375 0.442670771484375 0.09073632421875 0.429073609375 0.078203482421875 0.407743052734375 0.070775833984375 0.392326705078125 0.076928654296875 0.378048009765625 0.097941822265625 0.373777486328125 0.12233937890625 0.375800037109375 0.151116783203125 0.38419133203125 0.1781876875 0.398167884765625 0.202751015625 0.418563625 0.22155027734375 0.433575884765625 0.226626861328125 0.44815830859375 0.223730525390625 0.46342279296875 0.2085192890625 0.47062493359375 0.1823251953125
5 0.056640625 0.494140625 0.064453125 0.494140625 0.072265625 0.5 0.072265625 0.509765625 0.0703125 0.51171875 0.0625 0.51171875 0.052734375 0.505859375 0.052734375 0.498046875 0.056640625 0.49609375
5 0.58984375 0.41015625 0.59765625 0.4140625 0.6015625 0.419921875 0.599609375 0.4296875 0.595703125 0.431640625 0.58984375 0.42578125 0.587890625 0.419921875 0.587890625 0.4140625 0.58984375 0.412109375
5 0.05078125 0.4609375 0.0546875 0.462890625 0.056640625 0.46875 0.0546875 0.474609375 0.056640625 0.478515625 0.0546875 0.48046875 0.048828125 0.48046875 0.04296875 0.4765625 0.041015625 0.470703125 0.041015625 0.466796875 0.048828125 0.4609375
5 0.720703125 0.5859375 0.7265625 0.6015625 0.720703125 0.603515625 0.71875 0.607421875 0.712890625 0.607421875 0.708984375 0.6015625 0.708984375 0.58984375 0.71875 0.5859375
5 0.70703125 0.42578125 0.708984375 0.423828125 0.70703125 0.41796875 0.7109375 0.416015625 0.71484375 0.419921875 0.716796875 0.4375 0.71484375 0.44140625 0.7109375 0.44140625 0.7109375 0.4296875 0.708984375 0.427734375
5 0.703125 0.439453125 0.701171875 0.43359375 0.703125 0.431640625 0.703125 0.423828125 0.705078125 0.421875 0.703125 0.41796875 0.705078125 0.416015625 0.7109375 0.416015625 0.71484375 0.419921875 0.71484375 0.42578125 0.716796875 0.427734375 0.716796875 0.4375 0.712890625 0.44140625 0.705078125 0.439453125
5 0.662109375 0.458984375 0.666015625 0.45703125 0.671875 0.458984375 0.671875 0.462890625 0.677734375 0.470703125 0.677734375 0.474609375 0.673828125 0.48046875 0.66015625 0.46875 0.662109375 0.466796875 0.66015625 0.46484375 0.662109375 0.4609375
5 0.66015625 0.326171875 0.66796875 0.330078125 0.669921875 0.3359375 0.66796875 0.345703125 0.66015625 0.345703125 0.65234375 0.33984375 0.65234375 0.3359375 0.658203125 0.328125
5 0.689453125 0.498046875 0.6953125 0.501953125 0.69921875 0.5 0.701171875 0.5078125 0.69140625 0.517578125 0.6875 0.513671875 0.6875 0.5078125 0.685546875 0.505859375 0.685546875 0.5 0.6875 0.5
5 0.705078125 0.421875 0.712890625 0.435546875 0.7109375 0.439453125 0.703125 0.439453125 0.701171875 0.4296875 0.705078125 0.423828125
5 0.056640625 0.494140625 0.068359375 0.498046875 0.0703125 0.49609375 0.08203125 0.5078125 0.087890625 0.517578125 0.0859375 0.5234375 0.072265625 0.525390625 0.0703125 0.515625 0.052734375 0.50390625 0.052734375 0.498046875 0.056640625 0.49609375