5 0.08984375 0.818359375 0.091796875 0.80078125 0.087890625 0.796875 0.087890625 0.787109375 0.08984375 0.78125 0.095703125 0.77734375 0.1015625 0.77734375 0.107421875 0.787109375 0.10546875 0.7890625 0.10546875 0.80078125 0.1015625 0.8046875 0.1015625 0.810546875 0.099609375 0.814453125 0.091796875 0.818359375
5 0.0888671875 0.904296875 0.02734375 0.029296875
5 0.19140625 0.9306640625 0.025390625 0.033203125
5 0.02734375 0.939453125 0.01953125 0.9296875 0.01953125 0.92578125 0.0234375 0.919921875 0.02734375 0.916015625 0.03515625 0.9140625 0.03515625 0.9296875 0.029296875 0.9375
5 0.046875 0.056640625 0.052734375 0.056640625 0.0546875 0.060546875 0.0625 0.060546875 0.06640625 0.076171875 0.0703125 0.08203125 0.0703125 0.09375 0.06640625 0.095703125 0.0625 0.083984375 0.048828125 0.072265625 0.046875 0.05859375
5 0.21484375 0.0244140625 0.029296875 0.048828125
5 0.216796875 0.103515625 0.205078125 0.091796875 0.205078125 0.078125 0.2109375 0.07421875 0.21484375 0.076171875 0.21875 0.09765625 0.220703125 0.099609375 0.21875 0.1015625
5 0.544921875 0.20703125 0.54296875 0.1953125 0.546875 0.181640625 0.55078125 0.18359375 0.548828125 0.20703125 0.546875 0.20703125
5 0.482421875 0.1171875 0.486328125 0.125 0.484375 0.150390625 0.474609375 0.142578125 0.474609375 0.13671875 0.478515625 0.1328125 0.478515625 0.12109375 0.48046875 0.119140625
5 0.111328125 0.89453125 0.115234375 0.89453125 0.119140625 0.8984375 0.1171875 0.90234375 0.119140625 0.91015625 0.11328125 0.9140625 0.109375 0.921875 0.1015625 0.9296875 0.095703125 0.931640625 0.091796875 0.927734375 0.09375 0.91796875 0.09765625 0.9140625 0.1015625 0.904296875 0.111328125 0.896484375
5 0.037109375 0.87109375 0.04296875 0.876953125 0.041015625 0.90625 0.03515625 0.900390625 0.029296875 0.900390625 0.02734375 0.90234375 0.0234375 0.896484375 0.0234375 0.88671875 0.02734375 0.884765625 0.02734375 0.87890625 0.03515625 0.873046875
5 0.001953125 0.921875 0.001953125 0.9140625 0.015625 0.8984375 0.025390625 0.90625 0.025390625 0.91015625 0.013671875 0.921875 0.009765625 0.923828125 0.00390625 0.921875
5 0.044921875 0.943359375 0.048828125 0.94921875 0.048828125 0.953125 0.037109375 0.953125 0.03515625 0.951171875 0.03515625 0.9453125 0.037109375 0.943359375 0.04296875 0.943359375
5 0.283203125 0.86328125 0.283203125 0.87109375 0.27734375 0.87890625 0.267578125 0.87890625 0.265625 0.87109375 0.2734375 0.861328125 0.279296875 0.861328125 0.28125 0.86328125
5 0.00390625 0.94921875 0.00390625 0.943359375 0.0078125 0.935546875 0.017578125 0.9296875 0.0234375 0.93359375 0.025390625 0.939453125 0.0234375 0.9453125 0.015625 0.94921875 0.005859375 0.94921875
5 0.0703125 0.833984375 0.080078125 0.841796875 0.078125 0.84375 0.078125 0.8515625 0.072265625 0.859375 0.068359375 0.859375 0.0625 0.853515625 0.060546875 0.84765625 0.060546875 0.841796875 0.068359375 0.833984375
5 0.23828125 0 0.248046875 0 0.25 0.005859375 0.248046875 0.01171875 0.248046875 0.02734375 0.244140625 0.033203125 0.23828125 0.033203125 0.23828125 0.025390625 0.236328125 0.0234375 0.23828125 0.001953125
5 0.43359375 0.154296875 0.4296875 0.150390625 0.4296875 0.1328125 0.43359375 0.12890625 0.4375 0.13671875 0.4375 0.150390625 0.435546875 0.15234375
5 0.21875 0.04296875 0.224609375 0.044921875 0.224609375 0.048828125 0.228515625 0.0546875 0.228515625 0.064453125 0.224609375 0.0703125 0.22265625 0.08203125 0.21875 0.083984375 0.21875 0.080078125 0.21484375 0.07421875 0.21484375 0.060546875 0.2109375 0.052734375 0.2109375 0.046875 0.216796875 0.04296875
5 0.208984375 0 0.220703125 0 0.21484375 0.00390625 0.208984375 0.001953125