4 0.181640625 0.712890625 0.185546875 0.71875 0.185546875 0.728515625 0.1796875 0.73828125 0.173828125 0.73828125 0.16796875 0.73046875 0.171875 0.716796875 0.1796875 0.712890625
4 0.099609375 0.50390625 0.10546875 0.50390625 0.107421875 0.509765625 0.115234375 0.51953125 0.109375 0.529296875 0.10546875 0.53125 0.1015625 0.529296875 0.09765625 0.521484375 0.099609375 0.505859375
4 0.75390625 0.728515625 0.759765625 0.740234375 0.759765625 0.748046875 0.748046875 0.759765625 0.744140625 0.755859375 0.744140625 0.748046875 0.74609375 0.74609375 0.744140625 0.734375 0.751953125 0.728515625
4 0.193359375 0.203125 0.205078125 0.21484375 0.203125 0.21875 0.20703125 0.224609375 0.20703125 0.232421875 0.205078125 0.234375 0.19921875 0.228515625 0.193359375 0.2265625 0.1875 0.212890625 0.1875 0.20703125 0.19140625 0.205078125
4 0.197265625 0.74609375 0.19921875 0.744140625 0.197265625 0.736328125 0.203125 0.728515625 0.21875 0.7265625 0.220703125 0.73046875 0.212890625 0.74609375 0.205078125 0.751953125 0.201171875 0.751953125 0.19921875 0.748046875
4 0.185546875 0.671875 0.189453125 0.67578125 0.1953125 0.67578125 0.197265625 0.673828125 0.19921875 0.67578125 0.19921875 0.6875 0.197265625 0.689453125 0.19921875 0.693359375 0.193359375 0.69921875 0.193359375 0.703125 0.19921875 0.70703125 0.1953125 0.70703125 0.18359375 0.689453125 0.18359375 0.673828125
4 0.19921875 0.732421875 0.2109375 0.728515625 0.21875 0.71875 0.224609375 0.71875 0.232421875 0.712890625 0.23046875 0.724609375 0.216796875 0.736328125 0.216796875 0.740234375 0.212890625 0.74609375 0.20703125 0.75 0.201171875 0.75 0.19921875 0.748046875 0.19921875 0.734375
4 0.185546875 0.671875 0.189453125 0.67578125 0.1953125 0.67578125 0.197265625 0.673828125 0.19921875 0.67578125 0.19921875 0.689453125 0.205078125 0.697265625 0.203125 0.70703125 0.19921875 0.7109375 0.1953125 0.7109375 0.185546875 0.697265625 0.185546875 0.69140625 0.18359375 0.689453125 0.185546875 0.677734375 0.18359375 0.673828125
4 0.095703125 0.46484375 0.099609375 0.46484375 0.10546875 0.47265625 0.111328125 0.47265625 0.109375 0.482421875 0.103515625 0.48828125 0.09765625 0.48828125 0.09375 0.4765625 0.09375 0.46875 0.095703125 0.466796875
4 0.203125 0.625 0.203125 0.638671875 0.197265625 0.65625 0.19140625 0.65625 0.1875 0.650390625 0.189453125 0.6484375 0.189453125 0.638671875 0.201171875 0.626953125
4 0.232421875 0.318359375 0.23828125 0.318359375 0.2421875 0.322265625 0.24609375 0.333984375 0.24609375 0.341796875 0.2421875 0.34375 0.23046875 0.330078125 0.23046875 0.322265625 0.232421875 0.3203125
4 0.251953125 0.58984375 0.25 0.57421875 0.25390625 0.56640625 0.259765625 0.5625 0.263671875 0.5703125 0.263671875 0.58203125 0.251953125 0.591796875
4 0.931640625 0.822265625 0.9375 0.828125 0.9609375 0.83203125 0.958984375 0.8515625 0.951171875 0.8515625 0.947265625 0.84765625 0.943359375 0.84765625 0.93359375 0.837890625 0.93359375 0.833984375 0.9296875 0.830078125 0.9296875 0.82421875
4 0.11328125 0.3125 0.119140625 0.314453125 0.126953125 0.330078125 0.126953125 0.33984375 0.123046875 0.341796875 0.12109375 0.353515625 0.119140625 0.3515625 0.119140625 0.345703125 0.111328125 0.333984375 0.111328125 0.326171875 0.109375 0.32421875 0.11328125 0.314453125
4 0.21484375 0.580078125 0.220703125 0.583984375 0.21875 0.587890625 0.22265625 0.591796875 0.22265625 0.6015625 0.208984375 0.615234375 0.203125 0.611328125 0.203125 0.607421875 0.20703125 0.6015625 0.20703125 0.591796875 0.212890625 0.5859375 0.212890625 0.58203125
4 0.220703125 0.65234375 0.22265625 0.658203125 0.22265625 0.67578125 0.220703125 0.681640625 0.2109375 0.689453125 0.20703125 0.68359375 0.20703125 0.66796875 0.2109375 0.6640625 0.21484375 0.654296875 0.21875 0.65234375
4 0.2587890625 0.6494140625 0.0234375 0.076171875
4 0.15625 0.73046875 0.158203125 0.73046875 0.158203125 0.736328125 0.15234375 0.751953125 0.142578125 0.759765625 0.13671875 0.755859375 0.140625 0.744140625 0.15625 0.732421875
4 0.111328125 0.548828125 0.1171875 0.548828125 0.125 0.560546875 0.123046875 0.57421875 0.115234375 0.57421875 0.111328125 0.568359375 0.111328125 0.556640625 0.109375 0.5546875 0.111328125 0.55078125
4 0.189453125 0.517578125 0.19140625 0.515625 0.19140625 0.509765625 0.193359375 0.5078125 0.19921875 0.5078125 0.205078125 0.515625 0.203125 0.53515625 0.201171875 0.537109375 0.193359375 0.533203125 0.19140625 0.51953125
4 0.064453125 0.41015625 0.06640625 0.412109375 0.068359375 0.41015625 0.07421875 0.41015625 0.080078125 0.41796875 0.08203125 0.439453125 0.080078125 0.44140625 0.076171875 0.43359375 0.068359375 0.43359375 0.064453125 0.4296875 0.064453125 0.42578125 0.060546875 0.419921875 0.0625 0.412109375