5 0.71875 0.30859375 0.71875 0.31640625 0.720703125 0.318359375 0.716796875 0.328125 0.7109375 0.333984375 0.712890625 0.337890625 0.708984375 0.337890625 0.70703125 0.333984375 0.70703125 0.3125 0.7109375 0.30859375 0.716796875 0.30859375
5 0.82421875 0.46484375 0.828125 0.466796875 0.833984375 0.458984375 0.837890625 0.458984375 0.845703125 0.470703125 0.845703125 0.484375 0.841796875 0.484375 0.83203125 0.48046875 0.828125 0.4765625 0.826171875 0.478515625 0.822265625 0.470703125 0.82421875 0.466796875
5 0.51171875 0.0625 0.509765625 0.05859375 0.509765625 0.05078125 0.51171875 0.048828125 0.509765625 0.0390625 0.51171875 0.033203125 0.515625 0.03515625 0.51953125 0.04296875 0.517578125 0.05859375 0.513671875 0.0625
5 0.662109375 0.455078125 0.671875 0.453125 0.671875 0.4609375 0.67578125 0.466796875 0.67578125 0.478515625 0.6796875 0.482421875 0.6796875 0.490234375 0.6875 0.498046875 0.6875 0.505859375 0.681640625 0.5078125 0.66796875 0.484375 0.66015625 0.478515625 0.66015625 0.466796875 0.658203125 0.46484375 0.662109375 0.45703125
5 0.708984375 0.384765625 0.71484375 0.400390625 0.7109375 0.400390625 0.705078125 0.41015625 0.701171875 0.41015625 0.697265625 0.40625 0.685546875 0.40625 0.685546875 0.3984375 0.689453125 0.392578125 0.689453125 0.38671875 0.693359375 0.384765625 0.70703125 0.384765625
5 0.912109375 0.53125 0.921875 0.533203125 0.9296875 0.529296875 0.93359375 0.53125 0.935546875 0.537109375 0.93359375 0.55078125 0.931640625 0.552734375 0.92578125 0.552734375 0.921875 0.548828125 0.9140625 0.546875 0.912109375 0.533203125
5 0.857421875 0.43359375 0.861328125 0.439453125 0.86328125 0.44921875 0.865234375 0.451171875 0.8671875 0.447265625 0.8671875 0.453125 0.87890625 0.470703125 0.876953125 0.4765625 0.873046875 0.478515625 0.861328125 0.47265625 0.859375 0.46875 0.86328125 0.462890625 0.86328125 0.45703125 0.857421875 0.44921875 0.85546875 0.435546875
5 0.716796875 0.4453125 0.71484375 0.431640625 0.712890625 0.4296875 0.712890625 0.423828125 0.716796875 0.416015625 0.720703125 0.416015625 0.724609375 0.423828125 0.724609375 0.435546875 0.71875 0.4453125
5 0.720703125 0.46875 0.724609375 0.46875 0.724609375 0.474609375 0.73046875 0.484375 0.728515625 0.5 0.716796875 0.48828125 0.716796875 0.4765625 0.720703125 0.470703125
5 0.8046875 0.689453125 0.828125 0.69921875 0.828125 0.70703125 0.82421875 0.708984375 0.810546875 0.701171875 0.8046875 0.6953125 0.8046875 0.69140625
5 0.470703125 0 0.48046875 0.005859375 0.478515625 0.01171875 0.48046875 0.013671875 0.48046875 0.0234375 0.4765625 0.033203125 0.474609375 0.033203125 0.470703125 0.001953125
5 0.703125 0.34375 0.70703125 0.3515625 0.70703125 0.361328125 0.701171875 0.369140625 0.697265625 0.369140625 0.69140625 0.361328125 0.69140625 0.349609375 0.693359375 0.345703125 0.6953125 0.34375 0.701171875 0.34375
5 0.87890625 0.419921875 0.88671875 0.419921875 0.890625 0.423828125 0.890625 0.435546875 0.892578125 0.4375 0.892578125 0.44140625 0.888671875 0.447265625 0.8828125 0.447265625 0.8671875 0.43359375 0.87890625 0.421875
5 0.76953125 0.51171875 0.771484375 0.521484375 0.77734375 0.525390625 0.77734375 0.53125 0.7734375 0.53515625 0.763671875 0.53515625 0.76171875 0.525390625 0.7578125 0.51953125 0.7578125 0.513671875 0.759765625 0.51171875 0.763671875 0.509765625 0.767578125 0.51171875
5 0.689453125 0.416015625 0.6953125 0.4140625 0.697265625 0.416015625 0.69921875 0.4296875 0.701171875 0.431640625 0.69921875 0.4453125 0.697265625 0.447265625 0.689453125 0.439453125 0.685546875 0.431640625 0.685546875 0.423828125 0.689453125 0.41796875
5 0.80078125 0.423828125 0.814453125 0.42578125 0.8203125 0.435546875 0.81640625 0.447265625 0.80859375 0.44921875 0.80859375 0.443359375 0.798828125 0.435546875 0.80078125 0.42578125
5 0.87890625 0.73046875 0.884765625 0.734375 0.890625 0.732421875 0.904296875 0.744140625 0.904296875 0.751953125 0.890625 0.75 0.87890625 0.73828125 0.87890625 0.732421875
5 0.697265625 0.521484375 0.705078125 0.529296875 0.70703125 0.5390625 0.7109375 0.54296875 0.705078125 0.55078125 0.6953125 0.54296875 0.6953125 0.525390625 0.697265625 0.5234375
5 0.123046875 0.923828125 0.125 0.923828125 0.12109375 0.9296875 0.12109375 0.93359375 0.11328125 0.943359375 0.111328125 0.94921875 0.107421875 0.953125 0.103515625 0.953125 0.099609375 0.94921875 0.1015625 0.935546875 0.107421875 0.927734375 0.12109375 0.921875
5 0.662109375 0.41015625 0.662109375 0.400390625 0.666015625 0.39453125 0.6640625 0.375 0.666015625 0.373046875 0.666015625 0.365234375 0.669921875 0.361328125 0.67578125 0.361328125 0.677734375 0.36328125 0.6796875 0.376953125 0.673828125 0.384765625 0.669921875 0.40234375 0.666015625 0.40625 0.666015625 0.41015625 0.6640625 0.41015625
5 0.264552107421875 0.83346081640625 0.272996025390625 0.82763548828125 0.2749548203125 0.821648724609375 0.272551583984375 0.815239841796875 0.273004388671875 0.7969877734375 0.261327375 0.79842153125 0.254292537109375 0.806946970703125 0.25180296875 0.81299890625 0.253492197265625 0.8223685859375 0.264552107421875 0.83346081640625