4 0.2216796875 0.96484375 0.02734375 0.029296875
4 0.046875 0.533203125 0.048828125 0.53515625 0.046875 0.548828125 0.041015625 0.548828125 0.0390625 0.544921875 0.033203125 0.552734375 0.029296875 0.55078125 0.02734375 0.544921875 0.029296875 0.53515625 0.0390625 0.529296875 0.044921875 0.533203125
4 0.31640625 0.625 0.3203125 0.630859375 0.318359375 0.6328125 0.318359375 0.640625 0.314453125 0.640625 0.30859375 0.64453125 0.306640625 0.630859375 0.314453125 0.625
4 0.119140625 0.564453125 0.126953125 0.564453125 0.12890625 0.5703125 0.12890625 0.58203125 0.123046875 0.58984375 0.119140625 0.58984375 0.115234375 0.583984375 0.115234375 0.5703125 0.119140625 0.56640625
4 0.134765625 0.681640625 0.13671875 0.669921875 0.1484375 0.66015625 0.15625 0.66796875 0.16015625 0.66796875 0.16015625 0.671875 0.150390625 0.673828125 0.140625 0.681640625 0.13671875 0.681640625
4 0.109375 0.419921875 0.115234375 0.41796875 0.123046875 0.421875 0.123046875 0.427734375 0.119140625 0.435546875 0.11328125 0.435546875 0.10546875 0.431640625 0.10546875 0.427734375 0.109375 0.421875
4 0.19140625 0.28515625 0.193359375 0.287109375 0.19140625 0.306640625 0.1875 0.306640625 0.185546875 0.302734375 0.1796875 0.302734375 0.177734375 0.296875 0.177734375 0.291015625 0.185546875 0.283203125 0.189453125 0.28515625
4 0.0859375 0.6796875 0.0859375 0.67578125 0.08203125 0.671875 0.083984375 0.662109375 0.095703125 0.65234375 0.09765625 0.65234375 0.099609375 0.662109375 0.10546875 0.671875 0.087890625 0.6796875
4 0.1875 0.50390625 0.1953125 0.521484375 0.193359375 0.529296875 0.1796875 0.53515625 0.177734375 0.525390625 0.185546875 0.505859375
4 0.037109375 0.6015625 0.0390625 0.603515625 0.037109375 0.60546875 0.037109375 0.611328125 0.017578125 0.625 0.013671875 0.625 0.015625 0.60546875 0.021484375 0.6015625 0.03515625 0.6015625
4 0.26953125 0.705078125 0.2734375 0.705078125 0.275390625 0.70703125 0.2734375 0.708984375 0.27734375 0.7109375 0.27734375 0.71875 0.2734375 0.720703125 0.271484375 0.7265625 0.263671875 0.728515625 0.26171875 0.7265625 0.26171875 0.71875 0.265625 0.716796875 0.26953125 0.70703125
4 0.234375 0.404296875 0.240234375 0.412109375 0.244140625 0.412109375 0.2421875 0.421875 0.236328125 0.421875 0.234375 0.419921875 0.22265625 0.419921875 0.21875 0.421875 0.216796875 0.419921875 0.22265625 0.41015625 0.228515625 0.40625 0.232421875 0.40625
4 0.29296875 0.435546875 0.294921875 0.43359375 0.294921875 0.427734375 0.298828125 0.423828125 0.306640625 0.421875 0.302734375 0.44140625 0.296875 0.4453125 0.294921875 0.443359375 0.294921875 0.4375
4 0.015625 0.64453125 0.029296875 0.646484375 0.03125 0.65234375 0.02734375 0.6640625 0.01953125 0.666015625 0.015625 0.662109375 0.009765625 0.662109375 0.0078125 0.66015625 0.009765625 0.65234375 0.015625 0.646484375
4 0.099609375 0.416015625 0.099609375 0.41015625 0.10546875 0.404296875 0.107421875 0.404296875 0.107421875 0.412109375 0.1015625 0.416015625
4 0.255859375 0.482421875 0.26953125 0.4765625 0.2734375 0.478515625 0.2734375 0.482421875 0.26953125 0.486328125 0.26953125 0.494140625 0.271484375 0.49609375 0.271484375 0.501953125 0.26953125 0.50390625 0.265625 0.50390625 0.259765625 0.498046875 0.255859375 0.484375
4 0.0703125 0.6640625 0.064453125 0.66015625 0.0625 0.6484375 0.0703125 0.640625 0.07421875 0.640625 0.080078125 0.63671875 0.0859375 0.642578125 0.0703125 0.662109375
4 0.021484375 0.57421875 0.02734375 0.572265625 0.03125 0.576171875 0.03515625 0.576171875 0.037109375 0.58203125 0.029296875 0.58984375 0.017578125 0.59375 0.013671875 0.58984375 0.013671875 0.583984375 0.021484375 0.576171875
4 0.041015625 0.619140625 0.0390625 0.630859375 0.0234375 0.646484375 0.015625 0.646484375 0.015625 0.638671875 0.013671875 0.63671875 0.015625 0.62890625 0.01953125 0.625 0.02734375 0.626953125 0.03125 0.623046875 0.0390625 0.62109375
4 0.091796875 0.251953125 0.09765625 0.248046875 0.099609375 0.251953125 0.111328125 0.259765625 0.109375 0.267578125 0.103515625 0.2734375 0.103515625 0.27734375 0.095703125 0.267578125 0.08984375 0.265625 0.08984375 0.255859375 0.091796875 0.25390625
4 0.052734375 0.576171875 0.06640625 0.568359375 0.072265625 0.572265625 0.072265625 0.5859375 0.06640625 0.583984375 0.05078125 0.59375 0.046875 0.59375 0.046875 0.58984375 0.052734375 0.578125
4 0.216796875 0.611328125 0.224609375 0.615234375 0.224609375 0.62109375 0.220703125 0.625 0.220703125 0.62890625 0.21484375 0.630859375 0.208984375 0.63671875 0.203125 0.630859375 0.205078125 0.62890625 0.205078125 0.623046875 0.2109375 0.62109375 0.21484375 0.61328125