5 0 0.228515625 0.005859375 0.236328125 0.005859375 0.248046875 0.0078125 0.25 0.005859375 0.251953125 0 0.248046875 0 0.23046875
5 0.107421875 0.056640625 0.115234375 0.056640625 0.1171875 0.064453125 0.12109375 0.06640625 0.123046875 0.076171875 0.12890625 0.083984375 0.12890625 0.099609375 0.126953125 0.103515625 0.125 0.091796875 0.115234375 0.08203125 0.107421875 0.06640625 0.10546875 0.060546875 0.107421875 0.05859375
5 0.158203125 0.25 0.1640625 0.251953125 0.171875 0.26171875 0.169921875 0.27734375 0.16796875 0.279296875 0.162109375 0.27734375 0.158203125 0.271484375 0.15625 0.2578125 0.154296875 0.255859375 0.158203125 0.251953125
5 0.166015625 0.20703125 0.169921875 0.2109375 0.166015625 0.21875 0.166015625 0.228515625 0.162109375 0.232421875 0.154296875 0.22265625 0.154296875 0.2109375 0.158203125 0.20703125 0.1640625 0.20703125
5 0.1484375 0.1015625 0.158203125 0.111328125 0.162109375 0.11328125 0.166015625 0.111328125 0.17578125 0.126953125 0.17578125 0.146484375 0.16796875 0.146484375 0.16015625 0.140625 0.146484375 0.123046875 0.146484375 0.1171875 0.150390625 0.11328125 0.1484375 0.111328125 0.1484375 0.103515625
5 0.048828125 0.119140625 0.0546875 0.1171875 0.060546875 0.123046875 0.0625 0.130859375 0.072265625 0.142578125 0.072265625 0.1484375 0.07421875 0.150390625 0.0703125 0.150390625 0.068359375 0.15625 0.064453125 0.158203125 0.064453125 0.150390625 0.060546875 0.146484375 0.0546875 0.130859375 0.048828125 0.126953125 0.048828125 0.12109375
5 0.130859375 0.193359375 0.13671875 0.203125 0.13671875 0.2109375 0.1328125 0.22265625 0.126953125 0.220703125 0.123046875 0.208984375 0.125 0.1953125 0.12890625 0.193359375
5 0.15234375 0.24609375 0.140625 0.23828125 0.140625 0.234375 0.146484375 0.2265625 0.14453125 0.224609375 0.14453125 0.21875 0.146484375 0.216796875 0.15234375 0.216796875 0.15625 0.224609375 0.15625 0.236328125 0.15234375 0.244140625
5 0.439453125 0.42578125 0.4453125 0.43359375 0.4453125 0.4453125 0.447265625 0.447265625 0.4453125 0.453125 0.439453125 0.45703125 0.439453125 0.451171875 0.43359375 0.4453125 0.435546875 0.443359375 0.435546875 0.427734375 0.4375 0.427734375
5 0.39453125 0.421875 0.400390625 0.423828125 0.400390625 0.43359375 0.40234375 0.435546875 0.400390625 0.447265625 0.396484375 0.4453125 0.392578125 0.43359375 0.392578125 0.42578125 0.39453125 0.423828125
5 0.51953125 0.5234375 0.5234375 0.5234375 0.53125 0.529296875 0.525390625 0.548828125 0.521484375 0.544921875 0.517578125 0.533203125 0.51953125 0.53125 0.51953125 0.525390625
5 0.15625 0.287109375 0.162109375 0.29296875 0.162109375 0.302734375 0.1640625 0.3046875 0.1640625 0.310546875 0.16015625 0.3125 0.15234375 0.3125 0.15234375 0.306640625 0.1484375 0.298828125 0.150390625 0.2890625 0.154296875 0.287109375
5 0 0.072265625 0.009765625 0.07421875 0.0234375 0.08984375 0.015625 0.095703125 0 0.08203125 0 0.07421875
5 0.185546875 0.1875 0.189453125 0.193359375 0.1875 0.205078125 0.189453125 0.20703125 0.189453125 0.220703125 0.19140625 0.22265625 0.19140625 0.236328125 0.193359375 0.23828125 0.19140625 0.2421875 0.185546875 0.24609375 0.177734375 0.234375 0.177734375 0.23046875 0.181640625 0.224609375 0.1796875 0.22265625 0.181640625 0.216796875 0.1796875 0.201171875 0.18359375 0.197265625 0.18359375 0.189453125
5 0.103515625 0.126953125 0.111328125 0.134765625 0.1171875 0.150390625 0.109375 0.158203125 0.10546875 0.15625 0.107421875 0.1484375 0.103515625 0.14453125 0.103515625 0.140625 0.099609375 0.134765625 0.1015625 0.12890625
5 0.158203125 0.177734375 0.16015625 0.19140625 0.162109375 0.193359375 0.162109375 0.203125 0.158203125 0.20703125 0.15234375 0.20703125 0.150390625 0.205078125 0.1484375 0.193359375 0.14453125 0.1875 0.14453125 0.17578125 0.146484375 0.173828125 0.15234375 0.173828125 0.15625 0.177734375