5 0.79296875 0.34765625 0.80078125 0.359375 0.787109375 0.373046875 0.783203125 0.369140625 0.78125 0.359375 0.783203125 0.353515625 0.791015625 0.34765625
5 0.84375 0.5654296875 0.025390625 0.033203125
5 0.248046875 0.2890625 0.248046875 0.310546875 0.240234375 0.3203125 0.236328125 0.3203125 0.232421875 0.306640625 0.234375 0.3046875 0.234375 0.296875 0.24609375 0.2890625
5 0.734375 0.830078125 0.740234375 0.8359375 0.74609375 0.849609375 0.74609375 0.85546875 0.7421875 0.859375 0.73828125 0.859375 0.73046875 0.8515625 0.73046875 0.841796875 0.7265625 0.833984375 0.732421875 0.830078125
5 0.767578125 0.333984375 0.771484375 0.341796875 0.76953125 0.3515625 0.765625 0.35546875 0.763671875 0.353515625 0.755859375 0.357421875 0.75 0.35546875 0.75 0.349609375 0.7578125 0.337890625 0.765625 0.333984375
5 0.767578125 0.37890625 0.76953125 0.376953125 0.78125 0.390625 0.78125 0.3984375 0.779296875 0.400390625 0.78125 0.40234375 0.78125 0.408203125 0.779296875 0.41015625 0.775390625 0.40625 0.765625 0.408203125 0.767578125 0.40625 0.765625 0.404296875 0.767578125 0.388671875 0.771484375 0.384765625 0.76953125 0.37890625
5 0.76953125 0.3359375 0.76953125 0.341796875 0.771484375 0.34375 0.76953125 0.3515625 0.765625 0.35546875 0.763671875 0.353515625 0.7578125 0.35546875 0.74609375 0.365234375 0.740234375 0.365234375 0.73828125 0.369140625 0.736328125 0.365234375 0.740234375 0.35546875 0.74609375 0.353515625 0.759765625 0.3359375 0.763671875 0.333984375 0.767578125 0.3359375
5 0.779296875 0.384765625 0.78125 0.388671875 0.78125 0.3984375 0.779296875 0.400390625 0.779296875 0.40625 0.78125 0.408203125 0.779296875 0.41015625 0.775390625 0.40625 0.765625 0.408203125 0.767578125 0.40625 0.765625 0.404296875 0.765625 0.392578125 0.76171875 0.384765625 0.76171875 0.37890625 0.76953125 0.373046875 0.771484375 0.373046875 0.7734375 0.380859375 0.77734375 0.384765625
5 0.841796875 0.591796875 0.849609375 0.591796875 0.8515625 0.60546875 0.853515625 0.607421875 0.849609375 0.615234375 0.83984375 0.60546875 0.8359375 0.607421875 0.8359375 0.6015625 0.841796875 0.59375
5 0.771484375 0.42578125 0.775390625 0.427734375 0.7734375 0.4296875 0.7734375 0.439453125 0.76171875 0.453125 0.7578125 0.453125 0.76171875 0.4296875 0.76953125 0.42578125
5 0.697265625 0.72265625 0.703125 0.720703125 0.708984375 0.732421875 0.71484375 0.73828125 0.708984375 0.748046875 0.70703125 0.748046875 0.701171875 0.7421875 0.69921875 0.73046875 0.6953125 0.728515625 0.697265625 0.724609375
5 0.708984375 0.484375 0.708984375 0.4921875 0.7109375 0.494140625 0.708984375 0.49609375 0.708984375 0.50390625 0.703125 0.509765625 0.69921875 0.509765625 0.697265625 0.49609375 0.6953125 0.494140625 0.703125 0.486328125 0.70703125 0.486328125
5 0.05078125 0.1875 0.0625 0.19140625 0.076171875 0.20703125 0.07421875 0.208984375 0.07421875 0.216796875 0.068359375 0.2109375 0.046875 0.20703125 0.048828125 0.205078125 0.05078125 0.189453125
5 0.8203125 0.720703125 0.8203125 0.7265625 0.826171875 0.736328125 0.826171875 0.74609375 0.828125 0.748046875 0.82421875 0.7578125 0.822265625 0.759765625 0.818359375 0.7578125 0.810546875 0.740234375 0.818359375 0.72265625
5 0.74609375 0.46875 0.751953125 0.46484375 0.755859375 0.466796875 0.755859375 0.4765625 0.751953125 0.48046875 0.751953125 0.486328125 0.74609375 0.490234375 0.74609375 0.49609375 0.7421875 0.49609375 0.73828125 0.490234375 0.73828125 0.478515625 0.74609375 0.470703125
5 0.755859375 0.39453125 0.7578125 0.3984375 0.7578125 0.41015625 0.755859375 0.416015625 0.751953125 0.41796875 0.74609375 0.427734375 0.7421875 0.423828125 0.7421875 0.40625 0.74609375 0.40234375 0.74609375 0.3984375 0.75390625 0.39453125
5 0.71875 0.392578125 0.720703125 0.39453125 0.720703125 0.40234375 0.71484375 0.4140625 0.716796875 0.421875 0.7109375 0.435546875 0.7109375 0.443359375 0.70703125 0.455078125 0.708984375 0.458984375 0.703125 0.462890625 0.703125 0.455078125 0.701171875 0.453125 0.703125 0.451171875 0.703125 0.423828125 0.705078125 0.421875 0.70703125 0.40625 0.712890625 0.396484375 0.716796875 0.39453125
5 0.828125 0.330078125 0.830078125 0.33203125 0.830078125 0.33984375 0.8203125 0.349609375 0.8125 0.3515625 0.810546875 0.357421875 0.80859375 0.357421875 0.80859375 0.3515625 0.8125 0.341796875 0.8203125 0.33203125 0.826171875 0.330078125
5 0.830078125 0.509765625 0.83984375 0.509765625 0.84375 0.517578125 0.841796875 0.51953125 0.84375 0.525390625 0.841796875 0.53125 0.83984375 0.533203125 0.833984375 0.533203125 0.830078125 0.52734375 0.830078125 0.51953125 0.828125 0.517578125 0.830078125 0.51171875
5 0.755859375 0.5390625 0.763671875 0.546875 0.76171875 0.552734375 0.763671875 0.5546875 0.763671875 0.560546875 0.76171875 0.564453125 0.755859375 0.56640625 0.75 0.5625 0.75 0.55078125 0.751953125 0.548828125 0.751953125 0.541015625 0.75390625 0.541015625
5 0.869140625 0.646484375 0.87109375 0.6484375 0.873046875 0.646484375 0.876953125 0.650390625 0.880859375 0.66015625 0.87890625 0.66796875 0.875 0.669921875 0.869140625 0.669921875 0.861328125 0.66015625 0.861328125 0.654296875 0.86328125 0.65234375 0.861328125 0.642578125 0.865234375 0.640625 0.8671875 0.646484375