2 0.436205115234375 0 0.436204404296875 0.000024580078125 0.4391213125 0.02044814453125 0.450294091796875 0.0463720546875 0.464889802734375 0.06132646875 0.485180640625 0.065430470703125 0.5033728359375 0.055235001953125 0.5168763671875 0.03668553125 0.528334228515625 0.002825830078125 0.528487509765625 0.000806794921875 0.51309294921875 0 0.436205115234375 0
4 0.2890625 0.228515625 0.296875 0.236328125 0.298828125 0.2421875 0.296875 0.25 0.2890625 0.25 0.28125 0.2421875 0.28125 0.232421875 0.287109375 0.228515625
4 0.94140625 0.193359375 0.939453125 0.20703125 0.931640625 0.212890625 0.9296875 0.220703125 0.923828125 0.224609375 0.91796875 0.224609375 0.916015625 0.22265625 0.916015625 0.216796875 0.923828125 0.203125 0.931640625 0.201171875 0.939453125 0.193359375
4 0.93359375 0.17578125 0.9296875 0.166015625 0.931640625 0.16015625 0.9375 0.154296875 0.939453125 0.15625 0.9453125 0.154296875 0.9453125 0.169921875 0.94140625 0.17578125 0.935546875 0.17578125
4 0.302734375 0.50390625 0.306640625 0.509765625 0.3046875 0.525390625 0.302734375 0.52734375 0.294921875 0.525390625 0.2890625 0.51953125 0.291015625 0.505859375 0.294921875 0.501953125 0.30078125 0.50390625
4 0.923828125 0.16796875 0.927734375 0.16796875 0.931640625 0.171875 0.931640625 0.181640625 0.921875 0.1953125 0.912109375 0.197265625 0.91015625 0.193359375 0.912109375 0.19140625 0.912109375 0.18359375 0.923828125 0.169921875
4 0.26171875 0.369140625 0.251953125 0.365234375 0.251953125 0.353515625 0.25390625 0.349609375 0.259765625 0.34375 0.267578125 0.345703125 0.263671875 0.3671875
4 0.900390625 0.0791015625 0.021484375 0.0390625
4 0.392578125 0.28125 0.39453125 0.283203125 0.39453125 0.30078125 0.390625 0.306640625 0.384765625 0.302734375 0.384765625 0.287109375 0.390625 0.28125
4 0.01171875 0.453125 0.01953125 0.458984375 0.021484375 0.46484375 0.015625 0.474609375 0.009765625 0.474609375 0.0078125 0.46484375 0.01171875 0.455078125
4 0.30078125 0.404296875 0.306640625 0.41015625 0.306640625 0.421875 0.3046875 0.423828125 0.296875 0.421875 0.291015625 0.4140625 0.29296875 0.408203125 0.298828125 0.404296875
4 0.28125 0.375 0.287109375 0.373046875 0.296875 0.38671875 0.296875 0.390625 0.29296875 0.39453125 0.28515625 0.39453125 0.279296875 0.37890625 0.28125 0.376953125
4 0.9375 0.154296875 0.939453125 0.15625 0.94140625 0.154296875 0.9453125 0.15625 0.9453125 0.169921875 0.931640625 0.1796875 0.92578125 0.19140625 0.921875 0.1953125 0.912109375 0.197265625 0.91015625 0.193359375 0.912109375 0.19140625 0.912109375 0.18359375 0.919921875 0.17578125 0.923828125 0.166015625 0.9296875 0.1640625 0.935546875 0.15625