5 0.83203125 0.046875 0.837890625 0.05078125 0.837890625 0.056640625 0.82421875 0.072265625 0.81640625 0.06640625 0.818359375 0.0625 0.81640625 0.060546875 0.822265625 0.05078125 0.830078125 0.046875
5 0.837890625 0.06640625 0.841796875 0.060546875 0.84375 0.05078125 0.853515625 0.04296875 0.857421875 0.048828125 0.85546875 0.0546875 0.857421875 0.056640625 0.853515625 0.064453125 0.84765625 0.06640625 0.83984375 0.078125 0.837890625 0.07421875 0.83984375 0.068359375
5 0.8173828125 0.0771484375 0.02734375 0.03125
5 0.8046875 0.93359375 0.806640625 0.9296875 0.8046875 0.923828125 0.80859375 0.91796875 0.810546875 0.91796875 0.810546875 0.923828125 0.81640625 0.93359375 0.814453125 0.935546875 0.80859375 0.935546875 0.806640625 0.93359375
5 0.697265625 0.033203125 0.697265625 0.015625 0.69921875 0.013671875 0.705078125 0.013671875 0.7109375 0.01953125 0.7109375 0.033203125 0.716796875 0.05078125 0.71484375 0.0546875 0.712890625 0.0546875 0.708984375 0.0390625 0.69921875 0.033203125
5 0.75 0 0.7578125 0 0.76171875 0.01171875 0.759765625 0.021484375 0.75390625 0.025390625 0.75 0.025390625 0.7421875 0.017578125 0.7421875 0.013671875 0.748046875 0.0078125 0.75 0.001953125
5 0.5703125 0.046875 0.572265625 0.044921875 0.5703125 0.04296875 0.572265625 0.033203125 0.578125 0.02734375 0.58203125 0.03515625 0.580078125 0.0390625 0.58203125 0.04296875 0.578125 0.05078125 0.572265625 0.05078125 0.572265625 0.048828125
5 0.63671875 0.390625 0.646484375 0.3984375 0.646484375 0.404296875 0.6484375 0.40625 0.646484375 0.412109375 0.638671875 0.416015625 0.634765625 0.412109375 0.6328125 0.40625 0.634765625 0.400390625 0.6328125 0.396484375 0.63671875 0.392578125
5 0.826171875 0.23046875 0.830078125 0.228515625 0.833984375 0.220703125 0.83984375 0.220703125 0.83984375 0.2265625 0.841796875 0.228515625 0.83984375 0.23828125 0.830078125 0.240234375 0.826171875 0.244140625 0.82421875 0.2421875 0.82421875 0.234375 0.826171875 0.232421875
5 0.83984375 0.017578125 0.84765625 0.025390625 0.84765625 0.029296875 0.84375 0.041015625 0.837890625 0.046875 0.833984375 0.046875 0.830078125 0.04296875 0.83203125 0.0390625 0.830078125 0.03515625 0.833984375 0.029296875 0.83203125 0.025390625 0.833984375 0.01953125 0.837890625 0.017578125
5 0.7666015625 0.091796875 0.029296875 0.03515625
5 0.802734375 0.01171875 0.80859375 0.01171875 0.810546875 0.015625 0.810546875 0.029296875 0.8125 0.03125 0.810546875 0.033203125 0.810546875 0.044921875 0.80859375 0.048828125 0.798828125 0.046875 0.794921875 0.0390625 0.796875 0.037109375 0.794921875 0.029296875 0.796875 0.02734375 0.796875 0.01953125 0.802734375 0.013671875
5 0.671875 0.248046875 0.67578125 0.244140625 0.67578125 0.23828125 0.685546875 0.23046875 0.6875 0.232421875 0.6875 0.2421875 0.677734375 0.25390625 0.6796875 0.255859375 0.67578125 0.259765625 0.671875 0.255859375 0.673828125 0.25
5 0.580078125 0.1328125 0.583984375 0.1328125 0.5859375 0.13671875 0.5859375 0.140625 0.58203125 0.142578125 0.58203125 0.154296875 0.583984375 0.15625 0.580078125 0.1640625 0.578125 0.1640625 0.576171875 0.162109375 0.576171875 0.142578125 0.578125 0.140625 0.576171875 0.13671875 0.580078125 0.134765625
5 0.662109375 0.296875 0.666015625 0.296875 0.673828125 0.306640625 0.671875 0.318359375 0.669921875 0.31640625 0.6640625 0.31640625 0.662109375 0.314453125 0.6640625 0.310546875 0.662109375 0.298828125
5 0.740234375 0.283203125 0.744140625 0.283203125 0.74609375 0.2890625 0.744140625 0.291015625 0.7421875 0.306640625 0.73046875 0.306640625 0.7265625 0.30859375 0.72265625 0.298828125 0.72265625 0.296875 0.728515625 0.298828125 0.740234375 0.28515625
5 0.8125 0 0.8203125 0 0.81640625 0.00390625 0.8125 0.00390625 0.8125 0.001953125
5 0.775390625 0.00390625 0.787109375 0.01171875 0.787109375 0.017578125 0.783203125 0.021484375 0.78125 0.033203125 0.77734375 0.037109375 0.771484375 0.037109375 0.76953125 0.029296875 0.7734375 0.01953125 0.771484375 0.017578125 0.775390625 0.005859375
5 0.8515625 0.0859375 0.861328125 0.08984375 0.86328125 0.09375 0.86328125 0.099609375 0.861328125 0.1015625 0.86328125 0.10546875 0.84765625 0.12109375 0.84765625 0.109375 0.84375 0.103515625 0.8515625 0.095703125 0.853515625 0.091796875 0.8515625 0.087890625
5 0.818359375 0.037109375 0.818359375 0.029296875 0.8203125 0.02734375 0.818359375 0.00390625 0.822265625 0 0.83203125 0 0.8359375 0.005859375 0.8359375 0.015625 0.826171875 0.025390625 0.8203125 0.037109375
5 0.921875 0.361328125 0.923828125 0.365234375 0.91796875 0.37890625 0.91015625 0.376953125 0.900390625 0.38671875 0.896484375 0.3828125 0.896484375 0.37890625 0.900390625 0.376953125 0.900390625 0.365234375 0.90625 0.365234375 0.91015625 0.359375 0.9140625 0.361328125 0.91796875 0.359375 0.919921875 0.361328125
5 0.724609375 0.17578125 0.73046875 0.177734375 0.736328125 0.171875 0.740234375 0.173828125 0.73828125 0.1875 0.732421875 0.197265625 0.728515625 0.19921875 0.724609375 0.193359375 0.7265625 0.1875 0.724609375 0.185546875 0.724609375 0.177734375
5 0.8203125 0.373046875 0.83203125 0.375 0.830078125 0.388671875 0.826171875 0.392578125 0.8203125 0.392578125 0.818359375 0.39453125 0.8125 0.390625 0.818359375 0.384765625 0.81640625 0.37890625 0.8203125 0.375
5 0.6640625 0.091796875 0.669921875 0.091796875 0.673828125 0.095703125 0.673828125 0.1015625 0.671875 0.103515625 0.673828125 0.115234375 0.6640625 0.1171875 0.662109375 0.111328125 0.6640625 0.09375
5 0.787109375 0.8984375 0.791015625 0.8984375 0.798828125 0.904296875 0.8046875 0.912109375 0.802734375 0.921875 0.798828125 0.921875 0.796875 0.92578125 0.79296875 0.923828125 0.78515625 0.912109375 0.787109375 0.900390625
5 0.794921875 0.828125 0.802734375 0.8359375 0.80859375 0.837890625 0.8125 0.845703125 0.810546875 0.849609375 0.806640625 0.84765625 0.8046875 0.849609375 0.80078125 0.845703125 0.796875 0.845703125 0.79296875 0.841796875 0.794921875 0.830078125