5 0.337890625 0.205078125 0.34375 0.203125 0.349609375 0.2109375 0.349609375 0.21875 0.345703125 0.22265625 0.345703125 0.2265625 0.34375 0.228515625 0.337890625 0.228515625 0.33203125 0.220703125 0.333984375 0.2109375 0.337890625 0.20703125
5 0.259765625 0.39453125 0.263671875 0.39453125 0.26953125 0.404296875 0.2734375 0.40625 0.2734375 0.41015625 0.265625 0.40625 0.2578125 0.416015625 0.251953125 0.4140625 0.25390625 0.40234375 0.259765625 0.396484375
5 0.35546875 0.228515625 0.359375 0.228515625 0.369140625 0.23828125 0.369140625 0.244140625 0.361328125 0.24609375 0.35546875 0.251953125 0.349609375 0.23828125 0.35546875 0.23046875
5 0.234375 0.701171875 0.2421875 0.697265625 0.251953125 0.701171875 0.25 0.70703125 0.236328125 0.716796875 0.23046875 0.71484375 0.23046875 0.705078125 0.234375 0.703125
5 0.3466796875 0.2568359375 0.0234375 0.03515625
5 0.388671875 0.21484375 0.392578125 0.21875 0.392578125 0.22265625 0.388671875 0.2265625 0.380859375 0.22265625 0.376953125 0.216796875 0.365234375 0.2109375 0.365234375 0.197265625 0.37109375 0.189453125 0.375 0.193359375 0.37890625 0.193359375 0.3828125 0.203125 0.3828125 0.2109375 0.38671875 0.21484375
5 0.369140625 0.255859375 0.373046875 0.26171875 0.373046875 0.26953125 0.3671875 0.28515625 0.36328125 0.287109375 0.36328125 0.283203125 0.357421875 0.2734375 0.35546875 0.26171875 0.361328125 0.255859375 0.3671875 0.255859375
5 0.6904296875 1.0146484375 0.02734375 0.03125
5 0.7109375 0.935546875 0.716796875 0.94140625 0.716796875 0.947265625 0.71875 0.94921875 0.716796875 0.951171875 0.716796875 0.95703125 0.7109375 0.962890625 0.70703125 0.962890625 0.703125 0.95703125 0.705078125 0.955078125 0.703125 0.953125 0.703125 0.94140625 0.708984375 0.9375
5 0.37890625 0.365234375 0.37890625 0.353515625 0.380859375 0.3515625 0.380859375 0.345703125 0.384765625 0.341796875 0.390625 0.3515625 0.388671875 0.353515625 0.390625 0.359375 0.384765625 0.365234375 0.380859375 0.365234375
5 0.400390625 0.2578125 0.41015625 0.267578125 0.408203125 0.291015625 0.404296875 0.29296875 0.400390625 0.3125 0.396484375 0.31640625 0.396484375 0.3203125 0.390625 0.32421875 0.390625 0.31640625 0.39453125 0.3046875 0.392578125 0.30078125 0.39453125 0.296875 0.39453125 0.291015625 0.392578125 0.2890625 0.39453125 0.287109375 0.39453125 0.2734375 0.396484375 0.271484375 0.39453125 0.267578125 0.400390625 0.259765625
5 0.208984375 0.392578125 0.21484375 0.392578125 0.22265625 0.40625 0.22265625 0.408203125 0.216796875 0.408203125 0.212890625 0.412109375 0.205078125 0.4140625 0.201171875 0.408203125 0.201171875 0.404296875 0.205078125 0.396484375 0.208984375 0.39453125
5 0.333984375 0.28515625 0.337890625 0.283203125 0.34375 0.283203125 0.345703125 0.28515625 0.345703125 0.298828125 0.341796875 0.310546875 0.333984375 0.3046875 0.33203125 0.298828125 0.333984375 0.296875 0.33203125 0.294921875 0.333984375 0.287109375
5 0.201171875 0.62890625 0.201171875 0.634765625 0.197265625 0.638671875 0.197265625 0.64453125 0.1953125 0.646484375 0.197265625 0.6484375 0.19140625 0.65234375 0.19140625 0.658203125 0.1875 0.658203125 0.18359375 0.654296875 0.185546875 0.650390625 0.18359375 0.64453125 0.189453125 0.634765625 0.189453125 0.630859375 0.19921875 0.62890625
5 0.341796875 0.32421875 0.345703125 0.322265625 0.353515625 0.330078125 0.3515625 0.34765625 0.34765625 0.349609375 0.34765625 0.353515625 0.34375 0.353515625 0.341796875 0.3515625 0.34375 0.34375 0.33984375 0.333984375 0.341796875 0.326171875
5 0.310546875 0.18359375 0.314453125 0.181640625 0.318359375 0.18359375 0.322265625 0.189453125 0.322265625 0.197265625 0.32421875 0.19921875 0.32421875 0.21484375 0.322265625 0.21484375 0.322265625 0.2109375 0.31640625 0.201171875 0.310546875 0.19921875 0.30859375 0.193359375 0.30859375 0.1875 0.310546875 0.185546875
5 0.232421875 0.4765625 0.234375 0.478515625 0.234375 0.4921875 0.232421875 0.494140625 0.224609375 0.494140625 0.21875 0.5 0.21484375 0.498046875 0.21484375 0.490234375 0.220703125 0.48046875 0.23046875 0.478515625
5 0.166015625 0.521484375 0.169921875 0.521484375 0.171875 0.52734375 0.169921875 0.533203125 0.1640625 0.5390625 0.1640625 0.54296875 0.146484375 0.548828125 0.146484375 0.54296875 0.14453125 0.541015625 0.146484375 0.5390625 0.146484375 0.533203125 0.150390625 0.529296875 0.16015625 0.525390625 0.1640625 0.52734375 0.166015625 0.5234375
5 0.302734375 0.603515625 0.3046875 0.60546875 0.302734375 0.615234375 0.296875 0.625 0.29296875 0.62109375 0.2890625 0.62109375 0.2890625 0.6171875 0.29296875 0.603515625 0.296875 0.599609375 0.30078125 0.603515625
5 0.3125 0.419921875 0.3046875 0.416015625 0.3046875 0.408203125 0.30859375 0.404296875 0.30859375 0.400390625 0.3125 0.396484375 0.318359375 0.396484375 0.3203125 0.3984375 0.314453125 0.41796875
5 0.908694041015625 0.19963366796875 0.914984572265625 0.204257251953125 0.921209423828125 0.19766213671875 0.923660904296875 0.19012621875 0.9231171171875 0.180825099609375 0.915809423828125 0.1779846953125 0.910601732421875 0.18279662890625 0.9076721484375 0.192250130859375 0.908694041015625 0.19963366796875
5 0.9408307265625 0.155708205078125 0.94615084375 0.13666680078125 0.94482894921875 0.128190072265625 0.928901142578125 0.132365966796875 0.92531534375 0.1467478203125 0.930293447265625 0.161228109375 0.93514492578125 0.16243771875 0.9408307265625 0.155708205078125
5 0.90637806640625 0.121658369140625 0.904165642578125 0.1282355 0.904770375 0.13958859765625 0.90974374609375 0.144902171875 0.9199857578125 0.14745579296875 0.922854396484375 0.13595030859375 0.922488716796875 0.123638419921875 0.918593451171875 0.1185936484375 0.91080765234375 0.117670826171875 0.90637806640625 0.121658369140625