5 0.724609375 0.255859375 0.73046875 0.26171875 0.73046875 0.271484375 0.72265625 0.28125 0.71875 0.28125 0.71484375 0.275390625 0.71484375 0.26171875 0.72265625 0.255859375
5 0.8203125 0.447265625 0.82421875 0.44921875 0.828125 0.45703125 0.828125 0.47265625 0.822265625 0.474609375 0.810546875 0.458984375 0.81640625 0.44921875 0.818359375 0.44921875
5 0.162109375 0.3310546875 0.017578125 0.03515625
5 0.76171875 0.751953125 0.767578125 0.751953125 0.7734375 0.755859375 0.78125 0.765625 0.78125 0.77734375 0.775390625 0.779296875 0.765625 0.76953125 0.765625 0.765625 0.759765625 0.755859375 0.76171875 0.75390625
5 0.689453125 0.248046875 0.6953125 0.24609375 0.701171875 0.2578125 0.697265625 0.267578125 0.693359375 0.267578125 0.6875 0.271484375 0.681640625 0.271484375 0.6796875 0.267578125 0.681640625 0.26171875 0.685546875 0.255859375 0.685546875 0.251953125 0.689453125 0.25
5 0.703125 0.291015625 0.705078125 0.2890625 0.71875 0.30078125 0.720703125 0.3046875 0.720703125 0.3203125 0.716796875 0.318359375 0.70703125 0.3203125 0.70703125 0.314453125 0.705078125 0.3125 0.70703125 0.3046875 0.705078125 0.302734375 0.708984375 0.294921875 0.705078125 0.291015625
5 0.685546875 0.251953125 0.69140625 0.248046875 0.6953125 0.248046875 0.69921875 0.25390625 0.69921875 0.265625 0.689453125 0.26953125 0.68359375 0.275390625 0.68359375 0.279296875 0.67578125 0.28125 0.671875 0.28515625 0.671875 0.2890625 0.669921875 0.287109375 0.669921875 0.27734375 0.677734375 0.26953125 0.685546875 0.25390625
5 0.70703125 0.28515625 0.71875 0.298828125 0.720703125 0.3046875 0.720703125 0.3203125 0.71484375 0.31640625 0.7109375 0.3203125 0.70703125 0.3203125 0.705078125 0.306640625 0.697265625 0.296875 0.697265625 0.29296875 0.705078125 0.28515625
5 0.82421875 0.48828125 0.828125 0.486328125 0.83203125 0.48828125 0.837890625 0.501953125 0.837890625 0.509765625 0.8359375 0.51171875 0.826171875 0.50390625 0.8203125 0.505859375 0.8203125 0.498046875 0.82421875 0.490234375
5 0.7109375 0.3671875 0.708984375 0.361328125 0.7109375 0.341796875 0.716796875 0.337890625 0.72265625 0.341796875 0.72265625 0.353515625 0.71484375 0.3671875 0.7109375 0.369140625
5 0.712890625 0.6484375 0.724609375 0.66015625 0.7265625 0.66796875 0.72265625 0.673828125 0.716796875 0.671875 0.70703125 0.658203125 0.70703125 0.650390625 0.7109375 0.6484375
5 0.6650390625 0.42578125 0.015625 0.029296875
5 0.8330078125 0.64453125 0.01953125 0.041015625
5 0.7041015625 0.3994140625 0.01953125 0.037109375
5 0.689453125 0.345703125 0.6875 0.3359375 0.68359375 0.33203125 0.68359375 0.32421875 0.685546875 0.318359375 0.693359375 0.30859375 0.69921875 0.31640625 0.69921875 0.328125 0.701171875 0.330078125 0.6953125 0.34375 0.69140625 0.345703125
5 0.654296875 0.318359375 0.66015625 0.318359375 0.66015625 0.328125 0.662109375 0.330078125 0.66015625 0.33203125 0.66015625 0.341796875 0.662109375 0.34375 0.66015625 0.3828125 0.662109375 0.384765625 0.658203125 0.390625 0.65625 0.388671875 0.654296875 0.384765625 0.654296875 0.37109375 0.650390625 0.361328125 0.650390625 0.333984375 0.6484375 0.33203125 0.6484375 0.328125 0.654296875 0.3203125
5 0.7578125 0.232421875 0.7578125 0.240234375 0.75390625 0.25 0.748046875 0.251953125 0.7421875 0.2578125 0.7421875 0.26171875 0.740234375 0.26171875 0.7421875 0.2421875 0.75 0.23046875 0.755859375 0.232421875
5 0.79296875 0.4140625 0.794921875 0.408203125 0.8046875 0.40625 0.810546875 0.42578125 0.80859375 0.431640625 0.802734375 0.431640625 0.796875 0.42578125 0.794921875 0.416015625
5 0.732421875 0.45703125 0.73828125 0.470703125 0.73828125 0.478515625 0.734375 0.482421875 0.73046875 0.482421875 0.724609375 0.478515625 0.72265625 0.458984375 0.724609375 0.45703125 0.73046875 0.45703125
5 0.853515625 0.533203125 0.859375 0.5390625 0.869140625 0.5390625 0.87890625 0.552734375 0.873046875 0.560546875 0.865234375 0.560546875 0.85546875 0.548828125 0.853515625 0.53515625