2 0.5399760859375 0.54013812109375 0.546309111328125 0.50092726953125 0.542390056640625 0.467146978515625 0.53127851171875 0.44450692578125 0.51484147265625 0.432302279296875 0.49740924609375 0.432330625 0.47785504296875 0.44439328125 0.4605091640625 0.4702878359375 0.451050763671875 0.497573166015625 0.44655184765625 0.532971259765625 0.45216107421875 0.567049578125 0.46154955078125 0.5862836875 0.4768598046875 0.59828965234375 0.4967224296875 0.597655810546875 0.51236579296875 0.588005685546875 0.5299213984375 0.56421619140625 0.5399760859375 0.54013812109375
5 0.712890625 0.150390625 0.716796875 0.158203125 0.712890625 0.16015625 0.7109375 0.169921875 0.705078125 0.17578125 0.701171875 0.17578125 0.697265625 0.169921875 0.69921875 0.16796875 0.69921875 0.16015625 0.701171875 0.15625 0.7109375 0.150390625
5 0.69921875 0.2265625 0.69921875 0.236328125 0.6953125 0.2421875 0.6953125 0.24609375 0.69140625 0.248046875 0.69140625 0.2578125 0.689453125 0.259765625 0.685546875 0.2578125 0.68359375 0.259765625 0.681640625 0.248046875 0.6875 0.2421875 0.69140625 0.23046875 0.697265625 0.2265625
5 0.376953125 0.72265625 0.380859375 0.724609375 0.376953125 0.73828125 0.37890625 0.7421875 0.376953125 0.748046875 0.37109375 0.7578125 0.36328125 0.75 0.36328125 0.73828125 0.376953125 0.724609375
5 0.142578125 0.083984375 0.14453125 0.0859375 0.150390625 0.0859375 0.15234375 0.08984375 0.150390625 0.107421875 0.142578125 0.11328125 0.13671875 0.111328125 0.138671875 0.107421875 0.134765625 0.103515625 0.1328125 0.09765625 0.134765625 0.09375 0.1328125 0.091796875 0.140625 0.0859375
5 0.73046875 0.341796875 0.728515625 0.33984375 0.728515625 0.333984375 0.7421875 0.3203125 0.748046875 0.3203125 0.75 0.322265625 0.748046875 0.333984375 0.73828125 0.341796875 0.732421875 0.33984375
5 0.798828125 0.208984375 0.80078125 0.2109375 0.80078125 0.216796875 0.787109375 0.23046875 0.78515625 0.23046875 0.783203125 0.224609375 0.78515625 0.220703125 0.783203125 0.212890625 0.79296875 0.205078125 0.796875 0.208984375
5 0.12109375 0.095703125 0.123046875 0.095703125 0.12109375 0.09765625 0.123046875 0.1015625 0.123046875 0.107421875 0.12109375 0.109375 0.123046875 0.115234375 0.11328125 0.11328125 0.109375 0.107421875 0.111328125 0.10546875 0.109375 0.099609375 0.11328125 0.09375 0.119140625 0.09375
5 0.763671875 0.142578125 0.775390625 0.14453125 0.775390625 0.15234375 0.76171875 0.166015625 0.759765625 0.171875 0.755859375 0.1640625 0.759765625 0.15234375 0.763671875 0.150390625 0.763671875 0.14453125
5 0.78515625 0.05078125 0.796875 0.060546875 0.794921875 0.076171875 0.791015625 0.080078125 0.78515625 0.080078125 0.779296875 0.076171875 0.78125 0.0546875 0.78515625 0.052734375
5 0.14453125 0.05859375 0.1484375 0.064453125 0.1484375 0.0703125 0.15234375 0.07421875 0.154296875 0.0859375 0.15234375 0.087890625 0.1484375 0.087890625 0.142578125 0.083984375 0.1328125 0.0859375 0.126953125 0.08203125 0.123046875 0.08203125 0.119140625 0.076171875 0.12109375 0.06640625 0.142578125 0.060546875