4 0.736328125 0.740234375 0.7421875 0.740234375 0.748046875 0.74609375 0.74609375 0.748046875 0.74609375 0.7578125 0.73828125 0.765625 0.732421875 0.759765625 0.732421875 0.75390625 0.73046875 0.751953125 0.736328125 0.7421875
4 0.80078125 0.548828125 0.802734375 0.55078125 0.802734375 0.55859375 0.798828125 0.5625 0.796875 0.5703125 0.79296875 0.5703125 0.783203125 0.55859375 0.783203125 0.5546875 0.7890625 0.55859375 0.798828125 0.548828125
4 0.71875 0.720703125 0.72265625 0.720703125 0.7265625 0.7265625 0.724609375 0.7421875 0.720703125 0.7421875 0.71484375 0.734375 0.708984375 0.734375 0.70703125 0.732421875 0.708984375 0.728515625 0.712890625 0.728515625 0.71875 0.72265625
4 0.767578125 0.271484375 0.7734375 0.259765625 0.783203125 0.25390625 0.7890625 0.259765625 0.787109375 0.267578125 0.779296875 0.2734375 0.76953125 0.271484375
4 0.728515625 0.705078125 0.732421875 0.70703125 0.73828125 0.703125 0.736328125 0.72265625 0.73046875 0.728515625 0.7265625 0.728515625 0.72265625 0.720703125 0.72265625 0.71484375 0.7265625 0.70703125
4 0.689453125 0.74609375 0.693359375 0.75 0.69921875 0.75 0.70703125 0.7578125 0.712890625 0.7578125 0.716796875 0.76171875 0.716796875 0.77734375 0.71484375 0.779296875 0.70703125 0.779296875 0.703125 0.775390625 0.69921875 0.763671875 0.689453125 0.755859375 0.689453125 0.748046875
4 0.70703125 0.6875 0.7109375 0.689453125 0.71484375 0.6953125 0.71484375 0.69921875 0.71875 0.703125 0.71875 0.712890625 0.7109375 0.71875 0.70703125 0.71875 0.703125 0.712890625 0.703125 0.697265625 0.70703125 0.689453125
4 0.306640625 0.0078125 0.310546875 0.01171875 0.3125 0.025390625 0.302734375 0.033203125 0.296875 0.025390625 0.296875 0.015625 0.3046875 0.0078125
4 0.298828125 0.07421875 0.30078125 0.091796875 0.294921875 0.09765625 0.2890625 0.09375 0.28515625 0.080078125 0.291015625 0.0703125 0.296875 0.07421875
4 0.68359375 0.611328125 0.685546875 0.61328125 0.685546875 0.630859375 0.681640625 0.634765625 0.673828125 0.62109375 0.681640625 0.61328125
4 0.673828125 0.654296875 0.6796875 0.65625 0.6796875 0.662109375 0.677734375 0.6640625 0.677734375 0.67578125 0.6796875 0.677734375 0.677734375 0.6796875 0.677734375 0.685546875 0.6796875 0.6875 0.6796875 0.705078125 0.681640625 0.7109375 0.677734375 0.712890625 0.67578125 0.720703125 0.671875 0.71875 0.666015625 0.7109375 0.666015625 0.703125 0.6640625 0.701171875 0.673828125 0.65625
4 0.83203125 0.55078125 0.837890625 0.548828125 0.84375 0.54296875 0.849609375 0.54296875 0.8515625 0.548828125 0.8515625 0.556640625 0.84375 0.56640625 0.8359375 0.560546875 0.837890625 0.55859375 0.83203125 0.552734375
4 0.044921875 0.169921875 0.017578125 0.0234375
4 0.7265625 0.685546875 0.724609375 0.666015625 0.728515625 0.662109375 0.73828125 0.671875 0.736328125 0.685546875 0.728515625 0.685546875
4 0.83203125 0.3046875 0.8359375 0.3046875 0.83984375 0.30859375 0.837890625 0.33203125 0.83203125 0.33203125 0.826171875 0.3359375 0.826171875 0.328125 0.830078125 0.318359375 0.828125 0.31640625 0.83203125 0.3125 0.83203125 0.306640625
4 0.716796875 0.619140625 0.72265625 0.62109375 0.72265625 0.630859375 0.7265625 0.63671875 0.724609375 0.6484375 0.720703125 0.6484375 0.712890625 0.640625 0.7109375 0.634765625 0.716796875 0.62109375
4 0.755859375 0.751953125 0.7578125 0.751953125 0.759765625 0.7578125 0.7734375 0.771484375 0.7734375 0.779296875 0.771484375 0.78125 0.765625 0.78125 0.759765625 0.7734375 0.755859375 0.75390625
4 0.826171875 0.4609375 0.828125 0.46484375 0.826171875 0.478515625 0.814453125 0.486328125 0.810546875 0.482421875 0.8125 0.478515625 0.810546875 0.4765625 0.810546875 0.470703125 0.82421875 0.462890625
4 0.87890625 0.4208984375 0.02734375 0.03515625
4 0.732421875 0.349609375 0.7421875 0.35546875 0.740234375 0.3671875 0.734375 0.373046875 0.728515625 0.369140625 0.73046875 0.353515625 0.732421875 0.3515625
4 0.033203125 0.1953125 0.04296875 0.197265625 0.046875 0.203125 0.0546875 0.205078125 0.060546875 0.212890625 0.060546875 0.21875 0.05859375 0.220703125 0.05859375 0.216796875 0.0546875 0.212890625 0.048828125 0.216796875 0.052734375 0.22265625 0.052734375 0.2265625 0.046875 0.23046875 0.046875 0.220703125 0.033203125 0.20703125 0.033203125 0.197265625
4 0.744140625 0.55078125 0.751953125 0.5546875 0.75 0.556640625 0.75 0.568359375 0.74609375 0.57421875 0.744140625 0.576171875 0.736328125 0.5703125 0.73828125 0.568359375 0.73828125 0.556640625 0.7421875 0.552734375
4 0.191958236328125 0.85485271875 0.193676283203125 0.845319861328125 0.191804181640625 0.838269330078125 0.185145212890625 0.834528568359375 0.1798868984375 0.841677974609375 0.17840457421875 0.849291017578125 0.180040953125 0.858261365234375 0.187475072265625 0.86014854296875 0.191958236328125 0.85485271875
4 0.175408140625 0.87815452734375 0.170553294921875 0.877558427734375 0.165834408203125 0.88477406640625 0.162937740234375 0.903906017578125 0.165231408203125 0.911982693359375 0.180199412109375 0.906025484375 0.18196734375 0.891626845703125 0.175408140625 0.87815452734375
4 0.19184918359375 0.918174087890625 0.19951902734375 0.918141443359375 0.20334490234375 0.913739298828125 0.20470936328125 0.90708616796875 0.20276928125 0.896129765625 0.19730703125 0.891561560546875 0.187057912109375 0.890303126953125 0.185643568359375 0.9018220390625 0.187465787109375 0.913738349609375 0.19184918359375 0.918174087890625