4 0.02734375 0.2578125 0.029296875 0.259765625 0.03125 0.2578125 0.03125 0.26171875 0.041015625 0.2734375 0.04296875 0.28515625 0.0390625 0.28515625 0.03515625 0.279296875 0.0234375 0.275390625 0.021484375 0.265625 0.017578125 0.263671875 0.017578125 0.259765625 0.025390625 0.2578125
4 0.1171875 0.08984375 0.125 0.091796875 0.130859375 0.103515625 0.13671875 0.109375 0.142578125 0.12890625 0.142578125 0.130859375 0.138671875 0.130859375 0.13671875 0.12890625 0.13671875 0.123046875 0.123046875 0.109375 0.115234375 0.09375 0.1171875 0.091796875
4 0.1943359375 0.2802734375 0.0234375 0.033203125
4 0.1875 0.25 0.177734375 0.236328125 0.1796875 0.228515625 0.181640625 0.2265625 0.19140625 0.2265625 0.193359375 0.228515625 0.19140625 0.23046875 0.19140625 0.23828125 0.189453125 0.240234375 0.19140625 0.244140625 0.189453125 0.248046875
4 0.16015625 0.12890625 0.173828125 0.138671875 0.177734375 0.134765625 0.19140625 0.154296875 0.19140625 0.1640625 0.1875 0.169921875 0.171875 0.162109375 0.166015625 0.15625 0.1640625 0.150390625 0.16015625 0.1484375 0.162109375 0.14453125 0.16015625 0.130859375
4 0.07421875 0.154296875 0.09375 0.177734375 0.095703125 0.18359375 0.08984375 0.185546875 0.08984375 0.19140625 0.0859375 0.189453125 0.0859375 0.185546875 0.078125 0.173828125 0.078125 0.169921875 0.06640625 0.16015625 0.072265625 0.154296875
4 0.15625 0.21875 0.15625 0.22265625 0.16015625 0.224609375 0.16015625 0.23046875 0.162109375 0.232421875 0.158203125 0.244140625 0.154296875 0.244140625 0.150390625 0.240234375 0.150390625 0.234375 0.1484375 0.232421875 0.1484375 0.2265625 0.150390625 0.224609375 0.1484375 0.21875 0.150390625 0.216796875 0.154296875 0.21875
4 -0.0146484375 0.1396484375 0.03125 0.03515625
4 0.1796875 0.23828125 0.181640625 0.251953125 0.18359375 0.25390625 0.1796875 0.263671875 0.177734375 0.26171875 0.171875 0.26171875 0.16796875 0.2578125 0.16796875 0.251953125 0.171875 0.248046875 0.169921875 0.2421875 0.173828125 0.236328125 0.177734375 0.23828125
4 0.46875 0.400390625 0.47265625 0.400390625 0.4765625 0.404296875 0.48046875 0.41796875 0.478515625 0.423828125 0.48046875 0.42578125 0.478515625 0.427734375 0.47265625 0.423828125 0.46875 0.41796875 0.470703125 0.412109375 0.46875 0.41015625 0.46875 0.40234375
4 0.4296875 0.400390625 0.43359375 0.40234375 0.4375 0.416015625 0.4375 0.42578125 0.427734375 0.416015625 0.4296875 0.40234375
4 0.55859375 0.482421875 0.5625 0.482421875 0.5703125 0.48828125 0.568359375 0.501953125 0.564453125 0.50390625 0.55859375 0.4921875 0.55859375 0.484375
4 0.181640625 0.30859375 0.185546875 0.302734375 0.19140625 0.302734375 0.19140625 0.306640625 0.1953125 0.30859375 0.197265625 0.32421875 0.189453125 0.326171875 0.185546875 0.322265625 0.18359375 0.310546875
4 0.015625 0.1171875 0.017578125 0.119140625 0.021484375 0.1171875 0.03125 0.123046875 0.033203125 0.126953125 0.0390625 0.12890625 0.0390625 0.13671875 0.03125 0.13671875 0.025390625 0.1328125 0.0234375 0.12890625 0.017578125 0.126953125 0.013671875 0.119140625
4 0.203125 0.205078125 0.208984375 0.208984375 0.208984375 0.21484375 0.216796875 0.240234375 0.21484375 0.2578125 0.208984375 0.2578125 0.203125 0.248046875 0.203125 0.240234375 0.205078125 0.23828125 0.201171875 0.224609375 0.201171875 0.21875 0.205078125 0.2109375 0.203125 0.20703125
4 0.1171875 0.16015625 0.125 0.16015625 0.12890625 0.1640625 0.12890625 0.16796875 0.134765625 0.171875 0.13671875 0.177734375 0.13671875 0.1796875 0.1328125 0.1796875 0.126953125 0.185546875 0.123046875 0.171875 0.1171875 0.162109375
4 -0.01171875 0.314453125 0.033203125 0.0390625
4 0.173828125 0.197265625 0.181640625 0.205078125 0.181640625 0.2109375 0.185546875 0.220703125 0.1796875 0.228515625 0.173828125 0.2265625 0.16796875 0.208984375 0.1640625 0.205078125 0.166015625 0.197265625 0.16796875 0.1953125 0.171875 0.197265625
4 0.193359375 0.990234375 0.19921875 0.9921875 0.201171875 0.998046875 0.18359375 0.998046875 0.1875 0.9921875 0.19140625 0.9921875