5 0.845703125 0.138671875 0.84765625 0.140625 0.84765625 0.150390625 0.8359375 0.166015625 0.826171875 0.171875 0.826171875 0.16796875 0.83203125 0.162109375 0.83203125 0.14453125 0.84375 0.140625
5 0.7275390625 0.1103515625 0.0234375 0.052734375
5 0.716796875 0.24609375 0.71875 0.26171875 0.712890625 0.26953125 0.708984375 0.26953125 0.708984375 0.26171875 0.701171875 0.24609375 0.705078125 0.2421875 0.71484375 0.24609375
5 0.716796875 0.287109375 0.720703125 0.287109375 0.7265625 0.29296875 0.724609375 0.314453125 0.71875 0.322265625 0.712890625 0.31640625 0.708984375 0.3046875 0.7109375 0.294921875 0.716796875 0.2890625
5 0.728515625 0.328125 0.736328125 0.330078125 0.740234375 0.3359375 0.73828125 0.3515625 0.736328125 0.353515625 0.734375 0.3515625 0.728515625 0.3515625 0.7265625 0.349609375 0.7265625 0.333984375 0.728515625 0.330078125
5 0.71875 0.25 0.7265625 0.25 0.732421875 0.263671875 0.736328125 0.267578125 0.736328125 0.2734375 0.732421875 0.27734375 0.724609375 0.279296875 0.71875 0.267578125 0.71875 0.251953125
5 0.966796875 0.150390625 0.97265625 0.154296875 0.97265625 0.171875 0.970703125 0.17578125 0.966796875 0.177734375 0.9609375 0.17578125 0.951171875 0.177734375 0.9453125 0.1875 0.943359375 0.185546875 0.947265625 0.173828125 0.955078125 0.166015625 0.955078125 0.16015625 0.96484375 0.15234375
5 0.701171875 0.134765625 0.7109375 0.1484375 0.6953125 0.1796875 0.689453125 0.185546875 0.68359375 0.18359375 0.6796875 0.177734375 0.6796875 0.162109375 0.68359375 0.15625 0.68359375 0.15234375 0.6875 0.1484375 0.69140625 0.1484375 0.697265625 0.142578125 0.69921875 0.13671875
5 0.806640625 0.13671875 0.80859375 0.142578125 0.802734375 0.1484375 0.802734375 0.15234375 0.796875 0.162109375 0.796875 0.171875 0.79296875 0.171875 0.7890625 0.166015625 0.78515625 0.169921875 0.78515625 0.16015625 0.7890625 0.15625 0.794921875 0.140625 0.798828125 0.13671875 0.8046875 0.13671875
5 0.744140625 0.2109375 0.74609375 0.21484375 0.744140625 0.21875 0.74609375 0.224609375 0.74609375 0.25 0.73828125 0.25 0.734375 0.240234375 0.736328125 0.2265625 0.744140625 0.212890625
5 0.921875 0.109375 0.923828125 0.11328125 0.921875 0.12109375 0.908203125 0.1328125 0.904296875 0.140625 0.89453125 0.12890625 0.89453125 0.115234375 0.90625 0.1171875 0.9140625 0.109375 0.919921875 0.109375
5 0.47265625 0.52734375 0.4765625 0.53125 0.4765625 0.552734375 0.47265625 0.556640625 0.46875 0.552734375 0.46875 0.53125 0.470703125 0.529296875
5 0.892578125 0.22265625 0.890625 0.240234375 0.880859375 0.24609375 0.875 0.255859375 0.873046875 0.255859375 0.87109375 0.2421875 0.876953125 0.232421875 0.876953125 0.2265625 0.884765625 0.22265625 0.890625 0.22265625
5 0.68359375 0.2265625 0.68359375 0.234375 0.689453125 0.244140625 0.689453125 0.25 0.693359375 0.2578125 0.693359375 0.265625 0.697265625 0.26953125 0.697265625 0.279296875 0.693359375 0.283203125 0.685546875 0.283203125 0.68359375 0.279296875 0.681640625 0.25390625 0.6796875 0.251953125 0.681640625 0.24609375 0.6796875 0.2421875 0.6796875 0.23046875 0.681640625 0.228515625
5 0.51171875 0.517578125 0.515625 0.515625 0.51953125 0.521484375 0.51953125 0.5390625 0.515625 0.541015625 0.51171875 0.53125 0.51171875 0.521484375 0.513671875 0.51953125
5 0.75390625 0.15625 0.7578125 0.16015625 0.7578125 0.166015625 0.75390625 0.169921875 0.755859375 0.17578125 0.75390625 0.181640625 0.744140625 0.1796875 0.7421875 0.17578125 0.744140625 0.166015625 0.748046875 0.158203125 0.751953125 0.15625
5 0.9453125 0.275390625 0.94921875 0.27734375 0.951171875 0.283203125 0.951171875 0.294921875 0.935546875 0.306640625 0.931640625 0.31640625 0.9296875 0.31640625 0.9296875 0.306640625 0.93359375 0.302734375 0.931640625 0.30078125 0.92578125 0.306640625 0.923828125 0.30078125 0.923828125 0.291015625 0.93359375 0.283203125 0.939453125 0.283203125 0.9453125 0.27734375
5 0.71484375 0.2255859375 0.01953125 0.0390625
5 0.966796875 0.150390625 0.97265625 0.154296875 0.97265625 0.171875 0.970703125 0.17578125 0.962890625 0.177734375 0.955078125 0.169921875 0.95703125 0.158203125 0.96484375 0.15234375