5 0.060546875 0.728515625 0.0625 0.73046875 0.064453125 0.728515625 0.0703125 0.728515625 0.076171875 0.734375 0.07421875 0.75 0.0703125 0.75390625 0.068359375 0.763671875 0.05859375 0.76953125 0.0546875 0.767578125 0.05859375 0.755859375 0.056640625 0.740234375 0.060546875 0.73046875
5 0.046875 0.841796875 0.048828125 0.84375 0.056640625 0.84375 0.056640625 0.8515625 0.052734375 0.861328125 0.046875 0.865234375 0.029296875 0.86328125 0.033203125 0.84765625 0.037109375 0.84375 0.044921875 0.84375
5 0.1484375 0.87890625 0.15234375 0.880859375 0.150390625 0.8828125 0.15234375 0.896484375 0.138671875 0.90625 0.12890625 0.90234375 0.12890625 0.8984375 0.1328125 0.89453125 0.1328125 0.888671875 0.13671875 0.8828125 0.146484375 0.880859375
5 0.107421875 0.001953125 0.11328125 0.005859375 0.1171875 0.005859375 0.123046875 0.01171875 0.123046875 0.0234375 0.126953125 0.02734375 0.125 0.029296875 0.126953125 0.03125 0.125 0.04296875 0.119140625 0.041015625 0.1171875 0.029296875 0.10546875 0.015625 0.107421875 0.00390625
5 0.26171875 0 0.287109375 0 0.28515625 0.0078125 0.275390625 0.0078125 0.267578125 0.01171875 0.26171875 0.001953125
5 0.26953125 0.0390625 0.2734375 0.04296875 0.271484375 0.044921875 0.2734375 0.048828125 0.2734375 0.068359375 0.271484375 0.0703125 0.26171875 0.0625 0.26171875 0.0546875 0.259765625 0.052734375 0.26171875 0.046875 0.259765625 0.044921875 0.267578125 0.041015625
5 0.58984375 0.1875 0.59375 0.189453125 0.59375 0.201171875 0.591796875 0.203125 0.591796875 0.208984375 0.587890625 0.2109375 0.587890625 0.21484375 0.583984375 0.212890625 0.5859375 0.208984375 0.583984375 0.20703125 0.5859375 0.193359375 0.58984375 0.189453125
5 0.53515625 0.115234375 0.537109375 0.125 0.533203125 0.13671875 0.533203125 0.146484375 0.529296875 0.1484375 0.52734375 0.140625 0.5234375 0.138671875 0.5234375 0.134765625 0.529296875 0.125 0.529296875 0.119140625 0.533203125 0.1171875
5 0.072265625 0.845703125 0.07421875 0.84765625 0.07421875 0.861328125 0.05859375 0.876953125 0.044921875 0.880859375 0.044921875 0.875 0.05078125 0.8671875 0.05078125 0.861328125 0.056640625 0.85546875 0.060546875 0.85546875 0.06640625 0.84765625 0.0703125 0.84765625
5 0 0.818359375 0.001953125 0.8203125 0 0.83203125 0 0.8203125
5 -0.0068359375 0.900390625 0.025390625 0.03125
5 0.23046875 0.833984375 0.232421875 0.8359375 0.234375 0.833984375 0.240234375 0.833984375 0.244140625 0.837890625 0.2421875 0.845703125 0.23828125 0.849609375 0.23046875 0.8515625 0.224609375 0.84765625 0.2265625 0.845703125 0.2265625 0.83984375 0.23046875 0.8359375
5 0.033203125 0.78125 0.0390625 0.7890625 0.04296875 0.7890625 0.04296875 0.796875 0.033203125 0.806640625 0.029296875 0.806640625 0.0234375 0.798828125 0.025390625 0.796875 0.0234375 0.794921875 0.0234375 0.7890625 0.03125 0.78125
5 0.30078125 0 0.30859375 0 0.3046875 0.00390625 0.30078125 0.001953125
5 0.48046875 0.146484375 0.4765625 0.138671875 0.478515625 0.13671875 0.478515625 0.12890625 0.482421875 0.123046875 0.486328125 0.125 0.486328125 0.13671875 0.482421875 0.146484375
5 0.28125 0.009765625 0.287109375 0.015625 0.287109375 0.02734375 0.28515625 0.029296875 0.28515625 0.037109375 0.28125 0.0390625 0.28125 0.044921875 0.27734375 0.048828125 0.2734375 0.046875 0.275390625 0.04296875 0.271484375 0.0390625 0.2734375 0.03515625 0.271484375 0.01171875 0.2734375 0.009765625 0.279296875 0.009765625