2 0.5218291015625 0.603438978515625 0.537714564453125 0.58183071875 0.5477129921875 0.556255302734375 0.552356716796875 0.526806591796875 0.55027855859375 0.498125376953125 0.539714564453125 0.470876994140625 0.52488207421875 0.458497908203125 0.50505037109375 0.45890653125 0.487108302734375 0.4703884375 0.47212052734375 0.493131353515625 0.4634892734375 0.514065982421875 0.458407484375 0.55222479296875 0.46151887890625 0.57815908203125 0.471320734375 0.600391220703125 0.48402391015625 0.612394849609375 0.49839678125 0.61492917578125 0.5218291015625 0.603438978515625
5 0.05078125 0.828125 0.052734375 0.830078125 0.052734375 0.83984375 0.048828125 0.84765625 0.041015625 0.8515625 0.037109375 0.84765625 0.041015625 0.833984375 0.044921875 0.830078125 0.048828125 0.830078125
5 0.59765625 0.80859375 0.599609375 0.80859375 0.6015625 0.84375 0.595703125 0.84765625 0.591796875 0.837890625 0.59765625 0.810546875
5 0.474609375 0.34375 0.486328125 0.337890625 0.486328125 0.353515625 0.482421875 0.357421875 0.474609375 0.3515625 0.474609375 0.345703125
5 0.673828125 0.890625 0.671875 0.884765625 0.673828125 0.873046875 0.66796875 0.85546875 0.67578125 0.849609375 0.6796875 0.8515625 0.677734375 0.85546875 0.6796875 0.865234375 0.677734375 0.8671875 0.68359375 0.875 0.6796875 0.88671875 0.67578125 0.890625
5 0.63671875 0.908203125 0.642578125 0.9140625 0.64453125 0.921875 0.650390625 0.927734375 0.6484375 0.93359375 0.64453125 0.9375 0.634765625 0.93359375 0.63671875 0.927734375 0.6328125 0.91796875 0.634765625 0.916015625 0.634765625 0.91015625
5 0.083984375 0.8125 0.083984375 0.8203125 0.078125 0.826171875 0.078125 0.833984375 0.0703125 0.84375 0.0625 0.84375 0.056640625 0.837890625 0.0625 0.826171875 0.076171875 0.814453125 0.08203125 0.8125
5 0.666015625 0.74609375 0.67578125 0.759765625 0.67578125 0.7734375 0.673828125 0.775390625 0.66796875 0.7734375 0.66796875 0.76953125 0.6640625 0.763671875 0.666015625 0.76171875 0.66015625 0.751953125 0.66015625 0.748046875 0.6640625 0.748046875
5 0.9892578125 0.06640625 0.01953125 0.02734375
5 0.57421875 0.90234375 0.578125 0.900390625 0.583984375 0.91015625 0.58203125 0.923828125 0.578125 0.92578125 0.572265625 0.91796875 0.57421875 0.904296875
5 0.041015625 0.810546875 0.048828125 0.806640625 0.05859375 0.796875 0.0625 0.798828125 0.048828125 0.822265625 0.048828125 0.828125 0.044921875 0.830078125 0.0390625 0.826171875 0.037109375 0.8203125 0.041015625 0.8125
5 0.63671875 0.98828125 0.640625 0.9921875 0.638671875 0.998046875 0.625 0.998046875 0.626953125 0.9921875 0.634765625 0.98828125
5 0.064453125 0.84375 0.06640625 0.845703125 0.0703125 0.84375 0.0703125 0.845703125 0.05859375 0.865234375 0.05078125 0.86328125 0.05078125 0.85546875 0.0625 0.845703125