4 0.98828125 0.15625 0.990234375 0.16015625 0.984375 0.177734375 0.978515625 0.1796875 0.96875 0.189453125 0.966796875 0.189453125 0.966796875 0.173828125 0.974609375 0.166015625 0.974609375 0.158203125 0.986328125 0.15625
4 0.837890625 0.021484375 0.83984375 0.0234375 0.84765625 0.0234375 0.84765625 0.02734375 0.83984375 0.03515625 0.83984375 0.046875 0.8359375 0.044921875 0.8359375 0.0234375
4 0.8125 0.197265625 0.818359375 0.203125 0.814453125 0.220703125 0.806640625 0.2265625 0.80078125 0.21875 0.802734375 0.21484375 0.802734375 0.203125 0.810546875 0.19921875
4 0.802734375 0.15234375 0.814453125 0.154296875 0.818359375 0.16015625 0.814453125 0.1640625 0.814453125 0.17578125 0.810546875 0.1796875 0.806640625 0.177734375 0.8046875 0.166015625 0.80078125 0.16015625 0.802734375 0.154296875
4 0.8125 0.048828125 0.818359375 0.048828125 0.81640625 0.05078125 0.81640625 0.0625 0.8203125 0.06640625 0.8125 0.078125 0.8125 0.08203125 0.80859375 0.0859375 0.8046875 0.0859375 0.796875 0.09375 0.79296875 0.09375 0.7890625 0.0859375 0.7890625 0.076171875 0.79296875 0.072265625 0.798828125 0.056640625 0.802734375 0.05859375 0.8125 0.05078125
4 0.916015625 0.056640625 0.91796875 0.05859375 0.91796875 0.06640625 0.912109375 0.072265625 0.91015625 0.080078125 0.90625 0.08203125 0.904296875 0.09765625 0.90234375 0.099609375 0.900390625 0.099609375 0.900390625 0.09375 0.8984375 0.091796875 0.89453125 0.09375 0.89453125 0.083984375 0.90234375 0.07421875 0.90625 0.0625 0.9140625 0.056640625
4 0.84375 0.13671875 0.84765625 0.1484375 0.84765625 0.162109375 0.83984375 0.16796875 0.8359375 0.1640625 0.833984375 0.1484375 0.837890625 0.138671875 0.841796875 0.13671875
4 0.990234375 0.033203125 0.998046875 0.033203125 0.998046875 0.0390625 0.994140625 0.041015625 0.990234375 0.041015625 0.990234375 0.03515625
4 0.8232421875 0.1767578125 0.021484375 0.033203125
4 0.541015625 0.38671875 0.544921875 0.388671875 0.544921875 0.39453125 0.546875 0.396484375 0.546875 0.408203125 0.544921875 0.412109375 0.541015625 0.416015625 0.537109375 0.416015625 0.53515625 0.412109375 0.5390625 0.388671875
4 0.58203125 0.380859375 0.587890625 0.38671875 0.587890625 0.40234375 0.58203125 0.40625 0.580078125 0.400390625 0.580078125 0.384765625 0.58203125 0.3828125
4 0.46484375 0.490234375 0.466796875 0.494140625 0.466796875 0.5078125 0.4609375 0.513671875 0.455078125 0.5 0.455078125 0.494140625 0.462890625 0.490234375
4 0.822265625 0.232421875 0.826171875 0.236328125 0.82421875 0.255859375 0.8125 0.259765625 0.810546875 0.25390625 0.8125 0.251953125 0.814453125 0.23828125 0.8203125 0.232421875
4 0.94921875 0.029296875 0.953125 0.03125 0.951171875 0.033203125 0.943359375 0.03125 0.947265625 0.029296875
4 0.78515625 0.134765625 0.78515625 0.142578125 0.791015625 0.15234375 0.7890625 0.169921875 0.79296875 0.173828125 0.79296875 0.185546875 0.78515625 0.193359375 0.779296875 0.1875 0.78125 0.185546875 0.779296875 0.18359375 0.779296875 0.16015625 0.78125 0.158203125 0.78125 0.138671875 0.783203125 0.13671875
4 0.859375 0.1015625 0.85546875 0.09375 0.853515625 0.095703125 0.849609375 0.09375 0.853515625 0.080078125 0.859375 0.072265625 0.86328125 0.0703125 0.869140625 0.076171875 0.86328125 0.08203125 0.861328125 0.099609375
4 0.822265625 0.119140625 0.826171875 0.125 0.826171875 0.12890625 0.8203125 0.140625 0.8203125 0.150390625 0.81640625 0.154296875 0.814453125 0.15234375 0.80859375 0.15234375 0.80859375 0.1328125 0.810546875 0.130859375 0.810546875 0.125 0.8203125 0.119140625
4 0.9453125 0.951171875 0.95703125 0.96484375 0.95703125 0.984375 0.953125 0.98828125 0.953125 0.998046875 0.9453125 0.998046875 0.9453125 0.986328125 0.935546875 0.978515625 0.9375 0.97265625 0.93359375 0.96484375 0.93359375 0.953125 0.943359375 0.953125