5 0.0830078125 0.1259765625 0.0234375 0.03515625
5 0.228515625 0 0.232421875 0 0.232421875 0.0078125 0.23046875 0.009765625 0.228515625 0.0078125 0.228515625 0.001953125
5 0.2490234375 0.1767578125 0.017578125 0.03125
5 0.2529296875 0.130859375 0.017578125 0.02734375
5 -0.0087890625 0.03515625 0.02734375 0.03515625
5 0.26953125 0.0234375 0.275390625 0.033203125 0.275390625 0.0546875 0.2734375 0.05859375 0.267578125 0.05859375 0.2578125 0.05078125 0.251953125 0.044921875 0.251953125 0.0390625 0.248046875 0.033203125 0.248046875 0.02734375 0.251953125 0.0234375 0.251953125 0.017578125 0.25 0.015625 0.251953125 0.01171875 0.263671875 0.0234375 0.267578125 0.0234375
5 0.154296875 0.013671875 0.158203125 0.017578125 0.166015625 0.033203125 0.166015625 0.037109375 0.169921875 0.041015625 0.169921875 0.052734375 0.166015625 0.048828125 0.1640625 0.05078125 0.1640625 0.056640625 0.16015625 0.056640625 0.16015625 0.044921875 0.15625 0.0390625 0.15625 0.033203125 0.1484375 0.0234375 0.1484375 0.015625 0.15234375 0.013671875
5 0.216796875 0.099609375 0.22265625 0.099609375 0.2265625 0.109375 0.224609375 0.125 0.220703125 0.130859375 0.216796875 0.12890625 0.212890625 0.12109375 0.212890625 0.11328125 0.216796875 0.1015625
5 0.234375 0.126953125 0.240234375 0.125 0.244140625 0.1328125 0.2421875 0.15234375 0.236328125 0.15625 0.2265625 0.146484375 0.2265625 0.142578125 0.232421875 0.138671875 0.232421875 0.130859375 0.234375 0.12890625
5 0.505859375 0.373046875 0.5078125 0.376953125 0.5078125 0.3984375 0.505859375 0.40234375 0.5 0.400390625 0.5 0.39453125 0.498046875 0.392578125 0.5 0.375 0.50390625 0.373046875
5 0.458984375 0.36328125 0.46484375 0.365234375 0.462890625 0.388671875 0.45703125 0.384765625 0.45703125 0.369140625 0.458984375 0.365234375
5 0.572265625 0.48046875 0.578125 0.48046875 0.58203125 0.486328125 0.58203125 0.494140625 0.578125 0.5 0.578125 0.50390625 0.57421875 0.505859375 0.5703125 0.49609375 0.572265625 0.482421875
5 0.236328125 0.197265625 0.2421875 0.2109375 0.2421875 0.22265625 0.240234375 0.224609375 0.23828125 0.22265625 0.23046875 0.22265625 0.228515625 0.21875 0.228515625 0.203125 0.234375 0.197265625
5 0.013671875 0.998046875 0.015625 0.994140625 0.015625 0.978515625 0.021484375 0.97265625 0.02734375 0.97265625 0.03515625 0.982421875 0.03515625 0.986328125 0.029296875 0.998046875 0.015625 0.998046875
5 0.27734375 0.103515625 0.28125 0.10546875 0.28125 0.11328125 0.279296875 0.115234375 0.279296875 0.154296875 0.275390625 0.158203125 0.271484375 0.158203125 0.267578125 0.15625 0.265625 0.150390625 0.265625 0.142578125 0.271484375 0.130859375 0.271484375 0.11328125 0.27734375 0.10546875
5 0.205078125 0.03125 0.212890625 0.044921875 0.212890625 0.052734375 0.21484375 0.0546875 0.21484375 0.056640625 0.208984375 0.056640625 0.205078125 0.0625 0.203125 0.060546875 0.203125 0.046875 0.19921875 0.041015625 0.19921875 0.033203125 0.203125 0.03125
5 0.033203125 0.142578125 0.03515625 0.142578125 0.037109375 0.16015625 0.033203125 0.166015625 0.03125 0.17578125 0.0234375 0.17578125 0.01171875 0.16796875 0.013671875 0.15234375 0.01953125 0.15625 0.02734375 0.15625 0.033203125 0.150390625 0.033203125 0.14453125
5 0.240234375 0.08203125 0.244140625 0.08203125 0.251953125 0.087890625 0.251953125 0.1171875 0.24609375 0.1171875 0.244140625 0.119140625 0.23828125 0.103515625 0.23828125 0.0859375 0.240234375 0.083984375
5 0.05859375 0.9375 0.02734375 0.05078125