5 0.890625 0.08203125 0.8984375 0.08203125 0.900390625 0.080078125 0.904296875 0.08203125 0.90234375 0.1015625 0.896484375 0.103515625 0.890625 0.109375 0.890625 0.11328125 0.88671875 0.115234375 0.884765625 0.115234375 0.884765625 0.1015625 0.88671875 0.099609375 0.884765625 0.09765625 0.890625 0.083984375
5 0.736328125 0.142578125 0.740234375 0.146484375 0.740234375 0.154296875 0.73828125 0.15625 0.73828125 0.166015625 0.732421875 0.171875 0.724609375 0.1640625 0.724609375 0.15234375 0.7265625 0.146484375 0.734375 0.142578125
5 0.716796875 0.099609375 0.73046875 0.099609375 0.734375 0.103515625 0.732421875 0.1171875 0.728515625 0.125 0.724609375 0.12109375 0.720703125 0.107421875 0.716796875 0.1015625
5 0.98046875 0.0029296875 0.029296875 0.037109375
5 0.720703125 0 0.720703125 0.005859375 0.724609375 0.01171875 0.72265625 0.017578125 0.716796875 0.03125 0.705078125 0.041015625 0.701171875 0.041015625 0.697265625 0.03515625 0.697265625 0.029296875 0.6953125 0.02734375 0.697265625 0.015625 0.703125 0.00390625 0.708984375 0.00390625 0.712890625 0 0.71875 0
5 0.822265625 0 0.814453125 0.009765625 0.8125 0.015625 0.8125 0.03125 0.810546875 0.033203125 0.80859375 0.033203125 0.806640625 0.02734375 0.80078125 0.025390625 0.80078125 0.01953125 0.80859375 0.005859375 0.80859375 0.001953125 0.810546875 0 0.8203125 0
5 0.7578125 0.078125 0.76171875 0.08984375 0.76171875 0.099609375 0.763671875 0.1015625 0.759765625 0.10546875 0.759765625 0.109375 0.75390625 0.107421875 0.748046875 0.095703125 0.75 0.083984375 0.755859375 0.078125
5 0.740234375 0.10546875 0.744140625 0.109375 0.744140625 0.115234375 0.75 0.123046875 0.75 0.126953125 0.7421875 0.134765625 0.736328125 0.1328125 0.732421875 0.119140625 0.734375 0.107421875 0.73828125 0.10546875
5 0.4892578125 0.3779296875 0.013671875 0.033203125
5 0.529296875 0.3515625 0.533203125 0.35546875 0.53515625 0.375 0.529296875 0.376953125 0.529296875 0.373046875 0.525390625 0.369140625 0.525390625 0.35546875 0.52734375 0.353515625
5 0.423828125 0.474609375 0.427734375 0.484375 0.42578125 0.498046875 0.421875 0.498046875 0.419921875 0.490234375 0.416015625 0.486328125 0.416015625 0.48046875 0.421875 0.474609375
5 0.751953125 0.1796875 0.75390625 0.18359375 0.751953125 0.19921875 0.740234375 0.203125 0.740234375 0.181640625 0.744140625 0.17578125 0.75 0.1796875
5 0.99609375 0.931640625 0.998046875 0.93359375 0.998046875 0.97265625 0.99609375 0.97265625 0.994140625 0.962890625 0.984375 0.94921875 0.984375 0.94140625 0.994140625 0.931640625
5 0.703125 0.1123046875 0.01953125 0.05859375
5 0.76953125 0.009765625 0.7734375 0.013671875 0.7734375 0.017578125 0.76953125 0.021484375 0.771484375 0.02734375 0.76953125 0.033203125 0.771484375 0.037109375 0.767578125 0.041015625 0.763671875 0.03515625 0.76171875 0.037109375 0.7578125 0.03515625 0.759765625 0.029296875 0.7578125 0.02734375 0.76171875 0.021484375 0.76171875 0.017578125 0.767578125 0.01171875
5 0.94140625 0.111328125 0.943359375 0.11328125 0.943359375 0.12109375 0.94921875 0.125 0.955078125 0.125 0.9609375 0.1171875 0.962890625 0.119140625 0.962890625 0.130859375 0.96484375 0.1328125 0.96484375 0.13671875 0.95703125 0.142578125 0.947265625 0.14453125 0.9453125 0.142578125 0.9453125 0.13671875 0.939453125 0.1328125 0.939453125 0.1171875 0.94140625 0.11328125
5 0.72265625 0.095703125 0.72265625 0.0703125 0.7265625 0.064453125 0.732421875 0.0625 0.73828125 0.068359375 0.734375 0.095703125 0.732421875 0.09765625 0.7265625 0.09765625 0.724609375 0.095703125
5 0.955078125 0.90625 0.951171875 0.900390625 0.947265625 0.88671875 0.947265625 0.87890625 0.955078125 0.875 0.962890625 0.876953125 0.96875 0.8828125 0.97265625 0.896484375 0.97265625 0.90625 0.96875 0.91015625 0.96875 0.916015625 0.970703125 0.91796875 0.96875 0.92578125 0.96484375 0.92578125 0.96484375 0.921875 0.9609375 0.916015625 0.9609375 0.91015625 0.95703125 0.90625