4 0.16015625 0.42578125 0.1640625 0.427734375 0.1640625 0.447265625 0.1484375 0.44140625 0.14453125 0.435546875 0.14453125 0.4296875 0.15625 0.423828125 0.158203125 0.42578125
4 0.271484375 0.2890625 0.265625 0.27734375 0.26953125 0.271484375 0.26953125 0.263671875 0.271484375 0.26171875 0.275390625 0.26171875 0.283203125 0.271484375 0.28515625 0.27734375 0.28125 0.283203125 0.28125 0.287109375 0.27734375 0.291015625 0.2734375 0.2890625
4 0.212890625 0.6484375 0.21484375 0.650390625 0.212890625 0.66015625 0.203125 0.669921875 0.1953125 0.669921875 0.193359375 0.6640625 0.197265625 0.65625 0.201171875 0.65625 0.2109375 0.650390625
4 0.263671875 0.328125 0.263671875 0.322265625 0.267578125 0.318359375 0.271484375 0.3046875 0.275390625 0.306640625 0.27734375 0.3046875 0.287109375 0.3046875 0.296875 0.322265625 0.294921875 0.32421875 0.287109375 0.32421875 0.28125 0.330078125 0.279296875 0.3359375 0.275390625 0.3359375 0.271484375 0.328125 0.265625 0.328125
4 0.2578125 0.361328125 0.259765625 0.359375 0.26171875 0.345703125 0.26953125 0.3515625 0.271484375 0.357421875 0.271484375 0.36328125 0.267578125 0.3671875 0.265625 0.3828125 0.263671875 0.38671875 0.259765625 0.38671875 0.255859375 0.375 0.255859375 0.369140625 0.259765625 0.36328125
4 0.2998046875 0.458984375 0.017578125 0.033203125
4 0.24609375 0.234375 0.25390625 0.23046875 0.26171875 0.248046875 0.26171875 0.251953125 0.2578125 0.255859375 0.259765625 0.259765625 0.2578125 0.263671875 0.2578125 0.259765625 0.248046875 0.25 0.24609375 0.236328125
4 0.310546875 0.423828125 0.306640625 0.41796875 0.306640625 0.4140625 0.3125 0.404296875 0.3125 0.390625 0.3203125 0.3671875 0.3203125 0.357421875 0.32421875 0.353515625 0.330078125 0.365234375 0.328125 0.37109375 0.328125 0.390625 0.3125 0.421875
4 0.775390625 0.607421875 0.771484375 0.603515625 0.767578125 0.59375 0.76953125 0.580078125 0.7734375 0.576171875 0.783203125 0.580078125 0.783203125 0.5859375 0.78515625 0.587890625 0.783203125 0.6015625 0.78125 0.60546875 0.77734375 0.60546875
4 0.14453125 0.716796875 0.146484375 0.71875 0.14453125 0.720703125 0.14453125 0.728515625 0.1328125 0.740234375 0.126953125 0.7421875 0.123046875 0.740234375 0.123046875 0.734375 0.12890625 0.724609375 0.1328125 0.720703125 0.134765625 0.72265625 0.140625 0.72265625 0.14453125 0.71875
4 0.078125 0.44921875 0.080078125 0.447265625 0.080078125 0.439453125 0.08984375 0.427734375 0.09375 0.427734375 0.1015625 0.419921875 0.099609375 0.4375 0.095703125 0.4453125 0.08984375 0.451171875 0.083984375 0.453125 0.080078125 0.451171875
4 0.1171875 0.408203125 0.12109375 0.408203125 0.130859375 0.419921875 0.12109375 0.431640625 0.12109375 0.4453125 0.1171875 0.4453125 0.111328125 0.4375 0.111328125 0.4296875 0.109375 0.427734375 0.1171875 0.41015625
4 0.265625 0.390625 0.275390625 0.41015625 0.2734375 0.412109375 0.2734375 0.419921875 0.267578125 0.42578125 0.263671875 0.42578125 0.259765625 0.421875 0.26171875 0.39453125 0.263671875 0.392578125
4 0.287109375 0.365234375 0.287109375 0.359375 0.283203125 0.349609375 0.283203125 0.330078125 0.291015625 0.326171875 0.294921875 0.330078125 0.294921875 0.3359375 0.298828125 0.341796875 0.298828125 0.345703125 0.296875 0.34765625 0.296875 0.357421875 0.2890625 0.365234375
4 0.1796875 0.4140625 0.173828125 0.41015625 0.162109375 0.412109375 0.169921875 0.388671875 0.171875 0.38671875 0.1796875 0.38671875 0.18359375 0.3828125 0.185546875 0.3828125 0.18359375 0.38671875 0.18359375 0.40625 0.1796875 0.412109375
4 0.95703125 0.6171875 0.9765625 0.615234375 0.98828125 0.62109375 0.986328125 0.623046875 0.98828125 0.625 0.986328125 0.63671875 0.98046875 0.638671875 0.96484375 0.626953125 0.958984375 0.625 0.95703125 0.626953125 0.955078125 0.625 0.95703125 0.619140625
4 0.23046875 0.46875 0.021484375 0.029296875
4 0.298828125 0.2734375 0.302734375 0.271484375 0.30859375 0.2734375 0.314453125 0.287109375 0.314453125 0.302734375 0.3203125 0.3125 0.3203125 0.318359375 0.318359375 0.3203125 0.306640625 0.306640625 0.306640625 0.296875 0.30078125 0.291015625 0.296875 0.291015625 0.296875 0.279296875 0.298828125 0.275390625
4 0.80078125 0.5654296875 0.01953125 0.03515625
4 0.08984375 0.544921875 0.095703125 0.546875 0.09375 0.548828125 0.09375 0.55859375 0.083984375 0.572265625 0.078125 0.57421875 0.072265625 0.568359375 0.072265625 0.560546875 0.076171875 0.548828125 0.08203125 0.546875 0.0859375 0.55078125 0.08984375 0.546875