2 0.565526150390625 0.578746681640625 0.570713236328125 0.549213154296875 0.569129337890625 0.520333916015625 0.558989435546875 0.49274721875 0.5442965 0.480039009765625 0.524352611328125 0.4801031875 0.50611329296875 0.491336111328125 0.49064552734375 0.51394518359375 0.4815997890625 0.534846912109375 0.475818875 0.573131984375 0.478489873046875 0.599266875 0.487951966796875 0.621795724609375 0.500510931640625 0.6340891328125 0.5149152421875 0.636889046875 0.538674029296875 0.62574377734375 0.555024244140625 0.60429145703125 0.565526150390625 0.578746681640625
5 0.0556640625 0.8564453125 0.01953125 0.029296875
5 0.986328125 0.0859375 0.998046875 0.087890625 0.99609375 0.091796875 0.990234375 0.091796875 0.986328125 0.087890625
5 0.611328125 0.83203125 0.61328125 0.83203125 0.611328125 0.833984375 0.61328125 0.83984375 0.611328125 0.84765625 0.615234375 0.861328125 0.61328125 0.869140625 0.60546875 0.87109375 0.60546875 0.84375 0.609375 0.837890625 0.609375 0.833984375
5 0.501953125 0.357421875 0.505859375 0.357421875 0.5078125 0.361328125 0.50390625 0.375 0.5 0.376953125 0.494140625 0.37109375 0.494140625 0.36328125 0.501953125 0.359375
5 0.68359375 0.876953125 0.6875 0.875 0.69140625 0.876953125 0.689453125 0.884765625 0.69140625 0.88671875 0.69140625 0.896484375 0.6953125 0.900390625 0.693359375 0.91015625 0.689453125 0.916015625 0.68359375 0.9140625 0.685546875 0.91015625 0.68359375 0.908203125 0.685546875 0.8984375 0.6796875 0.884765625 0.68359375 0.87890625
5 0.646484375 0.93359375 0.650390625 0.935546875 0.66015625 0.951171875 0.66015625 0.958984375 0.65625 0.9609375 0.6484375 0.9609375 0.646484375 0.958984375 0.646484375 0.9453125 0.64453125 0.943359375 0.646484375 0.935546875
5 0.078125 0.833984375 0.08203125 0.833984375 0.09375 0.826171875 0.09375 0.833984375 0.08984375 0.837890625 0.0859375 0.845703125 0.0859375 0.8515625 0.08203125 0.85546875 0.07421875 0.859375 0.068359375 0.85546875 0.068359375 0.84765625 0.078125 0.8359375
5 0.67578125 0.771484375 0.681640625 0.771484375 0.681640625 0.775390625 0.689453125 0.78515625 0.689453125 0.798828125 0.68359375 0.80078125 0.673828125 0.775390625 0.67578125 0.7734375
5 0.58203125 0.943359375 0.587890625 0.92578125 0.59375 0.9296875 0.59375 0.943359375 0.58984375 0.94921875 0.583984375 0.943359375
5 0.06640625 0.8125 0.0703125 0.8125 0.072265625 0.81640625 0.060546875 0.83203125 0.060546875 0.837890625 0.0546875 0.84375 0.048828125 0.841796875 0.048828125 0.830078125 0.05078125 0.826171875 0.06640625 0.814453125
5 0.0703125 0.859375 0.072265625 0.861328125 0.078125 0.859375 0.07421875 0.87109375 0.064453125 0.880859375 0.060546875 0.87890625 0.05859375 0.873046875 0.0703125 0.861328125