2 0.421130404296875 0.914503662109375 0.406331431640625 0.9267813515625 0.39361064453125 0.949424095703125 0.3889761484375 0.9678287421875 0.38728378515625 0.990117083984375 0.3883472421875 0.99483469921875 0.472002072265625 0.99921886328125 0.472932525390625 0.99647049609375 0.473579203125 0.974127353515625 0.466347693359375 0.94204756640625 0.4557710234375 0.923778111328125 0.440098931640625 0.912700630859375 0.421130404296875 0.914503662109375
4 0.271484375 0.7421875 0.26953125 0.73828125 0.271484375 0.728515625 0.279296875 0.72265625 0.28515625 0.72265625 0.287109375 0.73046875 0.279296875 0.7421875 0.2734375 0.7421875
4 0.865234375 0.837890625 0.86328125 0.83203125 0.85546875 0.826171875 0.849609375 0.81640625 0.849609375 0.80859375 0.8515625 0.806640625 0.861328125 0.810546875 0.86328125 0.818359375 0.87109375 0.830078125 0.87109375 0.8359375 0.8671875 0.837890625
4 0.86328125 0.8515625 0.87109375 0.857421875 0.869140625 0.873046875 0.86328125 0.873046875 0.857421875 0.8671875 0.861328125 0.853515625
4 0.97265625 0.826171875 0.9765625 0.826171875 0.9765625 0.830078125 0.98046875 0.833984375 0.98046875 0.84765625 0.974609375 0.841796875 0.970703125 0.841796875 0.970703125 0.830078125 0.97265625 0.828125
4 0.306640625 0.4921875 0.3046875 0.48828125 0.3046875 0.4765625 0.31640625 0.470703125 0.3203125 0.47265625 0.318359375 0.48828125 0.314453125 0.4921875 0.30859375 0.4921875
4 0.8515625 0.833984375 0.859375 0.845703125 0.859375 0.857421875 0.857421875 0.859375 0.8515625 0.859375 0.841796875 0.841796875 0.841796875 0.8359375 0.845703125 0.83203125 0.849609375 0.833984375
4 0.935546875 0.91796875 0.94140625 0.923828125 0.951171875 0.927734375 0.953125 0.939453125 0.951171875 0.94140625 0.9453125 0.94140625 0.94140625 0.93359375 0.931640625 0.93359375 0.9296875 0.92578125 0.93359375 0.919921875
4 0.265625 0.61328125 0.26953125 0.625 0.267578125 0.626953125 0.267578125 0.6328125 0.259765625 0.6328125 0.25390625 0.625 0.255859375 0.623046875 0.255859375 0.615234375 0.259765625 0.611328125 0.263671875 0.61328125
4 0.8125 0.9375 0.81640625 0.92578125 0.8203125 0.923828125 0.8203125 0.93359375 0.828125 0.947265625 0.828125 0.95703125 0.814453125 0.9453125 0.814453125 0.939453125
4 0.3740234375 0.6943359375 0.013671875 0.025390625
4 0.9609375 0.921875 0.96484375 0.9296875 0.96484375 0.93359375 0.9609375 0.935546875 0.95703125 0.935546875 0.947265625 0.91796875 0.951171875 0.908203125 0.958984375 0.921875
4 0.05078125 0.4921875 0.0546875 0.498046875 0.052734375 0.5 0.052734375 0.505859375 0.044921875 0.51171875 0.04296875 0.509765625 0.04296875 0.49609375 0.048828125 0.4921875
4 0.310546875 0.56640625 0.310546875 0.580078125 0.30859375 0.58203125 0.298828125 0.58203125 0.296875 0.578125 0.296875 0.572265625 0.30859375 0.56640625
4 0.29296875 0.58984375 0.298828125 0.59375 0.298828125 0.599609375 0.29296875 0.607421875 0.283203125 0.607421875 0.283203125 0.599609375 0.287109375 0.591796875 0.291015625 0.58984375
4 0.951171875 0.908203125 0.95703125 0.919921875 0.96484375 0.927734375 0.966796875 0.935546875 0.97265625 0.94140625 0.97265625 0.951171875 0.96875 0.951171875 0.9609375 0.943359375 0.955078125 0.94140625 0.955078125 0.93359375 0.94921875 0.9296875 0.94921875 0.91015625
4 0.8515625 0.833984375 0.859375 0.84765625 0.87109375 0.859375 0.869140625 0.873046875 0.86328125 0.873046875 0.859375 0.869140625 0.84375 0.845703125 0.841796875 0.8359375 0.845703125 0.83203125 0.849609375 0.833984375