2 0.5267529921875 0.18908615625 0.544176419921875 0.17599563671875 0.555071599609375 0.150764361328125 0.558506837890625 0.11948011328125 0.55640891796875 0.097835318359375 0.552035623046875 0.08045215625 0.53996153515625 0.05505446484375 0.52810928515625 0.040580728515625 0.507795677734375 0.03013260546875 0.49149408984375 0.03412531640625 0.47424179296875 0.053168203125 0.46653467578125 0.07701246875 0.46451283203125 0.106132046875 0.46910796484375 0.134439166015625 0.479648234375 0.16102075 0.497426607421875 0.18273135546875 0.511744375 0.189933419921875 0.5267529921875 0.18908615625
4 0.09375 0.404296875 0.1015625 0.404296875 0.109375 0.408203125 0.109375 0.421875 0.1015625 0.421875 0.091796875 0.416015625 0.091796875 0.408203125 0.09375 0.40625
4 0.646484375 0.40625 0.015625 0.025390625
4 0.09765625 0.37109375 0.099609375 0.373046875 0.099609375 0.380859375 0.095703125 0.390625 0.08984375 0.388671875 0.083984375 0.380859375 0.083984375 0.373046875 0.087890625 0.369140625 0.09375 0.369140625 0.095703125 0.37109375
4 0.744140625 0.587890625 0.75 0.591796875 0.75 0.60546875 0.73828125 0.611328125 0.734375 0.60546875 0.734375 0.59765625 0.736328125 0.591796875 0.7421875 0.587890625
4 0.763671875 0.4326171875 0.013671875 0.03125
4 0.7587890625 0.431640625 0.021484375 0.033203125
4 0.705078125 0.455078125 0.71484375 0.453125 0.716796875 0.455078125 0.716796875 0.4609375 0.720703125 0.46484375 0.720703125 0.470703125 0.71484375 0.4765625 0.703125 0.462890625 0.705078125 0.45703125
4 0.72265625 0.3203125 0.73046875 0.32421875 0.732421875 0.3359375 0.728515625 0.33984375 0.720703125 0.33984375 0.712890625 0.33203125 0.720703125 0.322265625
4 0.724609375 0.498046875 0.73828125 0.5 0.73828125 0.5078125 0.73046875 0.515625 0.724609375 0.509765625 0.724609375 0.5
4 0.7568359375 0.43359375 0.015625 0.021484375
4 0.09375 0.404296875 0.1015625 0.404296875 0.111328125 0.41015625 0.12109375 0.423828125 0.12109375 0.43359375 0.123046875 0.435546875 0.119140625 0.4375 0.107421875 0.435546875 0.10546875 0.42578125 0.091796875 0.416015625 0.091796875 0.408203125 0.09375 0.40625