2 0.5363378828125 0.7619474921875 0.521706662109375 0.763426130859375 0.508974896484375 0.7725801015625 0.495119970703125 0.79628890625 0.489004109375 0.823598287109375 0.488896623046875 0.851665556640625 0.4953068984375 0.87950522265625 0.506402990234375 0.901375009765625 0.525986923828125 0.91714215234375 0.54234884375 0.918506197265625 0.56037707421875 0.905296439453125 0.569613693359375 0.8894905703125 0.577392744140625 0.86309081640625 0.578957798828125 0.8456174296875 0.577672109375 0.82437276171875 0.56956488671875 0.794656939453125 0.55517616015625 0.77193442578125 0.5363378828125 0.7619474921875
5 0.09375 0.599609375 0.099609375 0.60546875 0.099609375 0.61328125 0.08984375 0.619140625 0.08203125 0.615234375 0.08203125 0.609375 0.091796875 0.6015625
5 0.6171875 0.544921875 0.61328125 0.541015625 0.61328125 0.525390625 0.615234375 0.5234375 0.62109375 0.5234375 0.623046875 0.52734375 0.623046875 0.537109375 0.619140625 0.54296875
5 0.091796875 0.6328125 0.091796875 0.63671875 0.095703125 0.642578125 0.095703125 0.6484375 0.091796875 0.654296875 0.08203125 0.65234375 0.080078125 0.6484375 0.08203125 0.638671875 0.08984375 0.6328125
5 0.68359375 0.322265625 0.689453125 0.32421875 0.69140625 0.330078125 0.69140625 0.337890625 0.6875 0.341796875 0.677734375 0.33984375 0.673828125 0.330078125 0.673828125 0.32421875 0.677734375 0.3203125 0.681640625 0.322265625
5 0.7265625 0.50390625 0.72265625 0.49609375 0.724609375 0.4921875 0.72265625 0.48046875 0.724609375 0.478515625 0.7265625 0.478515625 0.73046875 0.486328125 0.73046875 0.494140625 0.732421875 0.49609375 0.732421875 0.5 0.728515625 0.50390625
5 0.724609375 0.478515625 0.73046875 0.48828125 0.732421875 0.5 0.724609375 0.5078125 0.71875 0.498046875 0.71484375 0.486328125 0.72265625 0.48046875
5 0.67578125 0.455078125 0.681640625 0.458984375 0.6796875 0.474609375 0.673828125 0.478515625 0.666015625 0.470703125 0.669921875 0.4609375 0.673828125 0.45703125
5 0.712890625 0.587890625 0.712890625 0.599609375 0.70703125 0.603515625 0.697265625 0.59765625 0.697265625 0.58984375 0.703125 0.5859375 0.708984375 0.5859375 0.7109375 0.587890625
5 0.681640625 0.4140625 0.693359375 0.419921875 0.693359375 0.427734375 0.681640625 0.431640625 0.6796875 0.4296875 0.6796875 0.41796875 0.681640625 0.416015625
5 0.724609375 0.484375 0.724609375 0.494140625 0.72265625 0.49609375 0.724609375 0.498046875 0.72265625 0.5 0.71484375 0.490234375 0.716796875 0.484375 0.72265625 0.484375
5 0.10546875 0.583984375 0.109375 0.5859375 0.107421875 0.6015625 0.103515625 0.609375 0.08984375 0.619140625 0.08203125 0.615234375 0.08203125 0.609375 0.09375 0.59765625 0.095703125 0.5859375 0.09765625 0.583984375 0.103515625 0.583984375