5 0.86328125 0.138671875 0.861328125 0.1328125 0.857421875 0.13671875 0.857421875 0.130859375 0.8671875 0.115234375 0.87109375 0.09375 0.875 0.087890625 0.880859375 0.09375 0.880859375 0.10546875 0.869140625 0.119140625 0.865234375 0.138671875
4 0.47265625 0 0.50390625 0 0.50390625 0.01171875 0.49609375 0.017578125 0.490234375 0.013671875 0.486328125 0.017578125 0.478515625 0.015625 0.47265625 0.0078125 0.47265625 0.001953125
4 0.775390625 0.953125 0.779296875 0.955078125 0.787109375 0.96875 0.791015625 0.986328125 0.794921875 0.9921875 0.794921875 0.998046875 0.73046875 0.998046875 0.748046875 0.9765625 0.755859375 0.970703125 0.7578125 0.96484375 0.767578125 0.955078125 0.76953125 0.95703125 0.7734375 0.955078125
4 0.880859375 0.01953125 0.91796875 0.021484375 0.916015625 0.0234375 0.916015625 0.03125 0.912109375 0.03515625 0.90625 0.03515625 0.904296875 0.037109375 0.90234375 0.03515625 0.896484375 0.03515625 0.8828125 0.021484375
4 0.744140625 0.01171875 0.7890625 0.013671875 0.79296875 0.017578125 0.798828125 0.033203125 0.8046875 0.041015625 0.810546875 0.06640625 0.81640625 0.078125 0.814453125 0.080078125 0.81640625 0.08203125 0.814453125 0.095703125 0.8046875 0.109375 0.80078125 0.109375 0.794921875 0.11328125 0.78125 0.109375 0.77734375 0.103515625 0.77734375 0.080078125 0.775390625 0.078125 0.77734375 0.076171875 0.771484375 0.0703125 0.765625 0.0703125 0.7578125 0.0625 0.75390625 0.048828125 0.7421875 0.037109375 0.7421875 0.02734375 0.740234375 0.025390625 0.744140625 0.013671875
4 0.708984375 0.748046875 0.71875 0.7578125 0.7265625 0.775390625 0.7265625 0.798828125 0.720703125 0.818359375 0.65234375 0.88671875 0.646484375 0.88671875 0.634765625 0.873046875 0.630859375 0.8515625 0.626953125 0.84375 0.62890625 0.82421875 0.6328125 0.81640625 0.63671875 0.814453125 0.64453125 0.802734375 0.6796875 0.767578125 0.6875 0.755859375 0.697265625 0.748046875 0.70703125 0.748046875
4 0.650390625 0.56640625 0.66015625 0.578125 0.662109375 0.587890625 0.666015625 0.59375 0.666015625 0.619140625 0.6640625 0.625 0.658203125 0.634765625 0.6328125 0.66015625 0.626953125 0.662109375 0.615234375 0.67578125 0.58984375 0.697265625 0.583984375 0.697265625 0.58203125 0.6953125 0.5703125 0.671875 0.572265625 0.66796875 0.568359375 0.65625 0.5703125 0.63671875 0.619140625 0.587890625 0.623046875 0.580078125 0.630859375 0.578125 0.638671875 0.568359375 0.6484375 0.56640625
4 0.75 0.849609375 0.7578125 0.861328125 0.7578125 0.8671875 0.763671875 0.8828125 0.76171875 0.90625 0.7578125 0.91015625 0.7578125 0.916015625 0.75 0.9296875 0.7265625 0.951171875 0.716796875 0.96484375 0.6953125 0.986328125 0.67578125 0.982421875 0.671875 0.9765625 0.66796875 0.9609375 0.6640625 0.95703125 0.6640625 0.93359375 0.666015625 0.927734375 0.671875 0.91796875 0.697265625 0.890625 0.71484375 0.861328125 0.720703125 0.861328125 0.73828125 0.845703125 0.744140625 0.845703125 0.748046875 0.849609375
4 0.79296875 0.015625 0.830078125 0.015625 0.83203125 0.017578125 0.841796875 0.017578125 0.853515625 0.052734375 0.853515625 0.068359375 0.849609375 0.080078125 0.837890625 0.08984375 0.83203125 0.091796875 0.8203125 0.083984375 0.806640625 0.04296875 0.798828125 0.029296875 0.798828125 0.025390625 0.794921875 0.021484375 0.794921875 0.017578125
4 0.58984375 0.38671875 0.595703125 0.390625 0.59765625 0.396484375 0.60546875 0.40625 0.607421875 0.44140625 0.578125 0.48046875 0.568359375 0.48828125 0.560546875 0.501953125 0.548828125 0.51171875 0.544921875 0.51953125 0.53515625 0.529296875 0.53125 0.529296875 0.525390625 0.525390625 0.515625 0.5078125 0.513671875 0.482421875 0.517578125 0.478515625 0.517578125 0.47265625 0.521484375 0.46484375 0.53515625 0.4453125 0.5390625 0.443359375 0.548828125 0.4296875 0.55859375 0.421875 0.564453125 0.412109375 0.587890625 0.388671875
4 0.611328125 0.716796875 0.62890625 0.69921875 0.634765625 0.697265625 0.64453125 0.6875 0.646484375 0.6796875 0.6640625 0.662109375 0.671875 0.66015625 0.677734375 0.666015625 0.6875 0.689453125 0.6875 0.708984375 0.6796875 0.724609375 0.669921875 0.734375 0.666015625 0.734375 0.638671875 0.763671875 0.63671875 0.76953125 0.615234375 0.7890625 0.607421875 0.787109375 0.60546875 0.78125 0.599609375 0.775390625 0.59375 0.759765625 0.59375 0.74609375 0.59765625 0.740234375 0.59765625 0.736328125 0.6015625 0.728515625 0.611328125 0.71875
4 0.6171875 0.48046875 0.623046875 0.486328125 0.6328125 0.5078125 0.6328125 0.51953125 0.634765625 0.521484375 0.630859375 0.52734375 0.630859375 0.53515625 0.625 0.544921875 0.609375 0.556640625 0.57421875 0.595703125 0.56640625 0.6015625 0.560546875 0.6015625 0.5546875 0.595703125 0.54296875 0.564453125 0.544921875 0.546875 0.548828125 0.541015625 0.548828125 0.537109375 0.60546875 0.48046875 0.615234375 0.48046875
4 0.5234375 0.353515625 0.537109375 0.34375 0.54296875 0.3359375 0.548828125 0.333984375 0.55859375 0.326171875 0.568359375 0.326171875 0.576171875 0.333984375 0.57421875 0.3359375 0.58203125 0.3515625 0.58203125 0.37109375 0.5625 0.39453125 0.552734375 0.400390625 0.544921875 0.41015625 0.529296875 0.421875 0.513671875 0.4375 0.505859375 0.4375 0.501953125 0.43359375 0.501953125 0.4296875 0.494140625 0.416015625 0.494140625 0.41015625 0.4921875 0.408203125 0.494140625 0.404296875 0.494140625 0.388671875 0.50390625 0.373046875 0.5234375 0.35546875