2 0.578960138671875 0.5083038125 0.587974302734375 0.47167516796875 0.58811766796875 0.446894337890625 0.581594451171875 0.41958184765625 0.571495927734375 0.405339732421875 0.55436148046875 0.397413705078125 0.536517025390625 0.402227001953125 0.52116852734375 0.415556994140625 0.5036158125 0.4432664609375 0.494412767578125 0.475881271484375 0.492557642578125 0.50324458203125 0.498116201171875 0.532319478515625 0.51073935546875 0.55012212109375 0.525973162109375 0.55661679296875 0.544876716796875 0.552048005859375 0.562996072265625 0.536380046875 0.578960138671875 0.5083038125
5 0.591796875 0.875 0.5859375 0.865234375 0.5859375 0.853515625 0.591796875 0.849609375 0.59765625 0.853515625 0.59765625 0.859375 0.599609375 0.861328125 0.59765625 0.86328125 0.599609375 0.87109375 0.59375 0.875
5 0.609375 0.8046875 0.60546875 0.798828125 0.607421875 0.79296875 0.603515625 0.783203125 0.60546875 0.771484375 0.607421875 0.76953125 0.61328125 0.76953125 0.61328125 0.77734375 0.611328125 0.779296875 0.61328125 0.794921875 0.611328125 0.796875 0.611328125 0.802734375
5 0.5146484375 0.2353515625 0.0234375 0.041015625
5 0.0703125 0.701171875 0.076171875 0.697265625 0.08203125 0.697265625 0.0859375 0.705078125 0.083984375 0.716796875 0.080078125 0.720703125 0.072265625 0.720703125 0.06640625 0.716796875 0.06640625 0.70703125 0.0703125 0.703125
5 0.67578125 0.716796875 0.6796875 0.71484375 0.685546875 0.716796875 0.69140625 0.724609375 0.69140625 0.734375 0.685546875 0.740234375 0.681640625 0.736328125 0.6796875 0.7265625 0.67578125 0.724609375 0.677734375 0.72265625 0.67578125 0.71875
5 0.689453125 0.84765625 0.0234375 0.029296875
5 0.05078125 0.6875 0.064453125 0.685546875 0.05859375 0.703125 0.05078125 0.703125 0.046875 0.69921875 0.05078125 0.689453125
5 0.642578125 0.875 0.642578125 0.880859375 0.6484375 0.892578125 0.6484375 0.90234375 0.638671875 0.90234375 0.63671875 0.900390625 0.63671875 0.88671875 0.634765625 0.884765625 0.63671875 0.87890625 0.640625 0.876953125
5 0.623046875 0.966796875 0.630859375 0.962890625 0.63671875 0.966796875 0.63671875 0.978515625 0.634765625 0.982421875 0.623046875 0.98828125 0.619140625 0.98828125 0.62109375 0.986328125 0.619140625 0.984375 0.619140625 0.978515625 0.623046875 0.96875
5 0.0625 0.716796875 0.068359375 0.720703125 0.078125 0.720703125 0.080078125 0.72265625 0.078125 0.728515625 0.0703125 0.73828125 0.0625 0.744140625 0.044921875 0.728515625 0.044921875 0.72265625 0.05078125 0.716796875 0.060546875 0.716796875