4 0.798828125 0.833984375 0.80859375 0.8515625 0.80859375 0.859375 0.806640625 0.861328125 0.802734375 0.861328125 0.796875 0.85546875 0.79296875 0.85546875 0.794921875 0.841796875 0.796875 0.83984375 0.791015625 0.833984375 0.791015625 0.830078125 0.794921875 0.828125 0.796875 0.833984375
4 0.69140625 0.853515625 0.6953125 0.85546875 0.6953125 0.861328125 0.693359375 0.86328125 0.69921875 0.87109375 0.697265625 0.873046875 0.701171875 0.87890625 0.69921875 0.884765625 0.701171875 0.88671875 0.701171875 0.892578125 0.69921875 0.89453125 0.693359375 0.89453125 0.69140625 0.892578125 0.689453125 0.88671875 0.69140625 0.880859375 0.6875 0.875 0.6875 0.861328125 0.69140625 0.859375 0.69140625 0.85546875
4 0.69921875 0.7265625 0.705078125 0.73046875 0.703125 0.748046875 0.689453125 0.75 0.69140625 0.740234375 0.6953125 0.73828125 0.6953125 0.732421875 0.69921875 0.728515625
4 0.71484375 0.681640625 0.71875 0.6875 0.716796875 0.69140625 0.71875 0.69921875 0.716796875 0.701171875 0.716796875 0.70703125 0.7109375 0.712890625 0.705078125 0.708984375 0.701171875 0.69921875 0.703125 0.697265625 0.703125 0.69140625 0.712890625 0.681640625
4 0.732421875 0.654296875 0.736328125 0.66015625 0.734375 0.662109375 0.734375 0.669921875 0.7265625 0.677734375 0.724609375 0.677734375 0.720703125 0.669921875 0.724609375 0.65625 0.73046875 0.65625
4 0.7109375 0.720703125 0.71875 0.720703125 0.72265625 0.7265625 0.72265625 0.73046875 0.71875 0.736328125 0.70703125 0.748046875 0.703125 0.740234375 0.7109375 0.72265625
4 0.8984375 0.83203125 0.90234375 0.833984375 0.90234375 0.837890625 0.90625 0.841796875 0.912109375 0.841796875 0.9140625 0.84375 0.91796875 0.841796875 0.923828125 0.849609375 0.923828125 0.861328125 0.9140625 0.865234375 0.908203125 0.859375 0.908203125 0.853515625 0.90625 0.8515625 0.908203125 0.849609375 0.900390625 0.83984375 0.8984375 0.833984375
4 0.671875 0.8251953125 0.037109375 0.05078125
4 0.765625 0.826171875 0.763671875 0.828125 0.763671875 0.833984375 0.767578125 0.84765625 0.771484375 0.8515625 0.771484375 0.857421875 0.767578125 0.859375 0.76171875 0.859375 0.763671875 0.857421875 0.759765625 0.853515625 0.7578125 0.841796875 0.75390625 0.837890625 0.755859375 0.8359375 0.75390625 0.833984375 0.75390625 0.828125 0.7578125 0.830078125 0.763671875 0.826171875
4 0.71875 0.751953125 0.724609375 0.74609375 0.728515625 0.75 0.728515625 0.76171875 0.7265625 0.763671875 0.7265625 0.76953125 0.72265625 0.7734375 0.72265625 0.779296875 0.724609375 0.78125 0.72265625 0.783203125 0.716796875 0.765625 0.71875 0.75390625
4 0.857421875 0.8671875 0.8671875 0.884765625 0.87109375 0.88671875 0.87109375 0.892578125 0.873046875 0.89453125 0.87109375 0.8984375 0.86328125 0.896484375 0.85546875 0.888671875 0.849609375 0.890625 0.845703125 0.888671875 0.84765625 0.876953125 0.85546875 0.869140625
4 0.517578125 0.439453125 0.521484375 0.4375 0.525390625 0.443359375 0.5234375 0.455078125 0.515625 0.462890625 0.513671875 0.45703125 0.515625 0.455078125 0.517578125 0.44140625
4 0.849609375 0.7783203125 0.02734375 0.03515625
4 0.677734375 0.712890625 0.6875 0.712890625 0.689453125 0.716796875 0.6875 0.71875 0.6875 0.7265625 0.681640625 0.73046875 0.6796875 0.744140625 0.671875 0.751953125 0.669921875 0.76171875 0.66796875 0.76171875 0.666015625 0.7578125 0.669921875 0.74609375 0.671875 0.7265625 0.677734375 0.71484375
4 0.55859375 0.45703125 0.560546875 0.458984375 0.55859375 0.474609375 0.5546875 0.478515625 0.55078125 0.474609375 0.552734375 0.46484375 0.556640625 0.458984375
4 0.71875 0.833984375 0.720703125 0.83203125 0.716796875 0.822265625 0.716796875 0.8125 0.71875 0.810546875 0.7265625 0.8125 0.728515625 0.83203125 0.720703125 0.8359375
4 0.904296875 0.712890625 0.908203125 0.716796875 0.90625 0.720703125 0.91015625 0.7265625 0.919921875 0.734375 0.91796875 0.75 0.9140625 0.751953125 0.91015625 0.744140625 0.904296875 0.744140625 0.8984375 0.73828125 0.896484375 0.728515625 0.8984375 0.7265625 0.8984375 0.720703125 0.900390625 0.72265625 0.904296875 0.71484375
4 0.693359375 0.751953125 0.703125 0.751953125 0.703125 0.7578125 0.705078125 0.759765625 0.703125 0.76171875 0.703125 0.779296875 0.69921875 0.783203125 0.6953125 0.783203125 0.689453125 0.775390625 0.693359375 0.75390625
4 0.916015625 0.841796875 0.923828125 0.84765625 0.923828125 0.861328125 0.916015625 0.865234375 0.91015625 0.861328125 0.908203125 0.849609375 0.9140625 0.84375
4 0.8017578125 1.015625 0.03515625 0.041015625