5 0.662109375 0.916015625 0.666015625 0.916015625 0.673828125 0.9296875 0.68359375 0.9375 0.685546875 0.9453125 0.67578125 0.955078125 0.66796875 0.943359375 0.6640625 0.91796875
5 0.232421875 0.2109375 0.232421875 0.21875 0.234375 0.220703125 0.232421875 0.2265625 0.234375 0.232421875 0.228515625 0.236328125 0.224609375 0.236328125 0.220703125 0.232421875 0.216796875 0.21875 0.22265625 0.2109375 0.2265625 0.208984375 0.23046875 0.2109375
5 0.224609375 0.375 0.228515625 0.375 0.240234375 0.388671875 0.240234375 0.396484375 0.236328125 0.400390625 0.234375 0.400390625 0.228515625 0.388671875 0.224609375 0.39453125 0.21875 0.388671875 0.21875 0.3828125 0.224609375 0.376953125
5 0.869140625 0.310546875 0.861328125 0.302734375 0.86328125 0.29296875 0.869140625 0.28515625 0.875 0.28515625 0.876953125 0.30078125 0.87890625 0.302734375 0.876953125 0.3125 0.87109375 0.310546875
5 0.2734375 0.4765625 0.279296875 0.478515625 0.2890625 0.486328125 0.287109375 0.4921875 0.28125 0.498046875 0.271484375 0.494140625 0.271484375 0.490234375 0.267578125 0.486328125 0.26953125 0.478515625 0.271484375 0.478515625
5 0.880859375 0.318359375 0.880859375 0.30859375 0.888671875 0.298828125 0.89453125 0.298828125 0.896484375 0.30078125 0.8984375 0.3046875 0.8984375 0.31640625 0.89453125 0.3203125 0.884765625 0.3203125 0.8828125 0.318359375
5 0.25 0.302734375 0.255859375 0.310546875 0.255859375 0.318359375 0.2578125 0.3203125 0.255859375 0.322265625 0.251953125 0.322265625 0.248046875 0.31640625 0.244140625 0.31640625 0.23828125 0.3125 0.23828125 0.306640625 0.248046875 0.302734375
5 0.873046875 0.2578125 0.873046875 0.26171875 0.888671875 0.2734375 0.890625 0.27734375 0.888671875 0.279296875 0.888671875 0.28515625 0.8828125 0.28515625 0.880859375 0.287109375 0.875 0.283203125 0.8671875 0.283203125 0.86328125 0.27734375 0.85546875 0.27734375 0.853515625 0.275390625 0.859375 0.265625 0.865234375 0.259765625 0.87109375 0.2578125
5 0.33203125 0.390625 0.33984375 0.3984375 0.33984375 0.41015625 0.3359375 0.4140625 0.337890625 0.416015625 0.3359375 0.41796875 0.330078125 0.412109375 0.328125 0.40625 0.326171875 0.392578125 0.330078125 0.390625
5 0.28515625 0.328125 0.2890625 0.328125 0.3046875 0.34375 0.30078125 0.35546875 0.291015625 0.353515625 0.291015625 0.349609375 0.283203125 0.33984375 0.28515625 0.330078125
2 0.5112303671875 0.593139765625 0.497495525390625 0.593010466796875 0.48630028515625 0.5994550625 0.47723130859375 0.610528919921875 0.4681903671875 0.6378567109375 0.468172884765625 0.667331478515625 0.474993048828125 0.69941783203125 0.486790818359375 0.7253649453125 0.504659095703125 0.744940517578125 0.5218933359375 0.753472185546875 0.5397931171875 0.751699953125 0.553573484375 0.738608416015625 0.56276155078125 0.7173468125 0.564684603515625 0.68340203125 0.558957341796875 0.651083375 0.54695290234375 0.624163947265625 0.52997085546875 0.6033837578125 0.5112303671875 0.593139765625