5 0.2255859375 0.3134765625 0.021484375 0.029296875
5 0.228515625 0.498046875 0.23828125 0.505859375 0.2421875 0.505859375 0.244140625 0.509765625 0.236328125 0.5078125 0.232421875 0.513671875 0.232421875 0.51953125 0.23046875 0.521484375 0.224609375 0.51953125 0.224609375 0.51171875 0.22265625 0.509765625 0.2265625 0.50390625 0.224609375 0.5 0.2265625 0.5
5 0.2421875 0.314453125 0.25 0.3203125 0.255859375 0.318359375 0.2578125 0.3203125 0.2578125 0.326171875 0.251953125 0.330078125 0.251953125 0.337890625 0.2421875 0.330078125 0.240234375 0.32421875 0.2421875 0.322265625 0.2421875 0.31640625
5 0.341796875 0.76953125 0.341796875 0.775390625 0.34375 0.77734375 0.333984375 0.791015625 0.326171875 0.787109375 0.328125 0.77734375 0.33203125 0.771484375 0.33984375 0.76953125
5 0.244140625 0.330078125 0.25 0.337890625 0.25 0.349609375 0.244140625 0.3515625 0.240234375 0.35546875 0.2421875 0.357421875 0.240234375 0.359375 0.236328125 0.35546875 0.236328125 0.349609375 0.23828125 0.34765625 0.236328125 0.345703125 0.236328125 0.337890625 0.23828125 0.33203125 0.2421875 0.330078125
5 0.23828125 0.27734375 0.25 0.279296875 0.259765625 0.291015625 0.267578125 0.291015625 0.271484375 0.298828125 0.271484375 0.30078125 0.265625 0.298828125 0.2578125 0.30078125 0.25390625 0.296875 0.244140625 0.296875 0.23828125 0.291015625 0.23828125 0.28515625 0.236328125 0.283203125 0.23828125 0.279296875
5 0.267578125 0.3359375 0.26953125 0.341796875 0.2734375 0.34375 0.2734375 0.3515625 0.275390625 0.353515625 0.271484375 0.36328125 0.2578125 0.3515625 0.25390625 0.34375 0.259765625 0.3359375 0.265625 0.3359375
5 0.857421875 0.85546875 0.861328125 0.861328125 0.859375 0.865234375 0.861328125 0.87109375 0.857421875 0.876953125 0.841796875 0.861328125 0.8515625 0.8515625 0.85546875 0.85546875
5 0.83984375 0.787109375 0.8515625 0.798828125 0.8515625 0.8125 0.84375 0.8125 0.833984375 0.798828125 0.837890625 0.79296875 0.837890625 0.7890625
5 0.3203125 0.408203125 0.32421875 0.4140625 0.32421875 0.421875 0.3203125 0.42578125 0.314453125 0.423828125 0.310546875 0.41015625 0.3125 0.404296875 0.318359375 0.408203125
5 0.29296875 0.32421875 0.298828125 0.32421875 0.306640625 0.330078125 0.3125 0.349609375 0.310546875 0.357421875 0.314453125 0.37109375 0.3125 0.375 0.314453125 0.3828125 0.310546875 0.384765625 0.306640625 0.37890625 0.30859375 0.376953125 0.3046875 0.369140625 0.3046875 0.36328125 0.30078125 0.359375 0.30078125 0.353515625 0.296875 0.349609375 0.296875 0.34375 0.29296875 0.33984375 0.29296875 0.33203125 0.291015625 0.330078125 0.29296875 0.326171875
5 0.181640625 0.517578125 0.185546875 0.517578125 0.197265625 0.525390625 0.197265625 0.529296875 0.19140625 0.53125 0.19140625 0.53515625 0.1875 0.541015625 0.1796875 0.53515625 0.1796875 0.52734375 0.177734375 0.525390625 0.181640625 0.51953125
5 0.255859375 0.37109375 0.259765625 0.376953125 0.26171875 0.392578125 0.251953125 0.390625 0.248046875 0.384765625 0.24609375 0.373046875 0.248046875 0.37109375 0.25390625 0.37109375
5 0.265625 0.728515625 0.26953125 0.728515625 0.271484375 0.732421875 0.26953125 0.740234375 0.2734375 0.74609375 0.271484375 0.75 0.2734375 0.7578125 0.271484375 0.759765625 0.263671875 0.7578125 0.259765625 0.734375 0.265625 0.73046875
5 0.271484375 0.40234375 0.283203125 0.408203125 0.28515625 0.4140625 0.28515625 0.427734375 0.283203125 0.431640625 0.279296875 0.431640625 0.279296875 0.42578125 0.275390625 0.423828125 0.275390625 0.419921875 0.26953125 0.4140625 0.26953125 0.40625 0.267578125 0.404296875 0.26953125 0.404296875
5 0.197265625 0.296875 0.20703125 0.310546875 0.20703125 0.31640625 0.197265625 0.30859375 0.19140625 0.30859375 0.185546875 0.3046875 0.18359375 0.298828125 0.185546875 0.294921875 0.19140625 0.29296875 0.1953125 0.296875
5 0.240234375 0.5859375 0.2421875 0.595703125 0.232421875 0.607421875 0.2265625 0.607421875 0.224609375 0.6015625 0.2265625 0.58984375 0.232421875 0.5859375 0.23828125 0.5859375
5 0.1953125 0.6484375 0.201171875 0.6484375 0.203125 0.65234375 0.201171875 0.65625 0.203125 0.658203125 0.201171875 0.66015625 0.201171875 0.669921875 0.19140625 0.6796875 0.1875 0.6796875 0.181640625 0.66796875 0.1953125 0.650390625
5 0.349609375 0.666015625 0.3515625 0.66796875 0.3515625 0.681640625 0.353515625 0.68359375 0.34765625 0.685546875 0.341796875 0.68359375 0.341796875 0.67578125 0.33984375 0.673828125 0.33984375 0.66796875 0.341796875 0.666015625 0.34765625 0.666015625
5 0.2734375 0.501953125 0.271484375 0.48828125 0.26953125 0.486328125 0.26953125 0.482421875 0.2734375 0.478515625 0.279296875 0.478515625 0.28125 0.494140625 0.283203125 0.49609375 0.279296875 0.501953125 0.275390625 0.501953125
5 0.722223169921875 0.059775822265625 0.7212970859375 0.052208939453125 0.717040017578125 0.044321173828125 0.70950955859375 0.04481658203125 0.706923283203125 0.0511294765625 0.708212123046875 0.0605625703125 0.7121064375 0.066584125 0.71947471484375 0.068056962890625 0.722223169921875 0.059775822265625
5 0.70243240234375 0 0.705098908203125 0.013717984375 0.715330830078125 0.0243178046875 0.72005523828125 0.02339947265625 0.722278759765625 0.015220369140625 0.71976210546875 0 0.70243240234375 0
5 0.6784252734375 0 0.679118958984375 0.006179271484375 0.68426371484375 0.015831212890625 0.690763501953125 0.01844123046875 0.70073725390625 0.016502529296875 0.6985607265625 0.00530526171875 0.69589125 0 0.6784252734375 0