5 0.904296875 0.208984375 0.90234375 0.205078125 0.904296875 0.1875 0.908203125 0.17578125 0.916015625 0.169921875 0.91796875 0.169921875 0.916015625 0.18359375 0.921875 0.193359375 0.919921875 0.20703125 0.916015625 0.2109375 0.90625 0.208984375
5 0.93359375 0.072265625 0.935546875 0.07421875 0.935546875 0.0859375 0.923828125 0.095703125 0.91796875 0.095703125 0.916015625 0.09375 0.912109375 0.095703125 0.91015625 0.09375 0.91015625 0.0859375 0.916015625 0.07421875 0.919921875 0.072265625 0.923828125 0.07421875 0.931640625 0.072265625
5 0.83203125 0.04296875 0.833984375 0.044921875 0.830078125 0.048828125 0.830078125 0.0625 0.814453125 0.0703125 0.810546875 0.056640625 0.8125 0.048828125 0.818359375 0.046875 0.822265625 0.041015625 0.830078125 0.04296875
5 0.9765625 0.056640625 0.982421875 0.0546875 0.98828125 0.056640625 0.990234375 0.060546875 0.98828125 0.0703125 0.974609375 0.076171875 0.97265625 0.072265625 0.9765625 0.064453125 0.9765625 0.05859375
5 0.94140625 0.916015625 0.947265625 0.921875 0.94921875 0.927734375 0.947265625 0.939453125 0.939453125 0.93359375 0.93359375 0.93359375 0.931640625 0.9296875 0.92578125 0.912109375 0.927734375 0.8984375 0.93359375 0.90234375 0.931640625 0.904296875 0.93359375 0.91015625 0.939453125 0.916015625
5 0.78515625 0.9453125 0.794921875 0.951171875 0.794921875 0.95703125 0.791015625 0.958984375 0.791015625 0.970703125 0.78125 0.98046875 0.779296875 0.986328125 0.77734375 0.98828125 0.76953125 0.98828125 0.76953125 0.974609375 0.771484375 0.97265625 0.76953125 0.95703125 0.771484375 0.951171875 0.779296875 0.951171875 0.783203125 0.947265625
5 0.77734375 0.888671875 0.7890625 0.896484375 0.7890625 0.904296875 0.791015625 0.90625 0.7890625 0.916015625 0.78125 0.916015625 0.779296875 0.9140625 0.77734375 0.896484375 0.775390625 0.89453125 0.77734375 0.890625
5 0.4453125 0.8046875 0.443359375 0.79296875 0.44921875 0.775390625 0.453125 0.78515625 0.453125 0.79296875 0.44921875 0.8046875 0.447265625 0.8046875
5 0.51953125 0.845703125 0.521484375 0.845703125 0.517578125 0.853515625 0.517578125 0.861328125 0.509765625 0.869140625 0.5078125 0.86328125 0.509765625 0.859375 0.509765625 0.845703125 0.51171875 0.84375 0.509765625 0.83984375 0.51171875 0.8359375 0.517578125 0.84375
5 0.91796875 0.056640625 0.919921875 0.0625 0.9140625 0.0703125 0.91015625 0.083984375 0.8984375 0.09375 0.892578125 0.09375 0.890625 0.080078125 0.91015625 0.05859375 0.916015625 0.056640625
5 0.970703125 0.083984375 0.9765625 0.08984375 0.984375 0.08984375 0.984375 0.09375 0.98828125 0.095703125 0.98828125 0.103515625 0.982421875 0.107421875 0.982421875 0.111328125 0.97265625 0.1171875 0.966796875 0.11328125 0.96484375 0.107421875 0.970703125 0.099609375 0.970703125 0.08984375 0.96875 0.087890625 0.970703125 0.0859375
5 0.998046875 0.068359375 0.998046875 0.087890625 0.9921875 0.091796875 0.986328125 0.0859375 0.986328125 0.076171875 0.99609375 0.0703125
5 0.734375 0.1171875 0.01953125 0.0234375
5 0.98828125 0.056640625 0.998046875 0.056640625 0.998046875 0.05859375 0.9921875 0.060546875 0.990234375 0.05859375
5 0.931640625 0.150390625 0.9296875 0.140625 0.939453125 0.12890625 0.947265625 0.134765625 0.94921875 0.146484375 0.9453125 0.154296875 0.94140625 0.15625 0.93359375 0.150390625
5 0.748046875 0.958984375 0.751953125 0.95703125 0.755859375 0.958984375 0.755859375 0.96484375 0.7578125 0.966796875 0.755859375 0.98828125 0.75390625 0.990234375 0.755859375 0.9921875 0.755859375 0.998046875 0.74609375 0.998046875 0.744140625 0.97265625 0.748046875 0.9609375
5 0.55859375 0.83203125 0.5625 0.83203125 0.56640625 0.83984375 0.564453125 0.85546875 0.560546875 0.857421875 0.556640625 0.8515625 0.55859375 0.84765625 0.55859375 0.833984375
5 0.771484375 0.947265625 0.767578125 0.94140625 0.767578125 0.92578125 0.775390625 0.908203125 0.77734375 0.908203125 0.77734375 0.9140625 0.78125 0.921875 0.779296875 0.927734375 0.78515625 0.94140625 0.779296875 0.94921875 0.7734375 0.947265625
5 0.7734375 0.990234375 0.78125 0.986328125 0.787109375 0.9921875 0.787109375 0.998046875 0.7734375 0.998046875 0.7734375 0.9921875