5 0.908203125 0.146484375 0.91015625 0.1484375 0.908203125 0.15234375 0.91015625 0.158203125 0.908203125 0.166015625 0.892578125 0.181640625 0.888671875 0.181640625 0.888671875 0.171875 0.89453125 0.16015625 0.89453125 0.150390625 0.90625 0.146484375
5 0.7421875 0.048828125 0.7421875 0.033203125 0.74609375 0.025390625 0.74609375 0.01953125 0.75390625 0.00390625 0.759765625 0.00390625 0.76171875 0.009765625 0.75390625 0.033203125 0.74609375 0.041015625 0.748046875 0.052734375 0.744140625 0.048828125
5 0.736328125 0.205078125 0.740234375 0.20703125 0.744140625 0.216796875 0.740234375 0.232421875 0.73828125 0.234375 0.732421875 0.234375 0.728515625 0.228515625 0.728515625 0.21875 0.7265625 0.216796875 0.734375 0.20703125
5 0.72265625 0.1640625 0.732421875 0.162109375 0.73828125 0.166015625 0.736328125 0.18359375 0.732421875 0.1875 0.724609375 0.177734375 0.72265625 0.166015625
5 0.982421875 0.05859375 0.984375 0.05859375 0.984375 0.0859375 0.98046875 0.087890625 0.98046875 0.08203125 0.984375 0.078125 0.984375 0.072265625 0.982421875 0.0703125 0.978515625 0.072265625 0.974609375 0.0703125 0.974609375 0.06640625 0.982421875 0.060546875
5 0.71484375 0.0791015625 0.03125 0.05078125
5 0.8203125 0.056640625 0.826171875 0.0546875 0.830078125 0.0625 0.822265625 0.072265625 0.818359375 0.083984375 0.818359375 0.09765625 0.81640625 0.099609375 0.810546875 0.08984375 0.806640625 0.09375 0.806640625 0.0859375 0.8203125 0.05859375
5 0.76171875 0.14453125 0.767578125 0.16015625 0.767578125 0.166015625 0.76171875 0.17578125 0.759765625 0.17578125 0.7578125 0.166015625 0.751953125 0.158203125 0.755859375 0.146484375 0.759765625 0.14453125
5 0.912109375 0.001953125 0.91796875 0 0.921875 0.001953125 0.919921875 0.015625 0.9140625 0.017578125 0.904296875 0.029296875 0.900390625 0.03125 0.896484375 0.029296875 0.8984375 0.013671875 0.912109375 0.00390625
5 0.736328125 0.181640625 0.73828125 0.1796875 0.73828125 0.171875 0.740234375 0.169921875 0.74609375 0.169921875 0.748046875 0.1796875 0.75390625 0.1875 0.75390625 0.19140625 0.74609375 0.19921875 0.7421875 0.19921875 0.73828125 0.193359375 0.73828125 0.18359375
5 0.486328125 0.439453125 0.013671875 0.033203125
5 0.52734375 0.4267578125 0.01171875 0.029296875
5 0.41796875 0.53515625 0.421875 0.541015625 0.419921875 0.560546875 0.4140625 0.55859375 0.4140625 0.552734375 0.41015625 0.548828125 0.41015625 0.54296875 0.416015625 0.537109375
5 0.748046875 0.240234375 0.751953125 0.2421875 0.755859375 0.25 0.75390625 0.25390625 0.75390625 0.265625 0.7421875 0.267578125 0.7421875 0.248046875 0.74609375 0.2421875
5 0.86328125 0.00390625 0.87109375 0.001953125 0.87109375 0.01171875 0.857421875 0.02734375 0.8515625 0.02734375 0.84765625 0.0234375 0.857421875 0.009765625 0.86328125 0.005859375
5 0.7060546875 0.173828125 0.01953125 0.060546875
5 0.7734375 0.07421875 0.779296875 0.076171875 0.7734375 0.095703125 0.775390625 0.09765625 0.775390625 0.103515625 0.7734375 0.10546875 0.76953125 0.099609375 0.765625 0.1015625 0.763671875 0.099609375 0.765625 0.087890625 0.7734375 0.076171875
5 0.947265625 0.1796875 0.94921875 0.181640625 0.94921875 0.1875 0.95703125 0.193359375 0.9609375 0.193359375 0.96484375 0.1875 0.96875 0.189453125 0.96875 0.205078125 0.962890625 0.2109375 0.951171875 0.212890625 0.9453125 0.19921875 0.9453125 0.18359375 0.947265625 0.181640625
5 0.73828125 0.126953125 0.7421875 0.130859375 0.73828125 0.162109375 0.7265625 0.16015625 0.7265625 0.134765625 0.73046875 0.12890625 0.736328125 0.126953125
5 0.953125 0.951171875 0.9609375 0.958984375 0.9609375 0.96484375 0.96484375 0.97265625 0.96484375 0.98046875 0.95703125 0.984375 0.953125 0.984375 0.94140625 0.974609375 0.94140625 0.966796875 0.939453125 0.96484375 0.939453125 0.953125 0.951171875 0.951171875