2 0.4675399921875 0.35305994921875 0.452725158203125 0.353836361328125 0.432143703125 0.37056143359375 0.42135008984375 0.395574669921875 0.417294177734375 0.423168505859375 0.41942726171875 0.45337169921875 0.428042501953125 0.48127937109375 0.444734875 0.50583003125 0.462255591796875 0.5146908359375 0.481804267578125 0.50975472265625 0.496949857421875 0.494292435546875 0.50659496484375 0.468361486328125 0.5103577265625 0.44567252734375 0.50666726171875 0.406749828125 0.497656654296875 0.3817965859375 0.482865919921875 0.36203577734375 0.4675399921875 0.35305994921875
5 0.849609375 0.013671875 0.853515625 0.013671875 0.85546875 0.03125 0.8515625 0.03515625 0.84375 0.037109375 0.84375 0.025390625 0.841796875 0.0234375 0.849609375 0.015625
5 0.298828125 0.14453125 0.302734375 0.14453125 0.30859375 0.15234375 0.30859375 0.18359375 0.306640625 0.185546875 0.3046875 0.16796875 0.296875 0.150390625 0.298828125 0.146484375
5 0.53125 0.603515625 0.537109375 0.609375 0.537109375 0.61328125 0.529296875 0.623046875 0.525390625 0.62109375 0.525390625 0.60546875 0.529296875 0.603515625
5 0.212890625 0.119140625 0.21875 0.125 0.21875 0.13671875 0.228515625 0.15234375 0.2265625 0.158203125 0.21875 0.16015625 0.21484375 0.142578125 0.2109375 0.138671875 0.2109375 0.12109375
5 0.23828125 0.06640625 0.244140625 0.068359375 0.244140625 0.076171875 0.25 0.083984375 0.248046875 0.09375 0.228515625 0.07421875 0.236328125 0.06640625
5 0.833984375 0.02734375 0.837890625 0.03125 0.837890625 0.037109375 0.83203125 0.048828125 0.8203125 0.060546875 0.81640625 0.060546875 0.81640625 0.05078125 0.8203125 0.04296875 0.8203125 0.03515625 0.826171875 0.02734375 0.83203125 0.02734375
5 0.248046875 0.234375 0.25 0.240234375 0.259765625 0.251953125 0.259765625 0.2578125 0.2578125 0.259765625 0.251953125 0.2578125 0.2421875 0.248046875 0.240234375 0.234375 0.2421875 0.232421875 0.24609375 0.234375
5 0.087890625 0.998046875 0.08984375 0.99609375 0.095703125 0.99609375 0.09765625 0.998046875 0.08984375 0.998046875
5 0.30078125 0.0625 0.30859375 0.0703125 0.310546875 0.0859375 0.306640625 0.0859375 0.298828125 0.076171875 0.298828125 0.064453125
5 0.849609375 0.037109375 0.85546875 0.03515625 0.859375 0.0390625 0.859375 0.052734375 0.853515625 0.05859375 0.84765625 0.0703125 0.84375 0.072265625 0.841796875 0.0703125 0.841796875 0.064453125 0.84765625 0.052734375 0.84765625 0.041015625 0.849609375 0.0390625
5 0.2314453125 0.001953125 0.01953125 0.02734375
5 0.8359375 0.00390625 0.83984375 0.0078125 0.83984375 0.01171875 0.83203125 0.0234375 0.826171875 0.02734375 0.82421875 0.02734375 0.82421875 0.017578125 0.830078125 0.005859375 0.833984375 0.00390625