4 0.953125 0.740234375 0.95703125 0.7421875 0.9609375 0.755859375 0.95703125 0.76171875 0.9609375 0.7734375 0.9609375 0.78125 0.955078125 0.78125 0.94921875 0.77734375 0.947265625 0.767578125 0.939453125 0.755859375 0.94140625 0.75390625 0.939453125 0.748046875 0.94140625 0.7421875 0.951171875 0.740234375
4 0.962890625 0.857421875 0.96484375 0.859375 0.9765625 0.857421875 0.982421875 0.861328125 0.986328125 0.8671875 0.98828125 0.87890625 0.96875 0.880859375 0.962890625 0.873046875 0.958984375 0.859375 0.9609375 0.859375
4 0.86328125 0.89453125 0.875 0.8984375 0.880859375 0.904296875 0.880859375 0.91015625 0.884765625 0.9140625 0.884765625 0.919921875 0.880859375 0.921875 0.873046875 0.921875 0.8671875 0.91796875 0.861328125 0.912109375 0.86328125 0.908203125 0.86328125 0.896484375
4 0.892578125 0 0.896484375 0 0.896484375 0.005859375 0.8984375 0.0078125 0.896484375 0.029296875 0.89453125 0.033203125 0.888671875 0.033203125 0.888671875 0.015625 0.892578125 0.01171875 0.890625 0.0078125 0.892578125 0.001953125
4 0.7333984375 -0.0205078125 0.037109375 0.052734375
4 0.73828125 0.03125 0.744140625 0.033203125 0.74609375 0.03125 0.75 0.03515625 0.748046875 0.0390625 0.75 0.04296875 0.748046875 0.0546875 0.740234375 0.060546875 0.736328125 0.060546875 0.73828125 0.033203125
4 0.408203125 0.181640625 0.4140625 0.185546875 0.4140625 0.19140625 0.41796875 0.201171875 0.416015625 0.203125 0.416015625 0.208984375 0.4140625 0.2109375 0.412109375 0.208984375 0.40625 0.193359375 0.408203125 0.18359375
4 0.466796875 0.109375 0.47265625 0.111328125 0.47265625 0.115234375 0.4765625 0.1171875 0.4765625 0.123046875 0.48046875 0.130859375 0.47265625 0.142578125 0.46875 0.140625 0.470703125 0.134765625 0.46484375 0.1171875 0.466796875 0.111328125
4 0.943359375 0.861328125 0.94921875 0.861328125 0.953125 0.8671875 0.9609375 0.87109375 0.97265625 0.892578125 0.97265625 0.896484375 0.958984375 0.89453125 0.94140625 0.876953125 0.943359375 0.86328125
4 0.77734375 0.84765625 0.78515625 0.85546875 0.78515625 0.865234375 0.779296875 0.8671875 0.76953125 0.861328125 0.767578125 0.85546875 0.775390625 0.84765625
4 0.982421875 0.79296875 0.9921875 0.796875 0.9921875 0.802734375 0.994140625 0.8046875 0.990234375 0.818359375 0.98828125 0.8203125 0.98046875 0.818359375 0.9765625 0.814453125 0.974609375 0.80078125 0.978515625 0.80078125 0.982421875 0.794921875
4 0.521484375 0.115234375 0.52734375 0.12890625 0.525390625 0.134765625 0.52734375 0.13671875 0.5234375 0.142578125 0.521484375 0.142578125 0.521484375 0.138671875 0.517578125 0.1328125 0.517578125 0.123046875 0.51953125 0.12109375 0.517578125 0.119140625 0.51953125 0.1171875
4 0.736328125 0 0.73828125 0.001953125 0.73828125 0.013671875 0.736328125 0.015625 0.73828125 0.017578125 0.736328125 0.01953125 0.736328125 0.025390625 0.73828125 0.02734375 0.734375 0.041015625 0.732421875 0.041015625 0.732421875 0.037109375 0.724609375 0.02734375 0.724609375 0.01953125 0.72265625 0.017578125 0.724609375 0.00390625 0.728515625 0 0.734375 0