2 0.42857020703125 0.5264036875 0.42248107421875 0.554956630859375 0.422644123046875 0.581847142578125 0.429578734375 0.607176185546875 0.446959822265625 0.625902623046875 0.460983068359375 0.628628466796875 0.476803005859375 0.622111115234375 0.493560552734375 0.6052243359375 0.5055032734375 0.582605431640625 0.514248189453125 0.545935529296875 0.513706173828125 0.523767568359375 0.5079899921875 0.497716123046875 0.495623029296875 0.480923576171875 0.477644044921875 0.47359183984375 0.4597465859375 0.47970536328125 0.4405325546875 0.5009108671875 0.42857020703125 0.5264036875
5 0.77734375 0.998046875 0.775390625 0.994140625 0.775390625 0.982421875 0.779296875 0.978515625 0.787109375 0.984375 0.787109375 0.99609375 0.78515625 0.998046875 0.779296875 0.998046875
5 0.28515625 0.767578125 0.2890625 0.771484375 0.287109375 0.7734375 0.28515625 0.791015625 0.28125 0.794921875 0.28125 0.80078125 0.275390625 0.8046875 0.271484375 0.80078125 0.2734375 0.798828125 0.271484375 0.794921875 0.27734375 0.787109375 0.28515625 0.76953125
5 0.55078125 0.39453125 0.552734375 0.37890625 0.556640625 0.375 0.5625 0.384765625 0.5625 0.388671875 0.55859375 0.39453125 0.552734375 0.39453125
5 0.19921875 0.77734375 0.205078125 0.78125 0.20703125 0.787109375 0.197265625 0.796875 0.197265625 0.802734375 0.193359375 0.806640625 0.193359375 0.8125 0.185546875 0.814453125 0.1875 0.796875 0.1953125 0.791015625 0.1953125 0.783203125 0.19921875 0.779296875
5 0.205078125 0.8515625 0.216796875 0.845703125 0.216796875 0.85546875 0.2109375 0.861328125 0.208984375 0.869140625 0.19921875 0.8671875 0.197265625 0.86328125 0.19921875 0.857421875 0.205078125 0.853515625
5 0.7578125 0.951171875 0.76953125 0.96875 0.76953125 0.974609375 0.771484375 0.9765625 0.76953125 0.984375 0.767578125 0.986328125 0.7578125 0.984375 0.7578125 0.98046875 0.75390625 0.974609375 0.755859375 0.96875 0.75390625 0.962890625 0.755859375 0.95703125 0.75390625 0.953125 0.755859375 0.953125
5 0.25 0.6875 0.25 0.693359375 0.232421875 0.712890625 0.228515625 0.708984375 0.232421875 0.697265625 0.240234375 0.689453125 0.2421875 0.69140625 0.248046875 0.6875
5 0.267578125 0.861328125 0.271484375 0.859375 0.275390625 0.861328125 0.275390625 0.87109375 0.267578125 0.880859375 0.263671875 0.880859375 0.26171875 0.875 0.26171875 0.87109375 0.267578125 0.86328125
5 0.779296875 0.947265625 0.78515625 0.9453125 0.7890625 0.95703125 0.794921875 0.9609375 0.79296875 0.96484375 0.794921875 0.966796875 0.79296875 0.978515625 0.787109375 0.982421875 0.783203125 0.978515625 0.783203125 0.958984375 0.779296875 0.94921875
5 0.185546875 0.91796875 0.1953125 0.921875 0.197265625 0.92578125 0.1953125 0.927734375 0.193359375 0.94140625 0.1875 0.943359375 0.181640625 0.9375 0.181640625 0.92578125 0.185546875 0.919921875
5 0.76171875 0.986328125 0.765625 0.990234375 0.767578125 0.998046875 0.759765625 0.998046875 0.7578125 0.99609375 0.7578125 0.984375 0.759765625 0.986328125