5 0.966796875 0.2421875 0.96875 0.244140625 0.96875 0.25 0.943359375 0.271484375 0.94140625 0.265625 0.94921875 0.259765625 0.951171875 0.244140625 0.95703125 0.244140625 0.958984375 0.24609375 0.96484375 0.2421875
5 0.853515625 0.212890625 0.849609375 0.208984375 0.8515625 0.203125 0.849609375 0.193359375 0.865234375 0.16796875 0.87109375 0.16796875 0.873046875 0.171875 0.873046875 0.17578125 0.8671875 0.18359375 0.865234375 0.19140625 0.85546875 0.201171875 0.853515625 0.2109375
5 0.810546875 0.310546875 0.822265625 0.318359375 0.8203125 0.3359375 0.818359375 0.337890625 0.810546875 0.337890625 0.810546875 0.322265625 0.80859375 0.3203125 0.80859375 0.314453125 0.810546875 0.3125
5 0.818359375 0.357421875 0.8203125 0.359375 0.8203125 0.375 0.81640625 0.37890625 0.81640625 0.384765625 0.810546875 0.390625 0.806640625 0.38671875 0.806640625 0.3828125 0.802734375 0.376953125 0.8046875 0.36328125 0.80859375 0.359375 0.81640625 0.357421875
5 0.82421875 0.400390625 0.826171875 0.412109375 0.822265625 0.416015625 0.822265625 0.421875 0.810546875 0.41796875 0.8125 0.40625 0.81640625 0.3984375 0.8203125 0.396484375 0.822265625 0.400390625
5 0.82421875 0.3203125 0.83203125 0.32421875 0.830078125 0.328125 0.8359375 0.33984375 0.8359375 0.34375 0.830078125 0.349609375 0.826171875 0.3515625 0.82421875 0.349609375 0.8203125 0.341796875 0.822265625 0.337890625 0.8203125 0.3359375 0.8203125 0.326171875 0.82421875 0.322265625
5 0.833984375 0.21875 0.8359375 0.224609375 0.828125 0.236328125 0.810546875 0.25390625 0.8046875 0.25390625 0.802734375 0.251953125 0.8046875 0.228515625 0.8125 0.21875 0.81640625 0.220703125 0.830078125 0.208984375 0.83203125 0.208984375 0.83203125 0.21484375 0.830078125 0.216796875 0.83203125 0.21875
5 0.921875 0.228515625 0.927734375 0.228515625 0.9296875 0.23046875 0.9296875 0.23828125 0.919921875 0.248046875 0.912109375 0.263671875 0.90625 0.25390625 0.90234375 0.2578125 0.904296875 0.255859375 0.904296875 0.25 0.908203125 0.248046875 0.921875 0.23046875
5 0.85546875 0.291015625 0.857421875 0.291015625 0.853515625 0.296875 0.853515625 0.31640625 0.849609375 0.326171875 0.84375 0.328125 0.841796875 0.32421875 0.841796875 0.310546875 0.84375 0.3046875 0.853515625 0.29296875
5 0.533203125 0.533203125 0.537109375 0.5390625 0.533203125 0.55859375 0.52734375 0.560546875 0.53125 0.53515625
5 0.978515625 0.330078125 0.990234375 0.330078125 0.994140625 0.33203125 0.98828125 0.34765625 0.978515625 0.349609375 0.970703125 0.357421875 0.966796875 0.35546875 0.966796875 0.3515625 0.978515625 0.33203125
5 0.791015625 0.29296875 0.794921875 0.29296875 0.794921875 0.3046875 0.798828125 0.30859375 0.796875 0.3125 0.796875 0.32421875 0.794921875 0.326171875 0.798828125 0.33203125 0.798828125 0.33984375 0.794921875 0.34765625 0.7890625 0.34765625 0.787109375 0.345703125 0.78515625 0.341796875 0.78515625 0.32421875 0.787109375 0.322265625 0.791015625 0.294921875
5 0.57421875 0.533203125 0.580078125 0.5390625 0.578125 0.552734375 0.572265625 0.556640625 0.5703125 0.544921875 0.57421875 0.53515625
5 0.87109375 0.23828125 0.87890625 0.2421875 0.875 0.25390625 0.87109375 0.255859375 0.87109375 0.263671875 0.865234375 0.259765625 0.859375 0.259765625 0.859375 0.255859375 0.87109375 0.240234375
5 0.830078125 0.279296875 0.833984375 0.283203125 0.833984375 0.2890625 0.828125 0.302734375 0.826171875 0.314453125 0.81640625 0.3125 0.814453125 0.30078125 0.818359375 0.2890625 0.828125 0.279296875
5 1.017578125 0.087890625 0.03515625 0.04296875