5 0.65234375 0.5234375 0.654296875 0.53515625 0.650390625 0.5390625 0.646484375 0.5390625 0.64453125 0.533203125 0.64453125 0.52734375 0.650390625 0.5234375
5 0.91796875 0.35546875 0.921875 0.357421875 0.92578125 0.36328125 0.92578125 0.3671875 0.9140625 0.376953125 0.908203125 0.376953125 0.904296875 0.373046875 0.904296875 0.369140625 0.91015625 0.359375 0.916015625 0.35546875
5 0.703125 0.029296875 0.716796875 0.03125 0.712890625 0.04296875 0.70703125 0.048828125 0.703125 0.048828125 0.703125 0.041015625 0.701171875 0.0390625 0.703125 0.03125
5 0.890625 0.380859375 0.89453125 0.384765625 0.90625 0.380859375 0.91015625 0.380859375 0.9140625 0.384765625 0.9140625 0.390625 0.91015625 0.39453125 0.91015625 0.3984375 0.904296875 0.40234375 0.892578125 0.396484375 0.890625 0.3828125
5 0.740234375 0.41015625 0.744140625 0.41015625 0.751953125 0.416015625 0.751953125 0.421875 0.748046875 0.4296875 0.734375 0.427734375 0.734375 0.421875 0.740234375 0.416015625 0.740234375 0.412109375
5 0.826171875 0.3046875 0.830078125 0.302734375 0.83984375 0.3046875 0.83984375 0.310546875 0.833984375 0.322265625 0.8203125 0.322265625 0.818359375 0.318359375 0.8203125 0.310546875 0.826171875 0.306640625
5 0.814453125 0.12109375 0.818359375 0.123046875 0.81640625 0.125 0.81640625 0.130859375 0.796875 0.1484375 0.791015625 0.14453125 0.79296875 0.138671875 0.80078125 0.134765625 0.8125 0.123046875
5 0.845703125 0.513671875 0.0234375 0.033203125
5 0.708984375 0.23046875 0.705078125 0.22265625 0.705078125 0.216796875 0.716796875 0.201171875 0.724609375 0.203125 0.724609375 0.205078125 0.71484375 0.216796875 0.71484375 0.2265625 0.7109375 0.23046875
5 0.716796875 0.3203125 0.720703125 0.32421875 0.7265625 0.32421875 0.728515625 0.322265625 0.734375 0.32421875 0.732421875 0.3359375 0.720703125 0.341796875 0.71484375 0.333984375 0.716796875 0.322265625
5 0.875 0.05859375 0.88671875 0.060546875 0.8828125 0.064453125 0.87890625 0.07421875 0.876953125 0.07421875 0.876953125 0.0625 0.875 0.060546875
5 0.888671875 0.40234375 0.900390625 0.404296875 0.8984375 0.40625 0.8984375 0.421875 0.89453125 0.423828125 0.89453125 0.4296875 0.892578125 0.431640625 0.884765625 0.431640625 0.880859375 0.427734375 0.888671875 0.404296875
5 0.65234375 0.287109375 0.654296875 0.2890625 0.654296875 0.294921875 0.6484375 0.306640625 0.642578125 0.306640625 0.638671875 0.30078125 0.642578125 0.2890625 0.64453125 0.287109375 0.650390625 0.287109375
5 0.80859375 0.228515625 0.8125 0.232421875 0.80859375 0.2421875 0.80078125 0.24609375 0.794921875 0.25390625 0.791015625 0.25 0.79296875 0.23828125 0.796875 0.234375 0.80078125 0.234375 0.806640625 0.23046875
5 0.833984375 0.3828125 0.8359375 0.388671875 0.841796875 0.39453125 0.84765625 0.390625 0.849609375 0.392578125 0.857421875 0.388671875 0.859375 0.396484375 0.8515625 0.404296875 0.845703125 0.40234375 0.833984375 0.404296875 0.8203125 0.41796875 0.81640625 0.41796875 0.81640625 0.40625 0.8203125 0.404296875 0.822265625 0.396484375 0.828125 0.392578125 0.828125 0.384765625 0.83203125 0.3828125
5 0.8828125 0.208984375 0.89453125 0.1953125 0.896484375 0.189453125 0.8984375 0.1875 0.904296875 0.1875 0.90625 0.189453125 0.90625 0.197265625 0.888671875 0.21484375 0.884765625 0.2109375
5 0.669921875 0.353515625 0.671875 0.357421875 0.669921875 0.359375 0.669921875 0.369140625 0.658203125 0.37890625 0.65625 0.373046875 0.658203125 0.359375 0.66796875 0.35546875
5 0.875 0.34375 0.876953125 0.341796875 0.875 0.337890625 0.87890625 0.333984375 0.88671875 0.33203125 0.892578125 0.33984375 0.890625 0.353515625 0.88671875 0.357421875 0.880859375 0.35546875 0.876953125 0.345703125
5 0.89453125 0.46875 0.896484375 0.466796875 0.896484375 0.4609375 0.900390625 0.45703125 0.91015625 0.453125 0.912109375 0.455078125 0.91015625 0.46484375 0.90234375 0.47265625 0.90234375 0.478515625 0.8984375 0.478515625 0.896484375 0.470703125