5 0.560546875 0.921875 0.57421875 0.9453125 0.572265625 0.95703125 0.5625 0.962890625 0.55859375 0.94921875 0.55859375 0.943359375 0.560546875 0.94140625 0.560546875 0.927734375 0.55859375 0.923828125
5 0.30859375 0.1611328125 0.017578125 0.02734375
5 0.275390625 0.306640625 0.283203125 0.3203125 0.283203125 0.326171875 0.279296875 0.330078125 0.275390625 0.330078125 0.275390625 0.32421875 0.271484375 0.3203125 0.265625 0.322265625 0.265625 0.3125 0.2734375 0.306640625
5 0.908203125 0.373046875 0.91015625 0.375 0.91015625 0.39453125 0.90625 0.400390625 0.89453125 0.390625 0.8984375 0.37890625 0.90625 0.373046875
5 0.2890625 0.416015625 0.30078125 0.41796875 0.3046875 0.421875 0.3046875 0.431640625 0.30078125 0.431640625 0.296875 0.435546875 0.287109375 0.42578125 0.287109375 0.419921875 0.2890625 0.41796875
5 0.91796875 0.400390625 0.021484375 0.021484375
5 0.029296875 0.26171875 0.029296875 0.25 0.033203125 0.23828125 0.0390625 0.2421875 0.0390625 0.248046875 0.03515625 0.255859375 0.03515625 0.26171875 0.03125 0.26171875
5 0.3125 0.244140625 0.31640625 0.251953125 0.31640625 0.26171875 0.314453125 0.263671875 0.30078125 0.25 0.302734375 0.244140625 0.306640625 0.2421875 0.310546875 0.244140625
5 0.89453125 0.357421875 0.904296875 0.349609375 0.9140625 0.34765625 0.916015625 0.35546875 0.92578125 0.365234375 0.92578125 0.375 0.923828125 0.376953125 0.9140625 0.376953125 0.904296875 0.37109375 0.90234375 0.365234375 0.89453125 0.361328125 0.89453125 0.359375
5 0.3681640625 0.357421875 0.015625 0.03125
5 0.33984375 0.275390625 0.353515625 0.2890625 0.353515625 0.30078125 0.3515625 0.3046875 0.349609375 0.306640625 0.341796875 0.3046875 0.3359375 0.287109375 0.3359375 0.283203125 0.33984375 0.27734375
2 0.492272673828125 0.580361798828125 0.479267556640625 0.576993251953125 0.4671174921875 0.580454826171875 0.45589023828125 0.588805951171875 0.440844169921875 0.612567171875 0.433854294921875 0.64049558203125 0.43273615625 0.6725148984375 0.43779469921875 0.699892583984375 0.45012215625 0.722666775390625 0.464460669921875 0.73482507421875 0.481868587890625 0.737375904296875 0.49804476171875 0.7282261328125 0.511795302734375 0.710248466796875 0.52165128515625 0.678534279296875 0.523861654296875 0.646553103515625 0.51883699609375 0.61820513671875 0.50763565234375 0.5944988046875 0.492272673828125 0.580361798828125