2 0.470227123046875 0 0.46818222265625 0.02063919140625 0.4695567734375 0.03967519140625 0.478196666015625 0.064320068359375 0.49070373046875 0.07906280078125 0.5091675390625 0.084159955078125 0.526616921875 0.07592549609375 0.5402776484375 0.05967895703125 0.553038060546875 0.02917145703125 0.556299091796875 0.00693119140625 0.555710744140625 0.003085505859375 0.530581314453125 0 0.470227123046875 0
5 0.3203125 0.224609375 0.326171875 0.236328125 0.322265625 0.2421875 0.3125 0.240234375 0.310546875 0.234375 0.310546875 0.2265625 0.314453125 0.22265625 0.318359375 0.224609375
5 0.921875 0.23046875 0.919921875 0.244140625 0.912109375 0.25 0.91015625 0.255859375 0.900390625 0.259765625 0.896484375 0.2578125 0.896484375 0.251953125 0.908203125 0.23828125 0.912109375 0.23828125 0.919921875 0.23046875
5 0.92578125 0.1953125 0.927734375 0.197265625 0.927734375 0.208984375 0.92578125 0.212890625 0.916015625 0.216796875 0.9140625 0.203125 0.91796875 0.197265625 0.923828125 0.1953125
5 0.302734375 0.4765625 0.3125 0.4765625 0.314453125 0.478515625 0.314453125 0.49609375 0.30078125 0.494140625 0.30078125 0.48046875 0.302734375 0.478515625
5 0.91015625 0.205078125 0.9140625 0.2109375 0.912109375 0.22265625 0.896484375 0.234375 0.892578125 0.228515625 0.89453125 0.22265625 0.908203125 0.20703125
5 0.998046875 0.1484375 0.998046875 0.162109375 0.99609375 0.158203125 0.998046875 0.150390625
5 0.291015625 0.328125 0.291015625 0.333984375 0.287109375 0.337890625 0.287109375 0.34765625 0.283203125 0.349609375 0.27734375 0.349609375 0.2734375 0.337890625 0.279296875 0.330078125 0.2890625 0.328125
5 0.90234375 0.107421875 0.8984375 0.119140625 0.890625 0.125 0.890625 0.12890625 0.88671875 0.1328125 0.88671875 0.138671875 0.8828125 0.1328125 0.8828125 0.12109375 0.888671875 0.11328125 0.900390625 0.107421875
5 0.400390625 0.294921875 0.40234375 0.29296875 0.40234375 0.279296875 0.408203125 0.275390625 0.41015625 0.27734375 0.412109375 0.29296875 0.408203125 0.298828125 0.40234375 0.298828125 0.40234375 0.296875
5 0.044921875 0.4296875 0.04296875 0.41796875 0.046875 0.4140625 0.046875 0.41015625 0.05078125 0.412109375 0.0546875 0.421875 0.052734375 0.4296875 0.048828125 0.431640625 0.046875 0.4296875
5 0.3154296875 0.3955078125 0.01953125 0.01953125
5 0.298828125 0.359375 0.306640625 0.35546875 0.314453125 0.365234375 0.3125 0.375 0.310546875 0.376953125 0.302734375 0.375 0.30078125 0.361328125
5 0.92578125 0.1953125 0.927734375 0.197265625 0.92578125 0.2109375 0.921875 0.21484375 0.91796875 0.21484375 0.90625 0.228515625 0.896484375 0.234375 0.892578125 0.228515625 0.89453125 0.22265625 0.90625 0.2109375 0.908203125 0.205078125 0.912109375 0.205078125 0.91796875 0.197265625 0.923828125 0.1953125