5 0.609375 0.95703125 0.630859375 0.978515625 0.630859375 0.984375 0.6171875 0.986328125 0.61328125 0.982421875 0.61328125 0.96875 0.609375 0.958984375
5 0.966796875 0.31640625 0.97265625 0.318359375 0.9765625 0.31640625 0.9765625 0.32421875 0.978515625 0.326171875 0.978515625 0.330078125 0.966796875 0.333984375 0.96875 0.330078125 0.966796875 0.318359375
5 0.201171875 0.24609375 0.201171875 0.2421875 0.197265625 0.236328125 0.197265625 0.228515625 0.205078125 0.220703125 0.2109375 0.220703125 0.212890625 0.234375 0.21484375 0.236328125 0.2109375 0.244140625 0.203125 0.24609375
5 0.193359375 0.404296875 0.189453125 0.396484375 0.1953125 0.388671875 0.201171875 0.388671875 0.2109375 0.400390625 0.2109375 0.40625 0.205078125 0.412109375 0.19921875 0.400390625 0.1953125 0.404296875
5 0.8505859375 0.3427734375 0.0234375 0.033203125
5 0.234375 0.494140625 0.240234375 0.4921875 0.24609375 0.49609375 0.25 0.49609375 0.25390625 0.5 0.25390625 0.5078125 0.24609375 0.513671875 0.236328125 0.5078125 0.234375 0.50390625 0.236328125 0.498046875 0.234375 0.49609375
5 0.869140625 0.3544921875 0.025390625 0.025390625
5 0.212890625 0.318359375 0.2265625 0.31640625 0.232421875 0.326171875 0.23046875 0.333984375 0.2265625 0.333984375 0.220703125 0.328125 0.21484375 0.326171875 0.212890625 0.3203125
5 0.841796875 0.310546875 0.849609375 0.302734375 0.85546875 0.30078125 0.857421875 0.306640625 0.87109375 0.318359375 0.873046875 0.330078125 0.859375 0.33203125 0.849609375 0.326171875 0.845703125 0.3203125 0.837890625 0.3203125 0.837890625 0.31640625 0.84375 0.3125
5 0.298828125 0.408203125 0.302734375 0.408203125 0.310546875 0.416015625 0.310546875 0.4296875 0.306640625 0.4375 0.298828125 0.423828125 0.298828125 0.41796875 0.296875 0.416015625 0.298828125 0.41015625
5 0.259765625 0.341796875 0.271484375 0.349609375 0.27734375 0.357421875 0.27734375 0.365234375 0.275390625 0.3671875 0.27734375 0.369140625 0.275390625 0.37109375 0.265625 0.369140625 0.26171875 0.359375 0.2578125 0.357421875 0.259765625 0.34375
2 0.448661310546875 0.6273047109375 0.4389173984375 0.638015181640625 0.428343451171875 0.66515434765625 0.4267692578125 0.694942396484375 0.431962755859375 0.727732853515625 0.442507537109375 0.754582869140625 0.4595196328125 0.775315677734375 0.476474611328125 0.784853193359375 0.494645880859375 0.78401230078125 0.509254556640625 0.771512748046875 0.519656744140625 0.75051224609375 0.52339150390625 0.71630769140625 0.519314037109375 0.683340470703125 0.508611876953125 0.655496806640625 0.492558435546875 0.633593583984375 0.474172669921875 0.62224553125 0.4603081484375 0.621385724609375 0.448661310546875 0.6273047109375