2 0.61138130859375 0.7830357109375 0.594065830078125 0.762655974609375 0.57412999609375 0.755431109375 0.55992409765625 0.758912365234375 0.5486509375 0.76968747265625 0.53828533203125 0.794948130859375 0.536040205078125 0.822682416015625 0.53981766015625 0.85033112890625 0.549983056640625 0.8768534765625 0.56393759765625 0.89684946484375 0.58540757421875 0.909662048828125 0.601711369140625 0.908739994140625 0.6176399375 0.893238525390625 0.624550337890625 0.876398083984375 0.628559419921875 0.849329140625 0.62768328515625 0.83190893359375 0.623477630859375 0.811170326171875 0.61138130859375 0.7830357109375
5 0.115234375 0.65625 0.12109375 0.658203125 0.123046875 0.662109375 0.12109375 0.673828125 0.111328125 0.677734375 0.107421875 0.67578125 0.10546875 0.66796875 0.11328125 0.658203125
5 0.619140625 0.509765625 0.626953125 0.513671875 0.626953125 0.521484375 0.62890625 0.5234375 0.623046875 0.53125 0.62109375 0.529296875 0.6171875 0.5234375 0.619140625 0.51171875
5 0.1171875 0.69140625 0.125 0.703125 0.12109375 0.7109375 0.115234375 0.708984375 0.111328125 0.7109375 0.107421875 0.703125 0.111328125 0.693359375 0.115234375 0.69140625
5 0.65234375 0.30078125 0.66015625 0.3046875 0.6640625 0.302734375 0.666015625 0.31640625 0.66796875 0.318359375 0.6640625 0.322265625 0.654296875 0.3203125 0.650390625 0.306640625 0.65234375 0.302734375
5 0.720703125 0.451171875 0.728515625 0.458984375 0.73046875 0.47265625 0.724609375 0.474609375 0.72265625 0.4609375 0.71875 0.45703125 0.71875 0.453125
5 0.72265625 0.453125 0.728515625 0.458984375 0.73046875 0.47265625 0.7265625 0.4765625 0.72265625 0.4765625 0.712890625 0.462890625 0.712890625 0.45703125 0.720703125 0.453125
5 0.666015625 0.45703125 0.662109375 0.451171875 0.662109375 0.447265625 0.66796875 0.43359375 0.67578125 0.439453125 0.67578125 0.453125 0.673828125 0.45703125 0.66796875 0.45703125
5 0.720703125 0.556640625 0.7265625 0.5625 0.724609375 0.568359375 0.7265625 0.572265625 0.720703125 0.576171875 0.716796875 0.576171875 0.708984375 0.5703125 0.7109375 0.560546875 0.712890625 0.55859375 0.71875 0.55859375
5 0.671875 0.392578125 0.681640625 0.3984375 0.681640625 0.404296875 0.671875 0.41015625 0.66796875 0.40625 0.66796875 0.400390625 0.669921875 0.3984375 0.66796875 0.396484375 0.669921875 0.39453125
5 0.71875 0.455078125 0.72265625 0.458984375 0.720703125 0.47265625 0.712890625 0.46484375 0.712890625 0.45703125 0.716796875 0.455078125
5 0.125 0.638671875 0.12890625 0.640625 0.130859375 0.646484375 0.12890625 0.66015625 0.125 0.6640625 0.125 0.66796875 0.12109375 0.673828125 0.115234375 0.67578125 0.107421875 0.67578125 0.10546875 0.66796875 0.115234375 0.654296875 0.11328125 0.64453125 0.123046875 0.638671875