4 0.408203125 0.07421875 0.4140625 0.078125 0.412109375 0.083984375 0.4296875 0.11328125 0.4375 0.130859375 0.44140625 0.134765625 0.44140625 0.138671875 0.4453125 0.142578125 0.44921875 0.154296875 0.4453125 0.173828125 0.427734375 0.197265625 0.421875 0.197265625 0.416015625 0.193359375 0.39453125 0.146484375 0.375 0.1171875 0.3671875 0.09765625 0.3671875 0.087890625 0.373046875 0.07421875 0.388671875 0.056640625 0.39453125 0.056640625 0.40625 0.07421875
4 0.0625 0.607421875 0.0703125 0.611328125 0.078125 0.619140625 0.0859375 0.642578125 0.09375 0.654296875 0.09375 0.658203125 0.09765625 0.6640625 0.09765625 0.66796875 0.1015625 0.671875 0.111328125 0.69921875 0.123046875 0.712890625 0.123046875 0.740234375 0.115234375 0.7578125 0.107421875 0.76953125 0.095703125 0.78125 0.0859375 0.779296875 0.080078125 0.7734375 0.07421875 0.76953125 0.0703125 0.76953125 0.06640625 0.765625 0.0625 0.75390625 0.056640625 0.751953125 0.056640625 0.748046875 0.052734375 0.744140625 0.052734375 0.73828125 0.041015625 0.72265625 0.0390625 0.716796875 0.0390625 0.701171875 0.03125 0.6953125 0.033203125 0.6796875 0.02734375 0.671875 0.029296875 0.669921875 0.02734375 0.666015625 0.029296875 0.662109375 0.02734375 0.65234375 0.033203125 0.638671875 0.033203125 0.6328125 0.041015625 0.6171875 0.05078125 0.607421875 0.060546875 0.607421875
4 0.541015625 0 0.5625 0 0.552734375 0.0078125 0.544921875 0.005859375 0.54296875 0.001953125
4 0.794921875 0.267578125 0.8046875 0.265625 0.82421875 0.28515625 0.845703125 0.314453125 0.853515625 0.3203125 0.861328125 0.333984375 0.86328125 0.3359375 0.87109375 0.3359375 0.873046875 0.3515625 0.884765625 0.3671875 0.892578125 0.388671875 0.888671875 0.416015625 0.880859375 0.43359375 0.876953125 0.4375 0.873046875 0.439453125 0.853515625 0.439453125 0.845703125 0.431640625 0.837890625 0.40625 0.822265625 0.388671875 0.822265625 0.3828125 0.814453125 0.373046875 0.8125 0.3671875 0.802734375 0.357421875 0.791015625 0.357421875 0.787109375 0.3515625 0.787109375 0.33984375 0.78125 0.330078125 0.779296875 0.30859375 0.78515625 0.291015625 0.78515625 0.283203125 0.791015625 0.271484375 0.794921875 0.26953125
4 0.998046875 0.775390625 0.98828125 0.763671875 0.984375 0.763671875 0.974609375 0.75390625 0.98046875 0.708984375 0.984375 0.703125 0.984375 0.69921875 0.98828125 0.6953125 0.98828125 0.69140625 0.998046875 0.685546875 0.998046875 0.7734375
4 0.00390625 0.6875 0.01171875 0.689453125 0.01953125 0.697265625 0.025390625 0.69921875 0.029296875 0.70703125 0.029296875 0.71875 0.046875 0.75390625 0.046875 0.759765625 0.0546875 0.771484375 0.056640625 0.78125 0.060546875 0.783203125 0.072265625 0.798828125 0.072265625 0.81640625 0.07421875 0.818359375 0.072265625 0.83984375 0.05859375 0.865234375 0.046875 0.876953125 0.037109375 0.87890625 0.029296875 0.875 0.0234375 0.869140625 0.017578125 0.8671875 0.009765625 0.85546875 0.005859375 0.84765625 0.00390625 0.689453125
4 0.173828125 0.44921875 0.181640625 0.45703125 0.18359375 0.46484375 0.193359375 0.48046875 0.203125 0.509765625 0.21484375 0.53515625 0.21875 0.5390625 0.224609375 0.5546875 0.232421875 0.56640625 0.236328125 0.578125 0.232421875 0.59765625 0.228515625 0.6015625 0.22265625 0.615234375 0.205078125 0.6328125 0.201171875 0.6328125 0.189453125 0.62109375 0.181640625 0.595703125 0.16796875 0.564453125 0.154296875 0.546875 0.150390625 0.544921875 0.150390625 0.529296875 0.142578125 0.517578125 0.138671875 0.50390625 0.138671875 0.482421875 0.1484375 0.462890625 0.1640625 0.447265625 0.169921875 0.447265625 0.171875 0.44921875
3 0.05078125 0.08203125 0.056640625 0.087890625 0.068359375 0.08984375 0.072265625 0.09765625 0.072265625 0.10546875 0.0703125 0.107421875 0.05859375 0.107421875 0.056640625 0.109375 0.05078125 0.138671875 0.044921875 0.140625 0.0390625 0.13671875 0.033203125 0.13671875 0.029296875 0.12890625 0.033203125 0.1171875 0.044921875 0.099609375 0.044921875 0.09375 0.048828125 0.087890625 0.048828125 0.083984375
3 0.076171875 0.109375 0.08203125 0.11328125 0.08203125 0.1171875 0.07421875 0.12890625 0.072265625 0.146484375 0.0625 0.15625 0.05859375 0.154296875 0.05859375 0.140625 0.060546875 0.138671875 0.056640625 0.134765625 0.060546875 0.12890625 0.060546875 0.123046875 0.06640625 0.115234375 0.06640625 0.111328125 0.07421875 0.109375
3 0.216796875 0.00390625 0.26171875 0.00390625 0.259765625 0.009765625 0.234375 0.0078125 0.228515625 0.015625 0.220703125 0.015625 0.220703125 0.01171875 0.216796875 0.005859375
3 0.1875 0.005859375 0.2109375 0.005859375 0.203125 0.021484375 0.19140625 0.033203125 0.1875 0.03125 0.18359375 0.0234375 0.1875 0.015625 0.1875 0.0078125
3 0.0908203125 0.0595703125 0.037109375 0.06640625
3 0.0234375 0.1328125 0.029296875 0.130859375 0.029296875 0.134765625 0.033203125 0.138671875 0.046875 0.140625 0.044921875 0.154296875 0.029296875 0.171875 0.03125 0.1875 0.02734375 0.1953125 0.025390625 0.197265625 0.017578125 0.197265625 0.01171875 0.19140625 0.009765625 0.18359375 0 0.16796875 0.005859375 0.15625 0.005859375 0.146484375 0.015625 0.142578125 0.0234375 0.134765625