4 0.3046875 0.314453125 0.30859375 0.318359375 0.314453125 0.318359375 0.328125 0.32421875 0.3359375 0.32421875 0.34375 0.328125 0.34765625 0.326171875 0.359375 0.330078125 0.37109375 0.328125 0.37890625 0.33984375 0.380859375 0.357421875 0.3828125 0.359375 0.3828125 0.3671875 0.376953125 0.380859375 0.369140625 0.384765625 0.36328125 0.380859375 0.3515625 0.380859375 0.349609375 0.37890625 0.34765625 0.380859375 0.33984375 0.380859375 0.328125 0.376953125 0.326171875 0.37890625 0.31640625 0.37890625 0.3125 0.375 0.302734375 0.37109375 0.302734375 0.365234375 0.298828125 0.359375 0.298828125 0.353515625 0.30078125 0.3515625 0.298828125 0.337890625 0.302734375 0.328125 0.302734375 0.31640625
4 0.37109375 0.009765625 0.375 0.013671875 0.37890625 0.0234375 0.37890625 0.041015625 0.376953125 0.04296875 0.37890625 0.046875 0.376953125 0.052734375 0.369140625 0.05859375 0.365234375 0.05859375 0.359375 0.052734375 0.353515625 0.052734375 0.337890625 0.046875 0.326171875 0.0546875 0.318359375 0.046875 0.314453125 0.0390625 0.314453125 0.017578125 0.31640625 0.013671875 0.369140625 0.009765625
4 0.5390625 0.494140625 0.54296875 0.49609375 0.55078125 0.515625 0.55078125 0.521484375 0.548828125 0.5234375 0.548828125 0.529296875 0.55078125 0.53125 0.546875 0.541015625 0.537109375 0.541015625 0.53515625 0.54296875 0.5 0.54296875 0.498046875 0.541015625 0.4921875 0.541015625 0.490234375 0.54296875 0.484375 0.533203125 0.482421875 0.513671875 0.48046875 0.51171875 0.482421875 0.509765625 0.482421875 0.501953125 0.48828125 0.494140625 0.498046875 0.494140625 0.5 0.49609375 0.537109375 0.494140625
4 0.501953125 0.1484375 0.5078125 0.15234375 0.53125 0.154296875 0.5390625 0.16015625 0.54296875 0.173828125 0.54296875 0.189453125 0.541015625 0.19140625 0.54296875 0.1953125 0.53125 0.203125 0.52734375 0.203125 0.521484375 0.19921875 0.51953125 0.201171875 0.48828125 0.19921875 0.482421875 0.197265625 0.474609375 0.1875 0.474609375 0.1796875 0.4765625 0.177734375 0.474609375 0.17578125 0.474609375 0.162109375 0.48046875 0.150390625 0.494140625 0.1484375 0.49609375 0.146484375 0.5 0.1484375
4 0.33203125 0.40234375 0.341796875 0.40625 0.361328125 0.40625 0.3671875 0.41015625 0.373046875 0.41015625 0.376953125 0.4140625 0.37890625 0.447265625 0.373046875 0.45703125 0.369140625 0.45703125 0.359375 0.451171875 0.341796875 0.44921875 0.333984375 0.4453125 0.318359375 0.4453125 0.3125 0.443359375 0.306640625 0.4296875 0.30859375 0.404296875 0.310546875 0.40234375 0.3203125 0.40234375 0.322265625 0.404296875 0.330078125 0.40234375
4 0.486328125 0.21875 0.498046875 0.22265625 0.5 0.220703125 0.5078125 0.220703125 0.509765625 0.22265625 0.533203125 0.22265625 0.537109375 0.224609375 0.5390625 0.232421875 0.544921875 0.240234375 0.544921875 0.255859375 0.54296875 0.2578125 0.544921875 0.263671875 0.537109375 0.271484375 0.533203125 0.26953125 0.517578125 0.26953125 0.515625 0.267578125 0.490234375 0.267578125 0.48046875 0.263671875 0.474609375 0.2578125 0.474609375 0.23046875 0.4765625 0.228515625 0.4765625 0.220703125 0.478515625 0.21875 0.484375 0.21875
4 0.482421875 0.28125 0.51171875 0.28125 0.513671875 0.283203125 0.525390625 0.283203125 0.53125 0.287109375 0.53515625 0.287109375 0.544921875 0.294921875 0.548828125 0.30859375 0.546875 0.314453125 0.546875 0.330078125 0.54296875 0.333984375 0.525390625 0.333984375 0.515625 0.330078125 0.490234375 0.330078125 0.478515625 0.3203125 0.478515625 0.3125 0.4765625 0.310546875 0.478515625 0.287109375 0.482421875 0.283203125
4 0.494140625 0.087890625 0.49609375 0.08984375 0.5234375 0.091796875 0.537109375 0.1015625 0.537109375 0.10546875 0.541015625 0.109375 0.541015625 0.1328125 0.5390625 0.138671875 0.537109375 0.140625 0.53125 0.140625 0.529296875 0.138671875 0.51953125 0.138671875 0.517578125 0.140625 0.49609375 0.134765625 0.494140625 0.13671875 0.48046875 0.130859375 0.4765625 0.126953125 0.474609375 0.09375 0.478515625 0.08984375 0.4921875 0.08984375
4 0.525390625 0.791015625 0.53125 0.794921875 0.53515625 0.79296875 0.546875 0.794921875 0.55078125 0.80078125 0.552734375 0.8046875 0.552734375 0.8203125 0.5546875 0.822265625 0.55078125 0.83984375 0.548828125 0.841796875 0.529296875 0.841796875 0.52734375 0.83984375 0.525390625 0.841796875 0.51953125 0.841796875 0.517578125 0.83984375 0.48828125 0.841796875 0.484375 0.83984375 0.482421875 0.826171875 0.48046875 0.82421875 0.48046875 0.8046875 0.478515625 0.802734375 0.48046875 0.79296875 0.5 0.79296875 0.501953125 0.791015625 0.5234375 0.79296875
4 0.314453125 0.6171875 0.349609375 0.619140625 0.3515625 0.62109375 0.36328125 0.619140625 0.369140625 0.62109375 0.375 0.62890625 0.375 0.63671875 0.376953125 0.638671875 0.376953125 0.6484375 0.375 0.650390625 0.376953125 0.65234375 0.376953125 0.662109375 0.37109375 0.66796875 0.34375 0.66796875 0.341796875 0.666015625 0.328125 0.66796875 0.326171875 0.666015625 0.3125 0.666015625 0.310546875 0.6640625 0.310546875 0.658203125 0.306640625 0.654296875 0.306640625 0.6484375 0.30859375 0.646484375 0.30859375 0.623046875 0.314453125 0.619140625
4 0.5 0.419921875 0.50390625 0.423828125 0.517578125 0.423828125 0.52734375 0.427734375 0.53515625 0.427734375 0.54296875 0.43359375 0.54296875 0.4375 0.546875 0.443359375 0.546875 0.451171875 0.544921875 0.453125 0.546875 0.466796875 0.54296875 0.47265625 0.537109375 0.474609375 0.5234375 0.474609375 0.515625 0.470703125 0.509765625 0.47265625 0.49609375 0.466796875 0.490234375 0.466796875 0.484375 0.4609375 0.482421875 0.45703125 0.484375 0.42578125 0.48828125 0.419921875 0.498046875 0.419921875
4 0.525390625 0.029296875 0.533203125 0.03515625 0.5390625 0.046875 0.537109375 0.05078125 0.537109375 0.064453125 0.529296875 0.07421875 0.5234375 0.07421875 0.517578125 0.0703125 0.509765625 0.0703125 0.5 0.06640625 0.48828125 0.0703125 0.478515625 0.05859375 0.48046875 0.056640625 0.48046875 0.029296875 0.484375 0.0234375 0.490234375 0.021484375 0.5078125 0.021484375 0.51953125 0.025390625 0.5234375 0.029296875
4 0.3359375 0.193359375 0.337890625 0.1953125 0.3515625 0.1953125 0.35546875 0.19921875 0.361328125 0.19921875 0.36328125 0.197265625 0.375 0.20703125 0.37890625 0.220703125 0.376953125 0.224609375 0.37890625 0.2265625 0.37890625 0.240234375 0.376953125 0.2421875 0.376953125 0.25 0.373046875 0.251953125 0.365234375 0.251953125 0.34375 0.244140625 0.341796875 0.24609375 0.328125 0.2421875 0.3203125 0.244140625 0.314453125 0.2421875 0.302734375 0.228515625 0.302734375 0.212890625 0.3046875 0.2109375 0.302734375 0.201171875 0.3046875 0.1953125 0.318359375 0.19140625 0.333984375 0.193359375
4 0.33203125 0.9921875 0.349609375 0.998046875 0.30859375 0.998046875 0.318359375 0.9921875 0.328125 0.9921875 0.330078125 0.994140625
4 0.349609375 0.08203125 0.35546875 0.0859375 0.361328125 0.0859375 0.37109375 0.09375 0.37109375 0.099609375 0.373046875 0.1015625 0.373046875 0.125 0.365234375 0.1328125 0.349609375 0.130859375 0.33984375 0.126953125 0.337890625 0.12890625 0.322265625 0.12890625 0.318359375 0.123046875 0.31640625 0.095703125 0.314453125 0.09375 0.31640625 0.083984375 0.318359375 0.08203125 0.34765625 0.08203125