0 0.1625 0.02812500000000002 0.1375 0.02812500000000002 0.1375 0.09375000000000003 0.1625 0.09375000000000003
0 0.28906250000000006 0.2984375 0.2609375 0.2984375 0.26093750000000004 0.365625 0.2890625000000001 0.365625
0 0.225 0.2203125 0.2 0.2203125 0.2 0.278125 0.225 0.278125
0 0.17031250000000003 0.2515625 0.13593750000000004 0.2515625 0.13593750000000004 0.3171875 0.17031250000000003 0.3171875
0 0.2328125000000001 0.3703125 0.2062500000000001 0.3703125 0.2062500000000001 0.43125 0.2328125000000001 0.43125
0 0.2734375000000001 0.46875 0.2468750000000001 0.46875 0.2468750000000001 0.5359375 0.2734375000000001 0.5359375
0 0.34062500000000007 0.5734375 0.3140625000000001 0.5734375 0.3140625000000001 0.61875 0.34062500000000007 0.61875
0 0.09687500000000006 0.4203125 0.05625000000000004 0.4203125 0.05625000000000006 0.4640625 0.09687500000000007 0.4640625
0 0.08281250000000007 0.55 0.03906250000000007 0.55 0.03906250000000007 0.5921875 0.08281250000000007 0.5921875
0 0.09218750000000006 0.6 0.050000000000000065 0.6 0.050000000000000065 0.61875 0.09218750000000006 0.61875
0 0.4140625 0.04531250000000005 0.3796875 0.04531250000000005 0.3796875 0.10156250000000004 0.4140625 0.10156250000000004
0 0.4578125 0.10156250000000004 0.4125 0.10156250000000004 0.4125 0.17343750000000005 0.4578125 0.17343750000000005
0 0.7828125 0.19531250000000008 0.7375 0.19531250000000008 0.7375 0.2671875000000001 0.7828125 0.2671875000000001
0 0.871875 1.0409497792752504e-16 0.828125 1.0141606305439018e-16 0.828125 0.021875000000000103 0.871875 0.021875000000000106
0 0.14843750000000014 0.9671875 0.12812500000000013 0.9671875 0.12812500000000013 0.9953125 0.14843750000000014 0.9953125
0 0.18281250000000013 0.9734375 0.16093750000000012 0.9734375 0.16093750000000012 0.9921875 0.18281250000000013 0.9921875
0 0.20312500000000008 0.96875 0.18125000000000013 0.96875 0.18125000000000013 0.9875 0.20312500000000008 0.9875
0 0.875 0.7781250000000002 0.8015625 0.7781250000000002 0.8015625 0.8453125 0.875 0.8453125
0 1 0.7531250000000002 0.953125 0.7531250000000002 0.953125 0.8203125 1 0.8203125
0 0.6109375000000001 0.8796875 0.5531250000000002 0.8796875 0.5531250000000002 0.9203125 0.6109375000000001 0.9203125
0 0.4625000000000002 0.746875 0.40156250000000016 0.746875 0.40156250000000016 0.83125 0.4625000000000002 0.83125
0 0.39531250000000007 0.6609375 0.37968750000000007 0.6609375 0.37968750000000007 0.734375 0.39531250000000007 0.734375
0 0.40625000000000017 0.790625 0.37968750000000007 0.790625 0.37968750000000007 0.8421875 0.40625000000000017 0.8421875