0 0.2015625000000001 0.503125 0.16250000000000003 0.503125 0.16250000000000003 0.5421875 0.2015625000000001 0.5421875
0 0.10000000000000009 0.7078125 0.057812500000000086 0.7078125 0.057812500000000086 0.7484375 0.10000000000000009 0.7484375
0 0.15625000000000008 0.68125 0.12031250000000009 0.68125 0.12031250000000009 0.7171875 0.15625000000000008 0.7171875
0 0.20468750000000008 0.659375 0.16562500000000008 0.659375 0.16562500000000008 0.6984375 0.20468750000000008 0.6984375
0 0.1546875000000001 0.6265625 0.11562500000000009 0.6265625 0.11562500000000009 0.6671875 0.1546875000000001 0.6671875
0 0.2812500000000001 0.5625 0.2406250000000001 0.5625 0.2406250000000001 0.6015625 0.2812500000000001 0.6015625
0 0.403125 0.509375 0.3671875000000001 0.509375 0.3671875000000001 0.5484375 0.403125 0.5484375
0 0.4359375 0.4453125 0.3937500000000001 0.4453125 0.3937500000000001 0.484375 0.4359375 0.484375
0 0.509375 0.5328125 0.4734375 0.5328125 0.4734375 0.56875 0.509375 0.56875
3 0.565625 0.5140625 0.5265625 0.5140625 0.5265625 0.55 0.565625 0.55
0 0.3609375000000001 0.6375 0.3203125000000001 0.6375 0.3203125000000001 0.6796875 0.3609375000000001 0.6796875
0 0.4968750000000002 0.8484375 0.47968750000000016 0.8484375 0.47968750000000016 0.9171875 0.4968750000000002 0.9171875
0 0.5265625000000002 0.871875 0.5078125000000002 0.871875 0.5078125000000002 0.940625 0.5265625000000002 0.940625
0 0.5671875 0.4734375 0.5265625 0.4734375 0.5265625 0.4984375 0.5671875 0.4984375
0 0.6328125 0.5109375 0.5953125 0.5109375 0.5953125 0.540625 0.6328125 0.540625
0 0.6125 0.590625 0.5765625 0.590625 0.5765625 0.6203125 0.6125 0.6203125
0 0.7390625 0.47343750000000007 0.7 0.4734375 0.7 0.5000000000000001 0.7390625 0.5000000000000002
0 0.9203125 0.4968750000000002 0.8796875 0.4968750000000002 0.8796875 0.5265625000000002 0.9203125 0.5265625000000002
0 0.8125 0.5734375000000002 0.775 0.5734375000000002 0.775 0.6031250000000001 0.8125 0.6031250000000001
3 0.8234375 0.42500000000000016 0.765625 0.42500000000000016 0.765625 0.4578125000000002 0.8234375 0.4578125000000002
3 0.9984375 0.3187500000000001 0.9390625 0.3187500000000001 0.9390625 0.3593750000000001 0.9984375 0.3593750000000001
2 0.9609375 0.6609375000000002 0.853125 0.6609375000000002 0.853125 0.7312500000000002 0.9609375 0.7312500000000002
0 0.3953125 0.10781250000000005 0.378125 0.10781250000000005 0.378125 0.16875000000000004 0.3953125 0.16875000000000004
0 0.4171875 0.10000000000000005 0.4015625 0.10000000000000005 0.4015625 0.16875000000000004 0.4171875 0.16875000000000004
0 0.9984375 0.6187500000000001 0.9640625 0.6187500000000001 0.9640625 0.6531250000000002 0.9984375 0.6531250000000002
0 0.9328125 0.5765625000000002 0.8921875 0.5765625000000002 0.8921875 0.6109375000000001 0.9328125 0.6109375000000001