0 0.0062500000000000515 0.3828125 4.6881010279859617e-17 0.3828125 5.099505812074526e-17 0.45 0.006250000000000056 0.45
2 0.05156250000000003 0.1734375 0.018750000000000024 0.1734375 0.018750000000000037 0.4234375 0.051562500000000046 0.4234375
2 0.35468750000000004 0.325 0.2546875 0.325 0.25468750000000007 0.384375 0.3546875000000001 0.384375
3 0.25312500000000004 0.328125 0.19531250000000006 0.328125 0.19531250000000006 0.3671875 0.2531250000000001 0.3671875
3 0.4890625 0.2468750000000001 0.453125 0.2468750000000001 0.453125 0.2875000000000001 0.4890625 0.2875000000000001
0 0.2484375000000001 0.3796875 0.2078125000000001 0.3796875 0.2078125000000001 0.4125 0.2484375000000001 0.4125
0 0.25468750000000007 0.428125 0.21875000000000008 0.428125 0.21875000000000008 0.4578125 0.25468750000000007 0.4578125
0 0.3062500000000001 0.4328125 0.2656250000000001 0.4328125 0.2656250000000001 0.4640625 0.3062500000000001 0.4640625
0 0.30937500000000007 0.3859375 0.27031250000000007 0.3859375 0.27031250000000007 0.4171875 0.30937500000000007 0.4171875
0 0.3734375000000001 0.4 0.34062500000000007 0.4 0.34062500000000007 0.4328125 0.3734375000000001 0.4328125
0 0.4015625 0.35625000000000007 0.3625 0.35625 0.36250000000000004 0.39375000000000004 0.4015625 0.3937500000000001
0 0.4453125 0.3656250000000001 0.409375 0.3656250000000001 0.409375 0.39531250000000007 0.4453125 0.39531250000000007
0 0.4890625 0.4171875 0.45 0.4171875 0.45 0.453125 0.4890625 0.453125
0 0.5203125 0.2078125000000001 0.4953125 0.2078125000000001 0.4953125 0.2609375000000001 0.5203125 0.2609375000000001
0 0.540625 0.2171875000000001 0.5234375 0.2171875000000001 0.5234375 0.2578125000000001 0.540625 0.2578125000000001
0 0.571875 0.2171875000000001 0.55 0.2171875000000001 0.55 0.2640625000000001 0.571875 0.2640625000000001
0 0.6171875 0.2218750000000001 0.59375 0.2218750000000001 0.59375 0.2671875000000001 0.6171875 0.2671875000000001
0 1 0.2015625000000001 0.9859375 0.2015625000000001 0.9859375 0.25468750000000007 1 0.25468750000000007
0 0.978125 0.2062500000000001 0.959375 0.2062500000000001 0.959375 0.2515625000000001 0.978125 0.2515625000000001
0 0.9515625 0.20468750000000008 0.93125 0.20468750000000008 0.93125 0.2468750000000001 0.9515625 0.2468750000000001
0 0.8859375 0.19531250000000008 0.865625 0.19531250000000008 0.865625 0.2406250000000001 0.8859375 0.2406250000000001
0 0.74375 0.1937500000000001 0.7234375 0.1937500000000001 0.7234375 0.23437500000000008 0.74375 0.23437500000000008
0 0.7234375 0.1937500000000001 0.70625 0.1937500000000001 0.70625 0.23437500000000008 0.7234375 0.23437500000000008
0 0.703125 0.18125000000000008 0.6796875 0.18125000000000008 0.6796875 0.23437500000000008 0.703125 0.23437500000000008
0 0.6765625 0.1906250000000001 0.6546875 0.1906250000000001 0.6546875 0.2328125000000001 0.6765625 0.2328125000000001
0 0.6515625 0.1859375000000001 0.6375 0.1859375000000001 0.6375 0.22656250000000008 0.6515625 0.22656250000000008
0 0.6328125 0.1843750000000001 0.615625 0.1843750000000001 0.615625 0.22031250000000008 0.6328125 0.22031250000000008
0 0.6078125 0.1765625000000001 0.5875 0.1765625000000001 0.5875 0.2218750000000001 0.6078125 0.2218750000000001
0 0.5796875 0.1703125000000001 0.559375 0.1703125000000001 0.559375 0.2156250000000001 0.5796875 0.2156250000000001
0 0.55625 0.16875000000000007 0.5359375 0.16875000000000004 0.5359375 0.21093750000000008 0.55625 0.21093750000000008
0 0.5328125 0.16718750000000004 0.5140625 0.16718750000000004 0.5140625 0.2078125000000001 0.5328125 0.2078125000000001
0 0.5078125 0.16562500000000005 0.490625 0.16562500000000005 0.490625 0.2078125000000001 0.5078125 0.2078125000000001
0 0.10312500000000009 0.7546875 0.07656250000000009 0.7546875 0.0765625000000001 0.8296875 0.10312500000000009 0.8296875
0 0.3125000000000001 0.8296875 0.2687500000000001 0.8296875 0.2687500000000001 0.86875 0.3125000000000001 0.86875
0 0.3265625000000001 0.790625 0.2843750000000001 0.790625 0.2843750000000001 0.8234375 0.3265625000000001 0.8234375
0 0.13437500000000008 0.515625 0.11250000000000004 0.515625 0.11250000000000007 0.58125 0.13437500000000008 0.58125
0 0.020312500000000084 0.6359375 7.787988238327699e-17 0.6359375 8.218528128652941e-17 0.70625 0.020312500000000087 0.70625
0 0.040625000000000064 0.46875 0.017187500000000057 0.46875 0.01718750000000006 0.5234375 0.040625000000000064 0.5234375
0 0.3375000000000001 0.875 0.2921875000000001 0.875 0.2921875000000001 0.9078125 0.3375000000000001 0.9078125
0 0.3750000000000001 0.828125 0.3296875000000001 0.828125 0.3296875000000001 0.859375 0.3750000000000001 0.859375
0 0.4312500000000002 0.8234375 0.3843750000000001 0.8234375 0.3843750000000001 0.8625 0.4312500000000002 0.8625
0 0.3218750000000001 0.9265625 0.2828125000000001 0.9265625 0.2828125000000001 0.959375 0.3218750000000001 0.959375
0 0.4890625000000002 0.8203125 0.4437500000000002 0.8203125 0.4437500000000002 0.8546875 0.4890625000000002 0.8546875
0 0.846875 0.9296875 0.8265625 0.9296875 0.8265625 0.9671875 0.846875 0.9671875
0 0.6343750000000001 0.678125 0.6109375 0.678125 0.6109375000000001 0.728125 0.6343750000000001 0.728125
0 0.6421875000000001 0.7390625 0.6218750000000002 0.7390625 0.6218750000000002 0.78125 0.6421875000000001 0.78125
0 0.6406250000000002 0.803125 0.6203125000000002 0.803125 0.6203125000000002 0.840625 0.6406250000000002 0.840625
0 0.6750000000000002 0.7546875 0.6578125000000001 0.7546875 0.6578125000000001 0.7921875 0.6750000000000002 0.7921875
0 0.6718750000000002 0.803125 0.6484375000000002 0.803125 0.6484375000000002 0.8453125 0.6718750000000002 0.8453125
0 0.7062500000000002 0.8109375 0.6843750000000002 0.8109375 0.6843750000000002 0.8484375 0.7062500000000002 0.8484375
0 0.7359375000000001 0.8140625 0.7171875000000002 0.8140625 0.7171875000000002 0.8515625 0.7359375000000001 0.8515625
0 0.7093750000000002 0.7484375 0.6843750000000002 0.7484375 0.6843750000000002 0.7921875 0.7093750000000002 0.7921875
0 0.7343750000000001 0.6859375000000001 0.7109375 0.6859375 0.7109375000000001 0.7328125000000001 0.7343750000000002 0.7328125000000002
0 0.7906250000000001 0.6968750000000001 0.76875 0.6968750000000001 0.76875 0.7421875000000002 0.7906250000000001 0.7421875000000002
0 0.8296875 0.6984375000000002 0.8046875 0.6984375000000002 0.8046875 0.7484375000000002 0.8296875 0.7484375000000002
0 0.85 0.7062500000000002 0.834375 0.7062500000000002 0.834375 0.7484375000000002 0.85 0.7484375000000002
0 0.8828125 0.7078125000000002 0.8609375 0.7078125000000002 0.8609375 0.7453125000000002 0.8828125 0.7453125000000002
0 0.925 0.7062500000000002 0.903125 0.7062500000000002 0.903125 0.7515625000000001 0.925 0.7515625000000001
0 1 0.6640625000000002 0.990625 0.6640625000000002 0.990625 0.7093750000000002 1 0.7093750000000002
0 0.9859375 0.6703125000000002 0.965625 0.6703125000000002 0.965625 0.7062500000000002 0.9859375 0.7062500000000002
0 0.9609375 0.6671875000000002 0.946875 0.6671875000000002 0.946875 0.7031250000000002 0.9609375 0.7031250000000002
0 0.9421875 0.6671875000000002 0.9234375 0.6671875000000002 0.9234375 0.7000000000000002 0.9421875 0.7000000000000002
0 0.91875 0.6640625000000002 0.896875 0.6640625000000002 0.896875 0.7015625000000002 0.91875 0.7015625000000002
0 0.890625 0.6625000000000002 0.8703125 0.6625000000000002 0.8703125 0.6984375000000002 0.890625 0.6984375000000002
0 0.865625 0.6578125000000001 0.846875 0.6578125000000001 0.846875 0.6953125000000002 0.865625 0.6953125000000002
0 0.8421875 0.6562500000000002 0.8234375 0.6562500000000002 0.8234375 0.6937500000000002 0.8421875 0.6937500000000002
0 0.8171875 0.6546875000000002 0.8 0.6546875000000002 0.8 0.6921875000000002 0.8171875 0.6921875000000002
0 0.7953125 0.6546875000000002 0.7765625 0.6546875000000002 0.7765625 0.6906250000000002 0.7953125 0.6906250000000002
0 0.771875 0.6500000000000001 0.7546875 0.6500000000000001 0.7546875 0.6859375000000002 0.771875 0.6859375000000002
0 0.75 0.6484375000000002 0.7296875 0.6484375000000002 0.7296875 0.6843750000000002 0.75 0.6843750000000002
0 1 0.9078125 0.9875 0.9078125 0.9875 0.9484375 1 0.9484375
2 0.7046875000000001 0.6578125 0.6453125 0.6578125 0.6453125000000001 0.7359375 0.7046875000000001 0.7359375