2 0.11093750000000009 0.690625 0.0031250000000000847 0.690625 0.0031250000000000904 0.7875 0.11093750000000009 0.7875
2 0.3187500000000001 0.6984375 0.2140625000000001 0.6984375 0.2140625000000001 0.7796875 0.3187500000000001 0.7796875
2 0.409375 0.36406250000000007 0.3765625000000001 0.36406250000000007 0.3765625000000001 0.6296875 0.409375 0.6296875
2 0.521875 0.453125 0.4953125 0.453125 0.4953125 0.715625 0.521875 0.715625
0 0.4578125 0.023437500000000056 0.440625 0.023437500000000056 0.440625 0.09218750000000006 0.4578125 0.09218750000000006
0 0.421875 0.09062500000000004 0.4046875 0.09062500000000004 0.4046875 0.15468750000000003 0.421875 0.15468750000000003
0 0.4328125 0.4078125 0.4171875 0.4078125 0.4171875 0.471875 0.4328125 0.471875
0 0.3734375 0.28125000000000006 0.35625 0.28125 0.35625 0.35000000000000003 0.3734375 0.3500000000000001
0 0.15781250000000008 0.675 0.11875000000000009 0.675 0.11875000000000009 0.7109375 0.15781250000000008 0.7109375
3 0.2406250000000001 0.628125 0.18750000000000008 0.628125 0.18750000000000008 0.68125 0.2406250000000001 0.68125
0 0.0468750000000001 0.784375 0.012500000000000094 0.784375 0.012500000000000098 0.8265625 0.0468750000000001 0.8265625
0 0.1359375000000001 0.740625 0.10000000000000009 0.740625 0.10000000000000009 0.7765625 0.1359375000000001 0.7765625
0 0.23593750000000008 0.6953125 0.19687500000000008 0.6953125 0.19687500000000008 0.73125 0.23593750000000008 0.73125
0 0.44843750000000016 0.8140625 0.4265625000000002 0.8140625 0.4265625000000002 0.89375 0.44843750000000016 0.89375
0 0.4968750000000002 0.7390625 0.47656250000000017 0.7390625 0.47656250000000017 0.809375 0.4968750000000002 0.809375
0 0.5281250000000002 0.8578125 0.5093750000000001 0.8578125 0.5093750000000001 0.9328125 0.5281250000000002 0.9328125
0 0.48437500000000017 0.909375 0.4656250000000002 0.909375 0.4656250000000002 0.9796875 0.48437500000000017 0.9796875
0 0.721875 0.5171875 0.6859375 0.5171875 0.6859375 0.5515625 0.721875 0.5515625
0 0.8625 0.6234375000000002 0.825 0.6234375000000002 0.825 0.6593750000000002 0.8625 0.6593750000000002
3 0.9984375 0.31718750000000007 0.934375 0.31718750000000007 0.934375 0.3656250000000001 0.9984375 0.3656250000000001