0 0.08281250000000001 0.0859375 0.046875000000000014 0.0859375 0.046875000000000014 0.1234375 0.08281250000000002 0.1234375
0 0.1625 0.109375 0.1234375 0.109375 0.1234375 0.140625 0.1625 0.140625
0 0.228125 0.12500000000000006 0.1875 0.12500000000000006 0.1875 0.15781250000000005 0.228125 0.15781250000000005
0 0.19531250000000003 0.16718750000000002 0.1578125 0.1671875 0.15781250000000002 0.19843750000000002 0.19531250000000006 0.19843750000000004
0 0.253125 0.17343750000000005 0.215625 0.17343750000000005 0.215625 0.203125 0.253125 0.203125
0 0.2484375 0.2171875 0.2078125 0.2171875 0.2078125 0.246875 0.2484375 0.246875
0 0.18750000000000006 0.2125 0.15156250000000004 0.2125 0.15156250000000004 0.24375 0.18750000000000006 0.24375
0 0.3109375 0.2265625 0.2703125 0.2265625 0.2703125 0.2546875 0.3109375 0.2546875
0 0.3203125 0.17812500000000003 0.2796875 0.17812500000000003 0.2796875 0.209375 0.3203125 0.209375
0 0.36875 0.18281250000000004 0.3265625 0.18281250000000004 0.3265625 0.21562500000000004 0.36875 0.2156250000000001
3 0.4390625 0.012500000000000053 0.396875 0.01250000000000005 0.396875 0.05625000000000004 0.4390625 0.05625000000000004
0 0.16093750000000004 0.2859375 0.12187500000000004 0.2859375 0.12187500000000004 0.3171875 0.16093750000000004 0.3171875
0 0.06875000000000005 0.2796875 0.026562500000000034 0.2796875 0.026562500000000037 0.328125 0.06875000000000005 0.328125
3 0.4828125 0.06718750000000005 0.4390625 0.06718750000000004 0.4390625 0.14375000000000004 0.4828125 0.14375000000000004
0 0.9796875 0.2968750000000001 0.940625 0.2968750000000001 0.940625 0.3312500000000001 0.9796875 0.3312500000000001
2 0.2296875000000001 0.9390625 0.050000000000000114 0.9390625 0.05000000000000012 0.9984375 0.2296875000000001 0.9984375
0 0.2312500000000001 0.890625 0.18750000000000008 0.890625 0.1875000000000001 0.9265625 0.2312500000000001 0.9265625
0 0.28593750000000007 0.8921875 0.24218750000000008 0.8921875 0.24218750000000008 0.928125 0.28593750000000007 0.928125
0 0.2875000000000001 0.946875 0.24218750000000008 0.946875 0.24218750000000008 0.9859375 0.2875000000000001 0.9859375
0 0.509375 0.48125 0.4734375 0.48125 0.4734375 0.5421875 0.509375 0.5421875
0 0.6093750000000001 0.665625 0.5859375 0.665625 0.5859375000000001 0.7359375 0.6093750000000002 0.7359375
0 0.6546875000000001 0.6984375 0.634375 0.6984375 0.6343750000000001 0.759375 0.6546875000000002 0.759375
0 0.884375 0.49218750000000017 0.84375 0.49218750000000017 0.84375 0.5234375000000002 0.884375 0.5234375000000002
0 0.8828125 0.5390625000000002 0.84375 0.5390625000000002 0.84375 0.5671875000000002 0.8828125 0.5671875000000002
0 0.8765625 0.5812500000000002 0.8390625 0.5812500000000002 0.8390625 0.6125000000000002 0.8765625 0.6125000000000002
0 0.9359375 0.5859375000000002 0.8953125 0.5859375000000002 0.8953125 0.6171875000000002 0.9359375 0.6171875000000002
0 0.996875 0.5953125000000001 0.959375 0.5953125000000001 0.959375 0.6265625000000001 0.996875 0.6265625000000001
0 1 0.5437500000000002 0.9671875 0.5437500000000002 0.9671875 0.5812500000000002 1 0.5812500000000002
0 0.9421875 0.5421875000000002 0.903125 0.5421875000000002 0.903125 0.5734375000000002 0.9421875 0.5734375000000002
0 0.5937500000000002 0.803125 0.5718750000000001 0.803125 0.5718750000000001 0.878125 0.5937500000000002 0.878125
0 0.6765625000000002 0.8828125 0.6546875000000002 0.8828125 0.6546875000000002 0.9546875 0.6765625000000002 0.9546875
0 0.6359375000000002 0.9578125 0.6140625000000002 0.9578125 0.6140625000000002 1 0.6359375000000002 1