0 0.14687500000000003 0.228125 0.13125000000000003 0.228125 0.13125000000000003 0.296875 0.14687500000000003 0.296875
0 0.10781250000000005 0.2796875 0.08906250000000004 0.2796875 0.08906250000000004 0.3484375 0.10781250000000005 0.3484375
0 0.16718750000000004 0.34375 0.14843750000000006 0.34375 0.14843750000000006 0.359375 0.16718750000000004 0.359375
0 0.1734375 0.09218750000000002 0.15625 0.09218750000000002 0.15625 0.1578125 0.1734375 0.1578125
0 0.1515625 0.05468750000000002 0.1328125 0.05468750000000002 0.1328125 0.1203125 0.1515625 0.1203125
0 0.1109375 0.02656250000000001 0.09375 0.02656250000000001 0.09375000000000001 0.09531250000000002 0.1109375 0.09531250000000002
2 0.07187500000000002 0.06875 0.04375000000000001 0.06875 0.043750000000000025 0.3203125 0.07187500000000005 0.3203125
0 0.76875 0.0906250000000001 0.746875 0.0906250000000001 0.746875 0.1312500000000001 0.76875 0.1312500000000001
0 0.6859375 0.14218750000000008 0.6640625 0.14218750000000008 0.6640625 0.1828125000000001 0.6859375 0.1828125000000001
0 0.7015625 0.1453125000000001 0.6890625 0.1453125000000001 0.6890625 0.1781250000000001 0.7015625 0.1781250000000001
0 0.7234375 0.1906250000000001 0.70625 0.1906250000000001 0.70625 0.22812500000000008 0.7234375 0.22812500000000008
0 0.703125 0.1906250000000001 0.684375 0.1906250000000001 0.684375 0.22656250000000008 0.703125 0.22656250000000008
0 0.6765625 0.1921875000000001 0.659375 0.1921875000000001 0.659375 0.2328125000000001 0.6765625 0.2328125000000001
0 0.6484375 0.1921875000000001 0.6265625 0.1921875000000001 0.6265625 0.2296875000000001 0.6484375 0.2296875000000001
0 0.621875 0.19687500000000008 0.6015625 0.19687500000000008 0.6015625 0.2328125000000001 0.621875 0.2328125000000001
0 0.5984375 0.2000000000000001 0.58125 0.2000000000000001 0.58125 0.2375000000000001 0.5984375 0.2375000000000001
0 0.8921875 0.0953125000000001 0.875 0.0953125000000001 0.875 0.13281250000000008 0.8921875 0.13281250000000008
2 0.30781250000000004 0.359375 0.2765625 0.359375 0.27656250000000004 0.609375 0.3078125000000001 0.609375
3 0.3859375000000001 0.8265625 0.36406250000000007 0.8265625 0.36406250000000007 0.93125 0.3859375000000001 0.93125
0 0.3687500000000001 0.6328125 0.3531250000000001 0.6328125 0.3531250000000001 0.6953125 0.3687500000000001 0.6953125
0 0.2953125000000001 0.703125 0.2765625000000001 0.703125 0.2765625000000001 0.7640625 0.2953125000000001 0.7640625
0 0.3343750000000001 0.4046875 0.3187500000000001 0.4046875 0.3187500000000001 0.4703125 0.3343750000000001 0.4703125
0 0.3921875000000001 0.4203125 0.3734375000000001 0.4203125 0.3734375000000001 0.4875 0.3921875000000001 0.4875
0 0.27812500000000007 0.90625 0.2640625000000001 0.90625 0.2640625000000001 0.975 0.27812500000000007 0.975
0 0.10000000000000009 0.628125 0.06250000000000007 0.628125 0.06250000000000008 0.6609375 0.10000000000000009 0.6609375
0 0.039062500000000076 0.634375 7.768853132091022e-17 0.634375 7.960204194457797e-17 0.665625 0.039062500000000076 0.665625
0 0.8625 0.95625 0.83125 0.95625 0.83125 1 0.8625 1
0 0.53125 0.3625000000000001 0.51875 0.3625000000000001 0.51875 0.4234375 0.53125 0.4234375