0 0.61875 0.4640625 0.609375 0.4640625 0.609375 0.509375 0.61875 0.509375
0 0.5265625 0.3031250000000001 0.5015625 0.3031250000000001 0.5015625 0.3687500000000001 0.5265625 0.3687500000000001
0 0.5171875 0.18906250000000005 0.4921875 0.18906250000000005 0.4921875 0.2578125000000001 0.5171875 0.2578125000000001
3 0.5640625 0.08125000000000007 0.5328125 0.08125000000000007 0.5328125 0.16562500000000008 0.5640625 0.16562500000000008
0 0.4921875 5.86491006154162e-17 0.465625 5.702261658529863e-17 0.465625 0.05312500000000007 0.4921875 0.05312500000000007
0 0.4203125 0.2234375000000001 0.384375 0.2234375000000001 0.384375 0.2906250000000001 0.4203125 0.2906250000000001
0 0.4453125 0.31718750000000007 0.4203125 0.31718750000000007 0.4203125 0.3843750000000001 0.4453125 0.3843750000000001
0 0.32812500000000006 0.3265625 0.2890625 0.3265625 0.28906250000000006 0.365625 0.3281250000000001 0.365625
0 0.25000000000000006 0.3421875 0.2078125 0.3421875 0.20781250000000004 0.3765625 0.2500000000000001 0.3765625
0 0.18437500000000004 0.3515625 0.14062500000000006 0.3515625 0.14062500000000006 0.3875 0.18437500000000004 0.3875
0 0.21093750000000008 0.396875 0.17031250000000003 0.396875 0.17031250000000003 0.43125 0.21093750000000008 0.43125
0 0.15312500000000004 0.396875 0.11250000000000004 0.396875 0.11250000000000004 0.4296875 0.15312500000000004 0.4296875
0 0.15781250000000005 0.4421875 0.11406250000000004 0.4421875 0.11406250000000004 0.475 0.15781250000000005 0.475
0 0.21250000000000008 0.4421875 0.17343750000000005 0.4421875 0.17343750000000005 0.475 0.21250000000000008 0.475
0 0.09218750000000006 0.4453125 0.04843750000000006 0.4453125 0.04843750000000006 0.4765625 0.09218750000000006 0.4765625
0 0.08906250000000004 0.3953125 0.04531250000000005 0.3953125 0.04531250000000005 0.4296875 0.08906250000000004 0.4296875
0 0.04062500000000005 0.3953125 4.8411818778793805e-17 0.3953125 5.0612355996011717e-17 0.43125 0.04062500000000006 0.43125
0 0.23437500000000008 0.5171875 0.19375000000000003 0.5171875 0.19375000000000006 0.5515625 0.23437500000000008 0.5515625
0 0.3296875000000001 0.51875 0.2843750000000001 0.51875 0.2843750000000001 0.56875 0.3296875000000001 0.56875
0 0.4109375 0.521875 0.3843750000000001 0.521875 0.3843750000000001 0.56875 0.4109375 0.56875
0 0.9125 0.04687500000000011 0.8953125 0.04687500000000011 0.8953125 0.10937500000000011 0.9125 0.10937500000000014
0 0.8328125 0.10312500000000009 0.803125 0.10312500000000009 0.803125 0.18125000000000008 0.8328125 0.18125000000000008
0 0.6234375 0.36406250000000007 0.61875 0.36406250000000007 0.61875 0.40625 0.6234375 0.40625
0 0.646875 0.3609375000000001 0.625 0.3609375000000001 0.625 0.4078125 0.646875 0.4078125
0 0.6765625 0.3531250000000001 0.646875 0.3531250000000001 0.646875 0.409375 0.6765625 0.409375
0 0.703125 0.3609375000000001 0.6796875 0.3609375000000001 0.6796875 0.4078125 0.703125 0.4078125
0 0.73125 0.36406250000000007 0.70625 0.36406250000000007 0.70625 0.4078125000000001 0.73125 0.4078125000000002
0 0.7984375 0.3609375000000001 0.7734375 0.3609375000000001 0.7734375 0.4078125000000002 0.7984375 0.4078125000000002
0 0.9390625 0.3734375000000001 0.9140625 0.3734375000000001 0.9140625 0.4156250000000002 0.9390625 0.4156250000000002
0 0.95625 0.3765625000000001 0.934375 0.3765625000000001 0.934375 0.4187500000000002 0.95625 0.4187500000000002
0 0.9828125 0.3656250000000001 0.9546875 0.3656250000000001 0.9546875 0.42187500000000017 0.9828125 0.42187500000000017
0 1 0.3765625000000001 0.9796875 0.3765625000000001 0.9796875 0.42187500000000017 1 0.42187500000000017
2 0.5093750000000001 0.9296875 0.39531250000000007 0.9296875 0.39531250000000007 0.9828125 0.5093750000000001 0.9828125
2 0.2921875000000001 0.8984375 0.23593750000000008 0.8984375 0.23593750000000008 1 0.2921875000000001 1
0 0.3515625000000001 0.71875 0.3140625000000001 0.71875 0.3140625000000001 0.778125 0.3515625000000001 0.778125
0 0.2875000000000001 0.6515625 0.2640625000000001 0.6515625 0.2640625000000001 0.7046875 0.2875000000000001 0.7046875
0 0.2484375000000001 0.7515625 0.21875000000000008 0.7515625 0.21875000000000008 0.8125 0.2484375000000001 0.8125
0 0.2578125000000001 0.8453125 0.2312500000000001 0.8453125 0.2312500000000001 0.9109375 0.2578125000000001 0.9109375
0 0.48437500000000017 0.9046875 0.4468750000000002 0.9046875 0.4468750000000002 0.9296875 0.48437500000000017 0.9296875
0 0.32500000000000007 0.56875 0.2984375000000001 0.56875 0.2984375000000001 0.5953125 0.32500000000000007 0.5953125
0 0.2671875000000001 0.6234375 0.24218750000000008 0.6234375 0.24218750000000008 0.6890625 0.2671875000000001 0.6890625
0 0.24218750000000008 0.6296875 0.2140625000000001 0.6296875 0.2140625000000001 0.6953125 0.24218750000000008 0.6953125
3 0.4343750000000002 0.8921875 0.3921875000000001 0.8921875 0.3921875000000001 0.93125 0.4343750000000002 0.93125
0 0.0750000000000001 0.7671875 0.042187500000000086 0.7671875 0.04218750000000009 0.7984375 0.0750000000000001 0.7984375
0 0.07968750000000009 0.7328125 0.042187500000000086 0.7328125 0.042187500000000086 0.7609375 0.07968750000000009 0.7609375
0 0.03750000000000009 0.7234375 0.0015625000000000888 0.7234375 0.001562500000000091 0.7578125 0.03750000000000009 0.7578125
0 0.0703125000000001 0.8015625 0.0343750000000001 0.8015625 0.0343750000000001 0.834375 0.07031250000000011 0.834375
0 0.0281250000000001 0.7984375 9.778039286942148e-17 0.7984375 9.950255243072244e-17 0.8265625 0.0281250000000001 0.8265625
0 0.05937500000000011 0.8703125 0.018750000000000107 0.8703125 0.018750000000000107 0.9078125 0.05937500000000011 0.9078125
0 0.037500000000000096 0.7578125 9.280526524788537e-17 0.7578125 9.47187758715531e-17 0.7890625 0.0375000000000001 0.7890625
0 0.7937500000000001 0.6812500000000001 0.7515625 0.6812500000000001 0.7515625000000001 0.7468750000000002 0.7937500000000002 0.7468750000000002