0 0.5578125 0.2906250000000001 0.528125 0.2906250000000001 0.528125 0.3390625000000001 0.5578125 0.3390625000000001
3 0.07031250000000001 0.084375 1.0332957367805793e-17 0.084375 1.4064303083957884e-17 0.1453125 0.07031250000000003 0.1453125
0 0.9578125 0.004687500000000117 0.9375 0.004687500000000115 0.9375 0.043750000000000115 0.9578125 0.04375000000000012
0 0.9125 0.05312500000000011 0.8890625 0.05312500000000011 0.8890625 0.0953125000000001 0.9125 0.0953125000000001
0 0.925 0.2609375000000001 0.9015625 0.2609375000000001 0.9015625 0.3109375000000001 0.925 0.3109375000000001
0 0.93125 0.3265625000000001 0.9078125 0.3265625000000001 0.9078125 0.3390625000000001 0.93125 0.3390625000000001
0 0.9140625 0.3125000000000001 0.8890625 0.3125000000000001 0.8890625 0.3390625000000001 0.9140625 0.3390625000000001
0 0.2828125000000001 0.69375 0.2406250000000001 0.69375 0.2406250000000001 0.7453125 0.2828125000000001 0.7453125
0 0.4187500000000002 0.8609375 0.3843750000000001 0.8609375 0.3843750000000001 0.9546875 0.4187500000000002 0.9546875
0 0.3593750000000001 0.4796875 0.3218750000000001 0.4796875 0.3218750000000001 0.5265625 0.3593750000000001 0.5265625
0 0.3218750000000001 0.421875 0.2843750000000001 0.421875 0.2843750000000001 0.471875 0.3218750000000001 0.471875
0 0.3593750000000001 0.421875 0.3234375000000001 0.421875 0.3234375000000001 0.471875 0.3593750000000001 0.471875
0 0.3984375000000001 0.4203125 0.3593750000000001 0.4203125 0.3593750000000001 0.4734375 0.3984375000000001 0.4734375
0 0.04375000000000005 0.4171875 0.00781250000000005 0.4171875 0.007812500000000054 0.4671875 0.04375000000000005 0.4671875
0 0.18593750000000003 0.4765625 0.14687500000000003 0.4765625 0.14687500000000003 0.5296875 0.18593750000000003 0.5296875
0 0.28593750000000007 0.5296875 0.2468750000000001 0.5296875 0.2468750000000001 0.5796875 0.28593750000000007 0.5796875
0 0.08281250000000005 0.41875 0.046875000000000056 0.41875 0.046875000000000056 0.465625 0.08281250000000007 0.465625
0 0.11406250000000004 0.4203125 0.07968750000000005 0.4203125 0.07968750000000005 0.4703125 0.11406250000000004 0.4703125
0 0.14687500000000003 0.4265625 0.11093750000000005 0.4265625 0.11093750000000005 0.4734375 0.14687500000000003 0.4734375
0 0.19531250000000006 0.4234375 0.15781250000000005 0.4234375 0.15781250000000005 0.4703125 0.19531250000000006 0.4703125
0 0.3234375000000001 0.8234375 0.2828125000000001 0.8234375 0.2828125000000001 0.875 0.3234375000000001 0.875
0 0.2890625000000001 0.8171875 0.2515625000000001 0.8171875 0.2515625000000001 0.8625 0.2890625000000001 0.8625
0 0.2296875000000001 0.7953125 0.19531250000000008 0.7953125 0.19531250000000008 0.8421875 0.2296875000000001 0.8421875
0 0.1937500000000001 0.7953125 0.1593750000000001 0.7953125 0.1593750000000001 0.840625 0.1937500000000001 0.840625
0 0.1593750000000001 0.7875 0.12343750000000009 0.7875 0.12343750000000009 0.8421875 0.1593750000000001 0.8421875
0 0.11875000000000009 0.790625 0.07656250000000009 0.790625 0.0765625000000001 0.8421875 0.11875000000000009 0.8421875
0 0.0796875000000001 0.790625 0.0453125000000001 0.790625 0.0453125000000001 0.8421875 0.0796875000000001 0.8421875
0 0.0375000000000001 0.7890625 0.0031250000000000973 0.7890625 0.0031250000000001 0.8359375 0.0375000000000001 0.8359375
0 0.0062500000000001 0.7875 9.644093543285407e-17 0.7875 9.921552583717228e-17 0.8328125 0.006250000000000103 0.8328125
3 0.29375000000000007 0.5875 0.2484375000000001 0.5875 0.2484375000000001 0.6515625 0.29375000000000007 0.6515625
0 0.8765625 0.7109375000000002 0.834375 0.7109375000000002 0.834375 0.7640625000000002 0.8765625 0.7640625000000002
0 0.89375 0.48750000000000016 0.853125 0.48750000000000016 0.853125 0.5390625000000002 0.89375 0.5390625000000002
0 0.871875 0.4312500000000002 0.8328125 0.4312500000000002 0.8328125 0.47968750000000016 0.871875 0.47968750000000016
0 0.9078125 0.43281250000000016 0.8734375 0.43281250000000016 0.8734375 0.47968750000000016 0.9078125 0.47968750000000016
0 0.946875 0.4312500000000002 0.9078125 0.4312500000000002 0.9078125 0.48437500000000017 0.946875 0.48437500000000017
0 0.5921875 0.4265625 0.559375 0.4265625 0.559375 0.4765625 0.5921875 0.4765625
0 0.696875 0.4890625 0.659375 0.4890625 0.659375 0.5421875 0.696875 0.5421875
0 0.8078125 0.5421875000000002 0.7703125 0.5421875000000002 0.7703125 0.5875000000000001 0.8078125 0.5875000000000001
0 0.6328125 0.4296875 0.596875 0.4296875 0.596875 0.4765625 0.6328125 0.4765625
0 0.6609375 0.4328125 0.6296875 0.4328125 0.6296875 0.4765625 0.6609375 0.4765625
0 0.696875 0.4390625 0.659375 0.4390625 0.659375 0.484375 0.696875 0.484375
0 0.7453125 0.43437500000000007 0.70625 0.434375 0.70625 0.48125000000000007 0.7453125 0.4812500000000002
0 0.875 0.8328125 0.8328125 0.8328125 0.8328125 0.884375 0.875 0.884375
0 0.8390625 0.8265625 0.8015625 0.8265625 0.8015625 0.871875 0.8390625 0.871875
0 0.7796875000000002 0.809375 0.7437500000000001 0.809375 0.7437500000000001 0.85625 0.7796875000000002 0.85625
0 0.7468750000000002 0.809375 0.7109375000000002 0.809375 0.7109375000000002 0.8515625 0.7468750000000002 0.8515625
0 0.7078125000000002 0.7984375 0.6734375000000001 0.7984375 0.6734375000000001 0.85 0.7078125000000002 0.85
0 0.6703125000000002 0.8 0.6281250000000002 0.8 0.6281250000000002 0.8515625 0.6703125000000002 0.8515625
0 0.6312500000000002 0.803125 0.5968750000000002 0.803125 0.5968750000000002 0.8546875 0.6312500000000002 0.8546875
0 0.5875000000000001 0.8015625 0.5593750000000002 0.8015625 0.5593750000000002 0.846875 0.5875000000000001 0.846875
3 0.80625 0.6015625000000002 0.7609375 0.6015625000000002 0.7609375 0.6656250000000001 0.80625 0.6656250000000001