2 0.5078125 0.18437500000000004 0.48125 0.18437500000000004 0.48125 0.4453125 0.5078125 0.4453125
2 0.2406250000000001 0.6484375 0.13437500000000008 0.6484375 0.13437500000000008 0.7296875 0.2406250000000001 0.7296875
2 0.4781250000000002 0.8359375 0.4468750000000002 0.8359375 0.4468750000000002 0.996875 0.4781250000000002 0.996875
3 0.4140625000000001 0.6609375 0.39531250000000007 0.6609375 0.39531250000000007 0.765625 0.41406250000000017 0.765625
3 0.990625 0.3437500000000001 0.93125 0.3437500000000001 0.93125 0.37968750000000007 0.990625 0.37968750000000007
3 0.9078125 0.4390625000000002 0.8546875 0.4390625000000002 0.8546875 0.5171875000000001 0.9078125 0.5171875000000001
0 0.10468750000000009 0.709375 0.06562500000000009 0.709375 0.06562500000000009 0.7421875 0.10468750000000009 0.7421875
0 0.1859375000000001 0.6234375 0.14843750000000008 0.6234375 0.14843750000000008 0.659375 0.1859375000000001 0.659375
0 0.2406250000000001 0.5984375 0.20312500000000008 0.5984375 0.20312500000000008 0.6328125 0.2406250000000001 0.6328125
0 0.15937500000000007 0.528125 0.12031250000000004 0.528125 0.12031250000000007 0.571875 0.1593750000000001 0.571875
0 0.4296875 0.4671875 0.4140625 0.4671875 0.4140625 0.5296875 0.4296875 0.5296875
0 0.5046875 0.5390625 0.4875 0.5390625 0.4875 0.6 0.5046875 0.6
0 0.46875 0.2390625000000001 0.453125 0.2390625000000001 0.453125 0.3046875000000001 0.46875 0.3046875000000001
0 0.4125 0.25468750000000007 0.3953125 0.25468750000000007 0.3953125 0.3218750000000001 0.4125 0.3218750000000001
0 0.5140625000000002 0.7421875 0.5015625000000001 0.7421875 0.5015625000000001 0.8109375 0.5140625000000002 0.8109375
0 0.7203125 0.4671875 0.6828125 0.4671875 0.6828125 0.4984375 0.7203125 0.4984375
0 0.7828125 0.47656250000000017 0.74375 0.47656250000000017 0.74375 0.5062500000000002 0.7828125 0.5062500000000002
0 0.8453125 0.4968750000000002 0.809375 0.4968750000000002 0.809375 0.5250000000000001 0.8453125 0.5250000000000001
0 0.9171875 0.5125000000000002 0.8765625 0.5125000000000002 0.8765625 0.5437500000000002 0.9171875 0.5437500000000002