2 0.24062500000000003 0.17187500000000003 0.1171875 0.171875 0.11718750000000003 0.40625 0.2406250000000001 0.40625
2 0.446875 0.33437500000000003 0.334375 0.334375 0.33437500000000003 0.4265625 0.446875 0.4265625
2 0.11718750000000007 0.4671875 0.06718750000000007 0.4671875 0.06718750000000007 0.61875 0.11718750000000008 0.61875
0 0.434375 0.3187500000000001 0.39375 0.3187500000000001 0.39375 0.3578125000000001 0.434375 0.3578125000000001
0 0.3828125 0.28750000000000003 0.34375 0.2875 0.34375 0.32500000000000007 0.3828125 0.32500000000000007
0 0.5078125 0.415625 0.465625 0.415625 0.465625 0.453125 0.5078125 0.453125
0 0.5609375 0.45 0.51875 0.45 0.51875 0.4953125 0.5609375 0.4953125
0 0.7484375 0.2843750000000001 0.7109375 0.2843750000000001 0.7109375 0.33281250000000007 0.7484375 0.33281250000000007
0 0.9421875 0.3218750000000001 0.91875 0.3218750000000001 0.91875 0.4125000000000002 0.9421875 0.4125000000000002
0 0.834375 0.0609375000000001 0.7984375 0.06093750000000009 0.7984375 0.1062500000000001 0.834375 0.1062500000000001
0 0.7859375 0.007812500000000094 0.75 0.007812500000000092 0.75 0.057812500000000086 0.7859375 0.057812500000000086
0 0.81875 0.006250000000000098 0.7890625 0.0062500000000000975 0.7890625 0.0515625000000001 0.81875 0.05156250000000011
0 0.8578125 1.0294687155332439e-16 0.8234375 1.0084200986728987e-16 0.8234375 0.050000000000000114 0.8578125 0.050000000000000114
0 0.671875 0.07343750000000009 0.6375 0.07343750000000009 0.6375 0.12343750000000009 0.671875 0.12343750000000009
0 0.7703125 0.11718750000000008 0.7359375 0.11718750000000008 0.7359375 0.16562500000000008 0.7703125 0.16562500000000008
0 0.609375 0.028125000000000074 0.5890625 0.028125000000000067 0.5890625 0.07343750000000007 0.609375 0.07343750000000007
0 0.6578125 0.025000000000000078 0.625 0.025000000000000078 0.625 0.06718750000000008 0.6578125 0.0671875000000001
0 0.828125 0.4078125000000002 0.7921875 0.4078125000000002 0.7921875 0.45625000000000016 0.828125 0.45625000000000016
0 0.7921875 0.4046875000000002 0.7578125 0.4046875000000002 0.7578125 0.4468750000000002 0.7921875 0.4468750000000002
0 0.73125 0.3921875000000001 0.7 0.3921875000000001 0.7 0.43437500000000007 0.73125 0.4343750000000002
0 0.696875 0.3937500000000001 0.665625 0.3937500000000001 0.665625 0.4359375 0.696875 0.4359375
0 0.659375 0.3921875000000001 0.628125 0.3921875000000001 0.628125 0.4421875 0.659375 0.4421875
0 0.6203125 0.39531250000000007 0.5890625 0.39531250000000007 0.5890625 0.446875 0.6203125 0.446875
3 0.7890625 0.1750000000000001 0.7484375 0.1750000000000001 0.7484375 0.2375000000000001 0.7890625 0.2375000000000001
0 0.5890625000000002 0.8078125 0.5703125000000002 0.8078125 0.5703125000000002 0.8390625 0.5890625000000002 0.8390625
0 0.5687500000000002 0.775 0.5343750000000002 0.775 0.5343750000000002 0.803125 0.5687500000000002 0.803125
0 0.5296875000000002 0.8125 0.49218750000000017 0.8125 0.49218750000000017 0.85 0.5296875000000002 0.85
0 0.46406250000000016 0.8890625 0.4390625000000002 0.8890625 0.4390625000000002 0.9359375 0.46406250000000016 0.9359375
0 0.4125000000000002 0.9453125 0.3921875000000001 0.9453125 0.3921875000000001 0.996875 0.4125000000000002 0.996875
0 0.3765625000000001 0.7875 0.3437500000000001 0.7875 0.3437500000000001 0.8375 0.3765625000000001 0.8375
0 0.4046875000000002 0.7265625 0.3703125000000001 0.7265625 0.3703125000000001 0.75625 0.4046875000000002 0.75625
0 0.4484375 0.6203125 0.4171875 0.6203125 0.4171875 0.6625 0.4484375 0.6625
0 0.06406250000000009 0.671875 0.03437500000000008 0.671875 0.034375000000000086 0.703125 0.06406250000000009 0.703125
0 0.10937500000000008 0.678125 0.07656250000000009 0.678125 0.07656250000000009 0.703125 0.10937500000000008 0.703125
0 0.12031250000000009 0.7140625 0.08593750000000008 0.7140625 0.08593750000000008 0.7421875 0.12031250000000009 0.7421875
0 0.23437500000000008 0.7296875 0.19687500000000008 0.7296875 0.19687500000000008 0.7578125 0.23437500000000008 0.7578125
0 0.2093750000000001 0.6984375 0.17968750000000008 0.6984375 0.17968750000000008 0.7234375 0.2093750000000001 0.7234375
3 0.15625000000000008 0.6734375 0.11562500000000009 0.6734375 0.11562500000000009 0.7078125 0.15625000000000008 0.7078125
2 0.1468750000000001 0.61875 0.04375000000000008 0.61875 0.04375000000000008 0.65 0.1468750000000001 0.65
0 0.95625 0.88125 0.9203125 0.88125 0.9203125 0.9296875 0.95625 0.9296875
0 0.9296875 0.828125 0.89375 0.828125 0.89375 0.8734375 0.9296875 0.8734375
0 0.9640625 0.825 0.9328125 0.825 0.9328125 0.8703125 0.9640625 0.8703125
0 1 0.8203125 0.96875 0.8203125 0.96875 0.8703125 1 0.8703125
0 0.6125000000000002 0.865625 0.5890625000000002 0.865625 0.5890625000000002 0.921875 0.6125000000000002 0.921875
0 0.6515625000000002 0.853125 0.6203125000000002 0.853125 0.6203125000000002 0.9015625 0.6515625000000002 0.9015625
0 0.7609375000000002 0.9046875 0.7265625000000002 0.9046875 0.7265625000000002 0.9546875 0.7609375000000002 0.9546875
0 0.8765625 0.9453125 0.8421875 0.9453125 0.8421875 0.9875 0.8765625 0.9875
0 0.6921875000000002 0.85 0.6593750000000002 0.85 0.6593750000000002 0.8953125 0.6921875000000002 0.8953125
0 0.7203125000000001 0.8515625 0.6921875000000002 0.8515625 0.6921875000000002 0.89375 0.7203125000000001 0.89375
0 0.7562500000000002 0.853125 0.7218750000000002 0.853125 0.7218750000000002 0.8953125 0.7562500000000002 0.8953125
0 0.803125 0.84375 0.7687500000000002 0.84375 0.7687500000000002 0.8890625 0.803125 0.8890625