2 0.27187500000000003 0.225 0.19375000000000003 0.225 0.19375000000000003 0.490625 0.2718750000000001 0.490625
2 0.39843750000000006 0.29218750000000004 0.3265625 0.2921875 0.32656250000000003 0.51875 0.3984375000000001 0.51875
0 0.2015625 2.296212748401287e-17 0.1734375 2.1239967922711906e-17 0.1734375 0.017187500000000022 0.2015625 0.017187500000000022
0 0.26875 0.2625 0.240625 0.2625 0.240625 0.3296875 0.26875 0.3296875
0 0.18906250000000002 0.15000000000000002 0.1609375 0.15 0.1609375 0.2203125 0.18906250000000005 0.2203125
0 0.559375 0.3203125000000001 0.525 0.3203125000000001 0.525 0.3593750000000001 0.559375 0.3593750000000001
2 0.66875 0.11093750000000009 0.5671875 0.11093750000000009 0.5671875 0.1671875000000001 0.66875 0.1671875000000001
2 0.85625 0.0984375000000001 0.6859375 0.0984375000000001 0.6859375 0.17187500000000008 0.85625 0.17187500000000008
0 0.5875 0.23593750000000008 0.559375 0.23593750000000008 0.559375 0.2656250000000001 0.5875 0.2656250000000001
0 0.640625 0.3984375000000001 0.6125 0.3984375000000001 0.6125 0.4515625 0.640625 0.4515625
0 0.6890625 0.3312500000000001 0.6671875 0.3312500000000001 0.6671875 0.3781250000000001 0.6890625 0.3781250000000001
0 0.6953125 0.21875000000000008 0.659375 0.21875000000000008 0.659375 0.2468750000000001 0.6953125 0.2468750000000001
0 0.7828125 0.1906250000000001 0.75 0.1906250000000001 0.75 0.22031250000000008 0.7828125 0.22031250000000008
0 0.8671875 0.2062500000000001 0.834375 0.2062500000000001 0.834375 0.2375000000000001 0.8671875 0.2375000000000001
0 0.7 0.05937500000000009 0.6640625 0.05937500000000009 0.6640625 0.08906250000000009 0.7 0.08906250000000009
0 0.784375 0.017187500000000095 0.7515625 0.017187500000000095 0.7515625 0.0468750000000001 0.784375 0.0468750000000001
0 0.825 9.902417477480551e-17 0.7921875 9.701498861995439e-17 0.7921875 0.010937500000000098 0.825 0.0109375000000001
0 0.8265625 0.007812500000000099 0.7921875 0.007812500000000097 0.7921875 0.0390625000000001 0.8265625 0.0390625000000001
0 0.9859375 0.11406250000000014 0.9515625 0.11406250000000014 0.9515625 0.14218750000000013 0.9859375 0.14218750000000013
0 1 0.14843750000000014 0.9703125 0.14843750000000014 0.9703125 0.17500000000000013 1 0.17500000000000013
0 0.3140625000000001 0.8546875 0.2828125000000001 0.8546875 0.2828125000000001 0.909375 0.3140625000000001 0.909375
0 0.41718750000000016 0.878125 0.38750000000000007 0.878125 0.38750000000000007 0.93125 0.41718750000000016 0.93125
0 0.10937500000000008 0.65 0.07968750000000009 0.65 0.07968750000000009 0.7 0.10937500000000008 0.7
0 0.3921875000000001 0.8890625 0.37187500000000007 0.8890625 0.37187500000000007 0.9328125 0.3921875000000001 0.9328125
0 0.12500000000000008 0.7046875 0.0984375000000001 0.7046875 0.0984375000000001 0.7546875 0.12500000000000008 0.7546875
0 0.13281250000000008 0.759375 0.10468750000000009 0.759375 0.10468750000000009 0.8125 0.13281250000000008 0.8125
0 0.1593750000000001 0.7171875 0.13437500000000008 0.7171875 0.13437500000000008 0.7609375 0.1593750000000001 0.7609375
0 0.16562500000000008 0.7578125 0.13437500000000008 0.7578125 0.13437500000000008 0.81875 0.16562500000000008 0.81875
0 0.2015625000000001 0.76875 0.17187500000000008 0.76875 0.17187500000000008 0.81875 0.2015625000000001 0.81875
0 0.22812500000000008 0.771875 0.20312500000000008 0.771875 0.20312500000000008 0.815625 0.22812500000000008 0.815625
0 0.1937500000000001 0.7109375 0.1625000000000001 0.7109375 0.1625000000000001 0.759375 0.1937500000000001 0.759375
0 0.21093750000000008 0.6421875 0.17968750000000008 0.6421875 0.17968750000000008 0.7 0.21093750000000008 0.7
0 0.2687500000000001 0.6578125 0.2406250000000001 0.6578125 0.2406250000000001 0.7046875 0.2687500000000001 0.7046875
0 0.30937500000000007 0.65 0.2765625000000001 0.65 0.2765625000000001 0.70625 0.30937500000000007 0.70625
0 0.3281250000000001 0.6578125 0.3062500000000001 0.6578125 0.3062500000000001 0.7 0.3281250000000001 0.7
0 0.3609375000000001 0.653125 0.3343750000000001 0.653125 0.3343750000000001 0.7 0.3609375000000001 0.7
0 0.40625 0.6515625 0.3765625000000001 0.6515625 0.3765625000000001 0.7015625 0.40625 0.7015625
0 0.5265625 0.603125 0.5015625 0.603125 0.5015625 0.6453125 0.5265625 0.6453125
0 0.50625 0.6046875 0.4828125 0.6046875 0.4828125 0.6515625 0.50625 0.6515625
0 0.4875 0.5953125 0.45625 0.5953125 0.45625 0.6515625 0.4875 0.6515625
0 0.459375 0.6125 0.434375 0.6125 0.434375 0.653125 0.459375 0.653125
0 0.434375 0.609375 0.4140625 0.609375 0.4140625 0.653125 0.434375 0.653125
0 0.4140625 0.609375 0.3906250000000001 0.609375 0.3906250000000001 0.6515625 0.4140625 0.6515625
0 0.3921875000000001 0.603125 0.3625000000000001 0.603125 0.3625000000000001 0.6546875 0.3921875000000001 0.6546875
0 0.36406250000000007 0.603125 0.3359375000000001 0.603125 0.3359375000000001 0.653125 0.36406250000000007 0.653125
0 0.3375000000000001 0.60625 0.3109375000000001 0.60625 0.3109375000000001 0.6515625 0.3375000000000001 0.6515625
0 0.3140625000000001 0.60625 0.2890625000000001 0.60625 0.2890625000000001 0.653125 0.3140625000000001 0.653125
0 0.2890625000000001 0.6046875 0.2640625000000001 0.6046875 0.2640625000000001 0.653125 0.2890625000000001 0.653125
0 0.2671875000000001 0.60625 0.24218750000000008 0.60625 0.24218750000000008 0.6515625 0.2671875000000001 0.6515625
0 0.24218750000000008 0.60625 0.21875000000000008 0.60625 0.21875000000000008 0.653125 0.24218750000000008 0.653125
0 0.22031250000000008 0.60625 0.19531250000000008 0.60625 0.19531250000000008 0.6515625 0.22031250000000008 0.6515625
0 0.2250000000000001 0.8734375 0.2000000000000001 0.8734375 0.2000000000000001 0.9203125 0.2250000000000001 0.9203125
2 0.18125000000000008 0.603125 0.10781250000000009 0.603125 0.10781250000000009 0.709375 0.18125000000000008 0.709375
0 0.5828125000000002 0.746875 0.5593750000000002 0.746875 0.5593750000000002 0.7890625 0.5828125000000002 0.7890625
0 1 0.7328125000000002 0.9859375 0.7328125000000002 0.9859375 0.7734375000000002 1 0.7734375000000002
0 0.7265625 0.5296875000000001 0.6984375 0.5296875 0.6984375 0.5796875000000001 0.7265625 0.5796875000000001
0 0.7421875 0.5828125000000001 0.715625 0.5828125 0.715625 0.628125 0.7421875 0.6281250000000002
0 0.746875 0.6468750000000001 0.721875 0.646875 0.721875 0.6875000000000001 0.746875 0.6875000000000002
0 0.7765625 0.5953125000000001 0.7546875 0.5953125000000001 0.7546875 0.6328125000000002 0.7765625 0.6328125000000002
0 0.7796875 0.6406250000000002 0.75 0.6406250000000002 0.75 0.6890625000000001 0.7796875 0.6890625000000001
0 0.8171875 0.6453125000000002 0.7890625 0.6453125000000002 0.7890625 0.6859375000000002 0.8171875 0.6859375000000002
0 0.84375 0.6437500000000002 0.8203125 0.6437500000000002 0.8203125 0.6812500000000001 0.84375 0.6812500000000001
0 0.809375 0.5828125000000002 0.7796875 0.5828125000000002 0.7796875 0.6281250000000002 0.809375 0.6281250000000002
0 0.828125 0.5187500000000002 0.7984375 0.5187500000000002 0.7984375 0.5656250000000002 0.828125 0.5656250000000002
0 0.8828125 0.5187500000000002 0.85625 0.5187500000000002 0.85625 0.5640625000000001 0.8828125 0.5640625000000001
0 0.921875 0.5187500000000002 0.890625 0.5187500000000002 0.890625 0.5640625000000001 0.921875 0.5640625000000001
0 0.9421875 0.5187500000000002 0.9203125 0.5187500000000002 0.9203125 0.5593750000000002 0.9421875 0.5593750000000002
0 0.9734375 0.5187500000000002 0.946875 0.5187500000000002 0.946875 0.5546875000000002 0.9734375 0.5546875000000002
0 1 0.5187500000000002 0.990625 0.5187500000000002 0.990625 0.5515625000000002 1 0.5515625000000002
2 0.7984375 0.5187500000000002 0.7296875 0.5187500000000002 0.7296875 0.5796875000000001 0.7984375 0.5796875000000001