0 0.026562500000000017 0.1234375 1.511673392697514e-17 0.1234375 1.769997326892659e-17 0.165625 0.026562500000000024 0.165625
0 0.09531250000000002 0.21875 0.05625000000000002 0.21875 0.05625000000000002 0.2578125 0.09531250000000002 0.2578125
3 0.15156250000000004 0.2046875 0.10937500000000004 0.2046875 0.10937500000000004 0.2421875 0.15156250000000004 0.2421875
0 0.15625000000000003 0.1625 0.1140625 0.1625 0.11406250000000002 0.190625 0.15625000000000006 0.190625
0 0.2203125 0.2046875 0.17968750000000006 0.2046875 0.17968750000000006 0.2375 0.2203125 0.2375
0 0.19218750000000004 0.2828125 0.15468750000000003 0.2828125 0.15468750000000003 0.315625 0.19218750000000004 0.315625
0 0.328125 0.17500000000000004 0.2875 0.17500000000000004 0.2875 0.2046875 0.328125 0.2046875
3 0.678125 0.2328125000000001 0.6375 0.2328125000000001 0.6375 0.3390625000000001 0.678125 0.3390625000000001
0 0.8015625 0.3078125000000001 0.765625 0.3078125000000001 0.765625 0.3390625000000001 0.8015625 0.3390625000000001
0 0.75 0.042187500000000086 0.725 0.042187500000000086 0.725 0.1140625000000001 0.75 0.1140625000000001
2 0.25468750000000007 0.721875 0.1437500000000001 0.721875 0.1437500000000001 0.821875 0.25468750000000007 0.821875
2 0.3390625000000001 0.79375 0.2656250000000001 0.79375 0.2656250000000001 0.8984375 0.3390625000000001 0.8984375
0 0.3390625000000001 0.7421875 0.3140625000000001 0.7421875 0.3140625000000001 0.7734375 0.3390625000000001 0.7734375
0 0.3140625000000001 0.68125 0.2671875000000001 0.68125 0.2671875000000001 0.715625 0.3140625000000001 0.715625
2 0.24062500000000003 0.3390625 0.19375000000000003 0.3390625 0.19375000000000003 0.4375 0.2406250000000001 0.4375
0 0.4828125 0.4328125 0.4484375 0.4328125 0.4484375 0.4859375 0.4828125 0.4859375
0 0.575 0.3656250000000001 0.5359375 0.3656250000000001 0.5359375 0.4265625 0.575 0.4265625
0 0.8109375 0.7140625000000002 0.7734375 0.7140625000000002 0.7734375000000001 0.7703125000000002 0.8109375 0.7703125000000002
0 0.509375 0.6203125 0.471875 0.6203125 0.471875 0.68125 0.509375 0.68125
0 0.3984375000000001 0.7625 0.3593750000000001 0.7625 0.3593750000000001 0.81875 0.3984375000000001 0.81875