3 0.034375 0.0390625 4.783776559169349e-18 0.0390625 8.036744619404505e-18 0.0921875 0.03437500000000001 0.0921875
0 0.30625 0.11562500000000005 0.2625 0.11562500000000005 0.2625 0.15468750000000003 0.30625 0.15468750000000003
0 0.3234375 0.15625000000000006 0.28125 0.15625000000000006 0.28125 0.19375000000000003 0.3234375 0.19375000000000003
0 0.19218750000000004 0.2109375 0.14843750000000006 0.2109375 0.14843750000000006 0.2484375 0.19218750000000004 0.2484375
0 0.2015625 0.16250000000000003 0.15625 0.1625 0.15625000000000003 0.2 0.2015625 0.2
0 0.2171875 0.09375000000000003 0.175 0.09375000000000003 0.175 0.1296875 0.2171875 0.12968750000000004
2 0.8015625 8.668203125214859e-17 0.6140625 7.520096751014216e-17 0.6140625 0.1359375000000001 0.8015625 0.1359375000000001
0 0.9859375 0.10781250000000013 0.9359375 0.10781250000000013 0.9359375 0.15937500000000013 0.9859375 0.15937500000000013
0 1 0.16093750000000012 0.9546875 0.16093750000000012 0.9546875 0.2156250000000001 1 0.2156250000000001
0 0.9375 0.1515625000000001 0.8875 0.1515625000000001 0.8875 0.2015625000000001 0.9375 0.2015625000000001
0 0.9078125 0.10156250000000011 0.85625 0.10156250000000008 0.85625 0.15468750000000012 0.9078125 0.15468750000000014
0 0.83125 0.0828125000000001 0.78125 0.0828125000000001 0.78125 0.13281250000000008 0.83125 0.13281250000000008
0 0.8765625 0.1468750000000001 0.8328125 0.1468750000000001 0.8328125 0.1937500000000001 0.8765625 0.1937500000000001
0 0.6578125 0.2093750000000001 0.6171875 0.2093750000000001 0.6171875 0.2687500000000001 0.6578125 0.2687500000000001
0 0.3515625 0.14218750000000005 0.3296875 0.14218750000000005 0.3296875 0.18906250000000005 0.3515625 0.18906250000000005
0 0.21250000000000008 0.6 0.1609375000000001 0.6 0.1609375000000001 0.64375 0.21250000000000008 0.64375
0 0.18906250000000008 0.7484375 0.14218750000000008 0.7484375 0.14218750000000008 0.790625 0.18906250000000008 0.790625
0 0.3296875000000001 0.6984375 0.3140625000000001 0.6984375 0.3140625000000001 0.7421875 0.3296875000000001 0.7421875
2 0.6578125 0.41875 0.5875 0.41875 0.5875 0.6046875 0.6578125 0.6046875
2 0.9734375 0.6140625000000002 0.796875 0.6140625000000002 0.796875 0.7140625000000002 0.9734375 0.7140625000000002
0 0.7500000000000002 0.7453125 0.7031250000000002 0.7453125 0.7031250000000002 0.83125 0.7500000000000002 0.83125
0 0.6921875000000001 0.6828125 0.6515625 0.6828125 0.6515625 0.765625 0.6921875000000002 0.765625
0 0.6656250000000001 0.7703125 0.6218750000000002 0.7703125 0.6218750000000002 0.853125 0.6656250000000001 0.853125
0 0.8328125 0.8828125 0.7937500000000002 0.8828125 0.7937500000000002 0.9640625 0.8328125 0.9640625
0 0.571875 0.4546875 0.5265625 0.4546875 0.5265625 0.50625 0.571875 0.50625
0 0.48125 0.553125 0.4328125 0.553125 0.4328125 0.59375 0.48125 0.59375
0 0.5140625000000001 0.684375 0.465625 0.684375 0.46562500000000007 0.7265625 0.5140625000000002 0.7265625
0 0.4046875 0.5671875 0.3578125000000001 0.5671875 0.3578125000000001 0.6078125 0.4046875 0.6078125
3 0.4421875 0.5203125 0.3937500000000001 0.5203125 0.3937500000000001 0.5640625 0.4421875 0.5640625