2 0.440625 0.39843750000000006 0.3296875000000001 0.3984375 0.3296875000000001 0.6296875 0.440625 0.6296875
2 0.2156250000000001 0.528125 0.10625000000000004 0.528125 0.10625000000000007 0.615625 0.2156250000000001 0.615625
0 0.16406250000000006 0.50625 0.12500000000000006 0.50625 0.12500000000000006 0.54375 0.16406250000000006 0.54375
0 0.21875000000000008 0.4828125 0.18125000000000005 0.4828125 0.18125000000000005 0.51875 0.21875000000000008 0.51875
0 0.07812500000000007 0.590625 0.037500000000000075 0.590625 0.037500000000000075 0.6265625 0.07812500000000007 0.6265625
0 0.01875000000000008 0.615625 7.539231857250894e-17 0.615625 7.807123344564377e-17 0.659375 0.018750000000000083 0.659375
0 0.3828125 4.5732903905658965e-17 0.3640625 4.4584797531458325e-17 0.3640625 0.04062500000000004 0.3828125 0.04062500000000004
0 0.4109375 4.9081547497077516e-17 0.390625 4.7837765591693485e-17 0.390625 0.03593750000000005 0.4109375 0.03593750000000005
0 0.6375 0.565625 0.6109375 0.565625 0.6109375 0.6171875 0.6375 0.6171875
0 0.7328125 0.6140625000000001 0.7078125 0.6140625 0.7078125 0.6703125000000001 0.7328125 0.6703125000000002
0 0.70625 0.621875 0.690625 0.621875 0.690625 0.6640625 0.70625 0.6640625
0 0.5890625 0.4 0.5796875 0.4 0.5796875 0.44375 0.5890625 0.44375
0 0.615625 0.459375 0.5921875 0.459375 0.5921875 0.509375 0.615625 0.509375
0 0.6421875 0.4734375 0.6234375 0.4734375 0.6234375 0.5171875 0.6421875 0.5171875
0 0.6234375 0.403125 0.596875 0.403125 0.596875 0.4515625 0.6234375 0.4515625
0 0.6546875 0.34062500000000007 0.6296875 0.34062500000000007 0.6296875 0.4 0.6546875 0.4
0 0.7078125 0.37187500000000007 0.684375 0.37187500000000007 0.684375 0.4171875 0.7078125 0.4171875
0 0.746875 0.3703125000000001 0.7203125 0.3703125000000001 0.7203125 0.4250000000000001 0.746875 0.42500000000000016
0 0.765625 0.3859375000000001 0.75 0.3859375000000001 0.75 0.4265625000000002 0.765625 0.4265625000000002
0 0.7984375 0.38750000000000007 0.7765625 0.38750000000000007 0.7765625 0.43281250000000016 0.7984375 0.43281250000000016
0 0.84375 0.3937500000000001 0.8171875 0.3937500000000001 0.8171875 0.4437500000000002 0.84375 0.4437500000000002
0 0.971875 0.3781250000000001 0.95 0.3781250000000001 0.95 0.4187500000000002 0.971875 0.4187500000000002
0 0.95 0.3750000000000001 0.9328125 0.3750000000000001 0.9328125 0.41718750000000016 0.95 0.41718750000000016
0 0.93125 0.3609375000000001 0.9078125 0.3609375000000001 0.9078125 0.4156250000000002 0.93125 0.4156250000000002
0 0.9046875 0.3671875000000001 0.8828125 0.3671875000000001 0.8828125 0.4109375000000002 0.9046875 0.4109375000000002
0 0.88125 0.3609375000000001 0.865625 0.3609375000000001 0.865625 0.40156250000000016 0.88125 0.40156250000000016
0 0.8609375 0.3593750000000001 0.84375 0.3593750000000001 0.84375 0.3968750000000001 0.8609375 0.3968750000000001
0 0.8390625 0.3468750000000001 0.8171875 0.3468750000000001 0.8171875 0.3921875000000001 0.8390625 0.3921875000000001
0 0.8109375 0.3375000000000001 0.7890625 0.3375000000000001 0.7890625 0.38750000000000007 0.8109375 0.38750000000000007
0 0.7875 0.3359375000000001 0.7671875 0.3359375000000001 0.7671875 0.3843750000000001 0.7875 0.3843750000000001
0 0.7625 0.3296875000000001 0.74375 0.3296875000000001 0.74375 0.3750000000000001 0.7625 0.3750000000000001
0 0.7390625 0.32500000000000007 0.7203125 0.32500000000000007 0.7203125 0.3703125000000001 0.7390625 0.3703125000000001
0 0.7171875 0.3203125000000001 0.6984375 0.3203125000000001 0.6984375 0.36406250000000007 0.7171875 0.36406250000000007
0 0.69375 0.3156250000000001 0.6765625 0.3156250000000001 0.6765625 0.3578125000000001 0.69375 0.3578125000000001
0 0.671875 0.3109375000000001 0.653125 0.3109375000000001 0.653125 0.3515625000000001 0.671875 0.3515625000000001
2 0.625 0.2906250000000001 0.5796875 0.2906250000000001 0.5796875 0.3937500000000001 0.625 0.3937500000000001
0 0.14218750000000008 0.728125 0.1062500000000001 0.728125 0.1062500000000001 0.7921875 0.14218750000000008 0.7921875
0 0.7187500000000002 0.9109375 0.6937500000000002 0.9109375 0.6937500000000002 0.9515625 0.7187500000000002 0.9515625
0 0.7937500000000002 0.9671875 0.7703125000000002 0.9671875 0.7703125000000002 1 0.7937500000000002 1
0 0.7687500000000002 0.971875 0.7546875000000002 0.971875 0.7546875000000002 1 0.7687500000000002 1
0 0.99375 0.7156250000000002 0.9734375 0.7156250000000002 0.9734375 0.7515625000000001 0.99375 0.7515625000000001
0 0.96875 0.7093750000000002 0.95 0.7093750000000002 0.95 0.7484375000000002 0.96875 0.7484375000000002
0 0.946875 0.7000000000000002 0.921875 0.7000000000000002 0.921875 0.7484375000000002 0.946875 0.7484375000000002
0 0.915625 0.7046875000000001 0.896875 0.7046875000000001 0.896875 0.7406250000000002 0.915625 0.7406250000000002
0 0.8890625 0.6968750000000001 0.8671875 0.6968750000000001 0.8671875 0.7375000000000002 0.8890625 0.7375000000000002
0 0.821875 0.6906250000000002 0.8015625 0.6906250000000002 0.8015625 0.7265625000000002 0.821875 0.7265625000000002
0 0.6828125 0.6890625 0.6609375 0.6890625 0.6609375 0.7109375 0.6828125 0.7109375
0 0.6625 0.6890625 0.64375 0.6890625 0.64375 0.7109375 0.6625 0.7109375
0 0.640625 0.6890625 0.61875 0.6890625 0.61875 0.7109375 0.640625 0.7109375
0 0.615625 0.6890625 0.59375 0.6890625 0.59375 0.7078125 0.615625 0.7078125
0 0.590625 0.6890625 0.5796875 0.6890625 0.5796875 0.6984375 0.590625 0.6984375
0 0.5875000000000001 0.9015625 0.5796875000000001 0.9015625 0.5796875000000001 0.9453125 0.5875000000000001 0.9453125