0 0.09843750000000008 0.6296875 0.06093750000000007 0.6296875 0.060937500000000075 0.6734375 0.0984375000000001 0.6734375
0 0.371875 0.27968750000000003 0.35625 0.2796875 0.35625 0.34062500000000007 0.371875 0.34062500000000007
0 0.4046875 0.3109375000000001 0.3875 0.3109375000000001 0.38750000000000007 0.3750000000000001 0.4046875 0.3750000000000001
0 0.41875 0.0015625000000000504 0.403125 0.0015625000000000493 0.403125 0.06718750000000004 0.41875 0.06718750000000004
0 0.4609375 0.05781250000000006 0.4453125 0.057812500000000044 0.4453125 0.12031250000000004 0.4609375 0.12031250000000004
0 0.4828125 0.19531250000000006 0.4671875 0.19531250000000006 0.4671875 0.2593750000000001 0.4828125 0.2593750000000001
0 0.5203125 0.17968750000000006 0.5015625 0.17968750000000006 0.5015625 0.2500000000000001 0.5203125 0.2500000000000001
0 0.4328125 0.4015625 0.4171875 0.4015625 0.4171875 0.4703125 0.4328125 0.4703125
0 0.4140625 0.5125 0.3984375000000001 0.5125 0.3984375000000001 0.5765625 0.4140625 0.5765625
0 0.4828125 0.4625 0.465625 0.4625 0.465625 0.5265625 0.4828125 0.5265625
0 0.4218750000000001 0.671875 0.4046875 0.671875 0.4046875000000001 0.7375 0.42187500000000017 0.7375
0 0.440625 0.6296875 0.425 0.6296875 0.425 0.69375 0.440625 0.69375
0 0.4984375000000002 0.7453125 0.4781250000000002 0.7453125 0.4781250000000002 0.8203125 0.4984375000000002 0.8203125
0 0.12343750000000009 0.75 0.08437500000000009 0.75 0.08437500000000009 0.7890625 0.12343750000000009 0.7890625
0 0.17187500000000008 0.7265625 0.1359375000000001 0.7265625 0.1359375000000001 0.765625 0.17187500000000008 0.765625
0 0.2375000000000001 0.6984375 0.1937500000000001 0.6984375 0.1937500000000001 0.7390625 0.2375000000000001 0.7390625
0 0.1609375000000001 0.678125 0.12500000000000008 0.678125 0.12500000000000008 0.7171875 0.1609375000000001 0.7171875
2 0.11250000000000009 0.6953125 0.0015625000000000853 0.6953125 0.001562500000000091 0.7875 0.11250000000000009 0.7875
2 0.3656250000000001 0.7046875 0.26250000000000007 0.7046875 0.26250000000000007 0.75625 0.3656250000000001 0.75625
2 0.42968750000000017 0.83125 0.3968750000000001 0.83125 0.3968750000000001 0.9953125 0.42968750000000017 0.9953125
0 0.48750000000000016 0.9078125 0.4656250000000002 0.9078125 0.4656250000000002 0.9796875 0.48750000000000016 0.9796875
3 0.2406250000000001 0.6359375 0.18906250000000008 0.6359375 0.18906250000000008 0.6875 0.2406250000000001 0.6875
0 0.7234375 0.5203125 0.6859375 0.5203125 0.6859375 0.5515625 0.7234375 0.5515625
3 0.9984375 0.3234375000000001 0.940625 0.3234375000000001 0.940625 0.3656250000000001 0.9984375 0.3656250000000001