3 0.0921875 0.07500000000000001 0.02812500000000001 0.075 0.02812500000000001 0.134375 0.09218750000000002 0.134375
0 0.4984375 5.931882933369991e-17 0.4703125 5.759666977239896e-17 0.4703125 0.05156250000000007 0.4984375 0.05156250000000007
0 0.55 6.553773886062008e-17 0.5203125 6.371990376813572e-17 0.5203125 0.042187500000000065 0.55 0.042187500000000065
0 0.3734375 0.23281250000000003 0.34375 0.2328125 0.34375 0.30625 0.3734375 0.3062500000000001
0 0.4046875 0.18437500000000004 0.378125 0.18437500000000004 0.378125 0.2484375000000001 0.4046875 0.2484375000000001
0 0.4484375 0.19375000000000003 0.4203125 0.19375000000000003 0.4203125 0.2640625000000001 0.4484375 0.2640625000000001
0 0.425 0.3734375000000001 0.39531250000000007 0.3734375000000001 0.39531250000000007 0.440625 0.425 0.440625
0 0.43125 0.5 0.4 0.5 0.4 0.5390625 0.43125 0.5390625
0 0.10781250000000005 0.2234375 0.06406250000000002 0.2234375 0.06406250000000002 0.2640625 0.10781250000000005 0.2640625
0 0.16718750000000004 0.2046875 0.12343750000000005 0.2046875 0.12343750000000005 0.253125 0.16718750000000004 0.253125
0 0.21875 0.18750000000000003 0.17343750000000005 0.1875 0.17343750000000005 0.23125 0.21875 0.23125
0 0.18906250000000005 0.253125 0.14375000000000004 0.253125 0.14375000000000004 0.2984375 0.18906250000000005 0.2984375
0 0.2890625 0.054687500000000035 0.246875 0.05468750000000002 0.246875 0.10937500000000004 0.2890625 0.10937500000000004
0 0.4609375 0.2968750000000001 0.4296875 0.2968750000000001 0.4296875 0.3687500000000001 0.4609375 0.3687500000000001
0 0.590625 0.3859375000000001 0.55 0.3859375000000001 0.55 0.4578125 0.590625 0.4578125
0 0.7140625 0.1859375000000001 0.675 0.1859375000000001 0.675 0.23593750000000008 0.7140625 0.23593750000000008
0 0.734375 0.1359375000000001 0.6984375 0.1359375000000001 0.6984375 0.17968750000000008 0.734375 0.17968750000000008
0 0.6984375 0.12343750000000009 0.665625 0.12343750000000009 0.665625 0.1671875000000001 0.6984375 0.1671875000000001
0 0.665625 0.10468750000000009 0.628125 0.10468750000000009 0.628125 0.1546875000000001 0.665625 0.1546875000000001
0 1 0.2578125000000001 0.990625 0.2578125000000001 0.990625 0.3140625000000001 1 0.3140625000000001
0 0.99375 0.23437500000000008 0.9578125 0.23437500000000008 0.9578125 0.28593750000000007 0.99375 0.28593750000000007
0 0.9125 0.2750000000000001 0.8765625 0.2750000000000001 0.8765625 0.32500000000000007 0.9125 0.32500000000000007
0 0.784375 0.2718750000000001 0.746875 0.2718750000000001 0.746875 0.3218750000000001 0.784375 0.3218750000000001
0 0.95625 0.21875000000000008 0.9203125 0.21875000000000008 0.9203125 0.2687500000000001 0.95625 0.2687500000000001
0 0.9234375 0.21250000000000008 0.8921875 0.21250000000000008 0.8921875 0.2562500000000001 0.9234375 0.2562500000000001
0 0.8953125 0.20312500000000008 0.8578125 0.20312500000000008 0.8578125 0.2468750000000001 0.8953125 0.2468750000000001
0 0.8515625 0.1859375000000001 0.8171875 0.1859375000000001 0.8171875 0.22812500000000008 0.8515625 0.22812500000000008
0 0.5828125 0.5078125 0.55 0.5078125 0.55 0.5390625 0.5828125 0.5390625
0 0.6171875 0.5109375 0.5796875 0.5109375 0.5796875 0.5390625 0.6171875 0.5390625
0 0.6765625 0.5140625 0.6421875 0.5140625 0.6421875 0.5390625 0.6765625 0.5390625
0 0.709375 0.525 0.6734375 0.525 0.6734375 0.5390625 0.709375 0.5390625
3 0.7765625 0.3359375000000001 0.7328125 0.3359375000000001 0.7328125 0.3968750000000001 0.7765625 0.3968750000000001
0 0.1375000000000001 0.8453125 0.09687500000000011 0.8453125 0.09687500000000011 0.8984375 0.1375000000000001 0.8984375
0 0.17343750000000008 0.628125 0.1359375000000001 0.628125 0.1359375000000001 0.675 0.17343750000000008 0.675
0 0.2218750000000001 0.584375 0.1843750000000001 0.584375 0.1843750000000001 0.634375 0.2218750000000001 0.634375
0 0.1843750000000001 0.571875 0.15000000000000008 0.571875 0.15000000000000008 0.621875 0.1843750000000001 0.621875
0 0.15000000000000008 0.559375 0.11250000000000009 0.559375 0.11250000000000009 0.6109375 0.15000000000000008 0.6109375
0 0.51875 0.7109375 0.4765625 0.7109375 0.4765625000000001 0.7671875 0.5187500000000002 0.7671875
0 0.4781250000000001 0.6859375 0.44375 0.6859375 0.4437500000000001 0.7359375 0.4781250000000002 0.7359375
0 0.3437500000000001 0.6984375 0.3062500000000001 0.6984375 0.3062500000000001 0.75 0.3437500000000001 0.75
0 0.22656250000000008 0.709375 0.1906250000000001 0.709375 0.1906250000000001 0.753125 0.22656250000000008 0.753125
0 0.4421875 0.6734375 0.4078125 0.6734375 0.4078125 0.7171875 0.4421875 0.7171875
0 0.409375 0.665625 0.3765625000000001 0.665625 0.3765625000000001 0.709375 0.409375 0.709375
0 0.3812500000000001 0.6546875 0.3453125000000001 0.6546875 0.3453125000000001 0.7046875 0.3812500000000001 0.7046875
0 0.3375000000000001 0.6375 0.30156250000000007 0.6375 0.30156250000000007 0.68125 0.3375000000000001 0.68125
0 0.06875000000000012 0.9578125 0.029687500000000124 0.9578125 0.029687500000000124 1 0.06875000000000013 1
0 0.10468750000000013 0.959375 0.06718750000000011 0.959375 0.06718750000000012 1 0.10468750000000013 1
0 0.16250000000000014 0.96875 0.12812500000000013 0.96875 0.12812500000000013 1 0.16250000000000014 1
0 0.19531250000000014 0.9796875 0.16093750000000012 0.9796875 0.16093750000000012 1 0.19531250000000014 1
0 0.2296875000000001 0.9890625 0.19687500000000013 0.9890625 0.19687500000000013 1 0.2296875000000001 1
3 0.20468750000000008 0.7609375 0.1593750000000001 0.7609375 0.1593750000000001 0.821875 0.20468750000000008 0.821875
0 0.925 0.6984375000000002 0.884375 0.6984375000000002 0.884375 0.7484375000000002 0.925 0.7484375000000002
0 0.7015625 0.5515625 0.671875 0.5515625 0.671875 0.640625 0.7015625 0.640625
0 0.9109375 0.5390625000000002 0.8734375 0.5390625000000002 0.8734375 0.5703125000000002 0.9109375 0.5703125000000002
0 0.7875000000000002 0.7890625000000002 0.7500000000000002 0.7890625000000002 0.7500000000000002 0.8359375 0.7875000000000002 0.8359375
0 0.821875 0.7937500000000002 0.7859375000000002 0.7937500000000002 0.7859375000000002 0.8375 0.821875 0.8375
0 0.88125 0.7968750000000002 0.846875 0.7968750000000002 0.846875 0.84375 0.88125 0.84375
0 0.9140625 0.8078125 0.88125 0.8078125 0.88125 0.8546875 0.9140625 0.8546875
0 0.95 0.81875 0.915625 0.81875 0.915625 0.8703125 0.95 0.8703125
0 0.9890625 0.83125 0.95 0.83125 0.95 0.884375 0.9890625 0.884375
0 1 0.8484375 0.984375 0.8484375 0.984375 0.9 1 0.9
3 0.8796875 0.5734375000000002 0.8359375 0.5734375000000002 0.8359375 0.6343750000000001 0.8796875 0.6343750000000001