3 0.11562500000000006 0.5234375 0.05937500000000007 0.5234375 0.05937500000000007 0.5734375 0.11562500000000009 0.5734375
3 0.9953125 0.34062500000000007 0.9359375 0.34062500000000007 0.9359375 0.3812500000000001 0.9953125 0.3812500000000001
0 0.4296875 0.059375000000000046 0.4125 0.059375000000000046 0.4125 0.13125000000000003 0.4296875 0.13125000000000003
0 0.4046875 0.13593750000000004 0.3859375 0.13593750000000004 0.3859375 0.19531250000000006 0.4046875 0.19531250000000006
0 0.43125 0.2609375000000001 0.415625 0.2609375000000001 0.415625 0.3265625000000001 0.43125 0.3265625000000001
0 0.4109375 0.3000000000000001 0.39375 0.3000000000000001 0.39375000000000004 0.36406250000000007 0.4109375 0.36406250000000007
0 0.5 0.3593750000000001 0.4828125 0.3593750000000001 0.4828125 0.4234375 0.5 0.4234375
0 0.5640625 0.3515625000000001 0.5296875 0.3515625000000001 0.5296875 0.403125 0.5640625 0.403125
0 0.6203125 0.4015625 0.58125 0.4015625 0.58125 0.4390625 0.6203125 0.4390625
0 0.725 0.4796875 0.6875 0.4796875 0.6875 0.5109375 0.725 0.5109375
0 0.7171875 0.5234375 0.68125 0.5234375 0.68125 0.553125 0.7171875 0.553125
0 0.859375 0.5453125000000002 0.8203125 0.5453125000000002 0.8203125 0.5734375000000002 0.859375 0.5734375000000002
0 0.840625 0.5000000000000002 0.8015625 0.5000000000000002 0.8015625 0.5296875000000002 0.840625 0.5296875000000002
0 0.8046875 0.43750000000000017 0.76875 0.43750000000000017 0.76875 0.4656250000000002 0.8046875 0.4656250000000002
0 0.41875 0.6234375 0.4015625 0.6234375 0.4015625 0.69375 0.41875 0.69375
0 0.440625 0.5703125 0.425 0.5703125 0.425 0.6328125 0.440625 0.6328125
0 0.484375 0.571875 0.46875 0.571875 0.46875 0.6390625 0.484375 0.6390625
0 0.49218750000000017 0.753125 0.4750000000000002 0.753125 0.4750000000000002 0.81875 0.49218750000000017 0.81875
0 0.5234375000000002 0.8765625 0.5046875000000002 0.8765625 0.5046875000000002 0.946875 0.5234375000000002 0.946875
0 0.47656250000000017 0.9171875 0.4578125000000002 0.9171875 0.4578125000000002 0.990625 0.47656250000000017 0.990625
0 0.1546875000000001 0.6625 0.11718750000000008 0.6625 0.11718750000000008 0.6984375 0.1546875000000001 0.6984375
0 0.21250000000000008 0.634375 0.1750000000000001 0.634375 0.1750000000000001 0.6765625 0.21250000000000008 0.6765625
0 0.2593750000000001 0.6078125 0.22031250000000008 0.6078125 0.22031250000000008 0.646875 0.2593750000000001 0.646875
0 0.2406250000000001 0.678125 0.20312500000000008 0.678125 0.20312500000000008 0.71875 0.2406250000000001 0.71875
0 0.3046875000000001 0.465625 0.27031250000000007 0.465625 0.27031250000000007 0.515625 0.3046875000000001 0.515625
0 0.5156250000000001 0.671875 0.496875 0.671875 0.49687500000000007 0.7421875 0.5156250000000002 0.7421875