2 0.296875 3.195562741525125e-17 0.225 2.7554552980815448e-17 0.225 0.2265625 0.296875 0.2265625
2 0.08281250000000007 0.46875 5.740531871003217e-17 0.46875 6.343287717458556e-17 0.5671875 0.08281250000000007 0.5671875
2 0.36406250000000007 0.6125 0.3062500000000001 0.6125 0.3062500000000001 0.7390625 0.36406250000000007 0.7390625
3 0.26250000000000007 0.4515625 0.2250000000000001 0.4515625 0.2250000000000001 0.5578125 0.26250000000000007 0.5578125
0 0.01875000000000006 0.453125 5.5491808086364444e-17 0.453125 5.807504742831589e-17 0.4953125 0.018750000000000062 0.4953125
0 0.06718750000000005 0.4203125 0.025000000000000057 0.4203125 0.025000000000000057 0.4609375 0.06718750000000007 0.4609375
0 0.2359375 0.2578125 0.2109375 0.2578125 0.2109375 0.321875 0.2359375 0.321875
0 0.32343750000000004 0.3171875 0.2953125 0.3171875 0.29531250000000003 0.3796875 0.3234375000000001 0.3796875
0 0.2359375 0.026562500000000027 0.209375 0.026562500000000024 0.209375 0.09375000000000003 0.2359375 0.09375000000000003
0 0.184375 0.051562500000000025 0.1546875 0.051562500000000025 0.1546875 0.12031250000000002 0.184375 0.12031250000000004
0 0.3671875000000001 0.5140625 0.3421875000000001 0.5140625 0.3421875000000001 0.584375 0.3671875000000001 0.584375
0 0.5171875 0.2078125000000001 0.475 0.2078125000000001 0.475 0.2453125000000001 0.5171875 0.2453125000000001
0 0.8296875 9.778039286942148e-17 0.7671875 9.3953371622086e-17 0.7671875 0.035937500000000094 0.8296875 0.0359375000000001
0 0.6578125 0.5640625 0.5984375 0.5640625 0.5984375 0.6296875 0.6578125 0.6296875
0 0.715625 0.6 0.65 0.6 0.65 0.675 0.715625 0.675
0 0.7734375 0.64375 0.70625 0.64375 0.70625 0.7156250000000001 0.7734375 0.7156250000000002
0 0.828125 0.6765625000000002 0.7625 0.6765625000000002 0.7625000000000001 0.7390625000000002 0.828125 0.7390625000000002
0 0.925 0.1421875000000001 0.8859375 0.14218750000000008 0.8859375 0.21093750000000008 0.925 0.21093750000000008
0 0.9359375 0.2500000000000001 0.8953125 0.2500000000000001 0.8953125 0.3265625000000001 0.9359375 0.3265625000000001
0 0.94375 0.3453125000000001 0.9046875 0.3453125000000001 0.9046875 0.4125000000000002 0.94375 0.4125000000000002
0 0.953125 0.5203125000000002 0.9125 0.5203125000000002 0.9125 0.5937500000000002 0.953125 0.5937500000000002
0 0.9796875 0.3281250000000001 0.9296875 0.3281250000000001 0.9296875 0.4125000000000002 0.9796875 0.4125000000000002
0 1 0.2921875000000001 0.9609375 0.2921875000000001 0.9609375 0.3750000000000001 1 0.3750000000000001
0 1 0.4703125000000002 0.9734375 0.4703125000000002 0.9734375 0.5500000000000002 1 0.5500000000000002
0 0.1765625000000001 0.7859375 0.11562500000000009 0.7859375 0.11562500000000009 0.828125 0.1765625000000001 0.828125
0 0.27031250000000007 0.765625 0.21250000000000008 0.765625 0.21250000000000008 0.80625 0.27031250000000007 0.80625
0 0.5171875000000001 0.953125 0.4500000000000002 0.953125 0.4500000000000002 1 0.5171875000000001 1