2 0.4562500000000001 0.503125 0.35625000000000007 0.503125 0.35625000000000007 0.7296875 0.45625000000000016 0.7296875
2 0.2390625000000001 0.6453125 0.13437500000000008 0.6453125 0.13437500000000008 0.7265625 0.2390625000000001 0.7265625
2 0.47656250000000017 0.8046875 0.4468750000000002 0.8046875 0.4468750000000002 0.9984375 0.47656250000000017 0.9984375
3 0.884375 0.4781250000000002 0.8359375 0.4781250000000002 0.8359375 0.5625000000000002 0.884375 0.5625000000000002
3 0.9921875 0.3343750000000001 0.9296875 0.3343750000000001 0.9296875 0.3750000000000001 0.9921875 0.3750000000000001
0 0.8015625 0.6171875000000002 0.7640625 0.6171875000000002 0.7640625 0.6484375000000002 0.8015625 0.6484375000000002
0 0.74375 0.5140625000000001 0.7046875 0.5140625 0.7046875 0.55 0.74375 0.5500000000000002
0 0.721875 0.4640625 0.684375 0.4640625 0.684375 0.4921875 0.721875 0.4921875
0 0.7828125 0.47187500000000016 0.7421875 0.47187500000000016 0.7421875 0.5046875000000002 0.7828125 0.5046875000000002
0 0.834375 0.48750000000000016 0.7953125 0.48750000000000016 0.7953125 0.5187500000000002 0.834375 0.5187500000000002
0 0.9171875 0.5062500000000002 0.8796875 0.5062500000000002 0.8796875 0.5390625000000002 0.9171875 0.5390625000000002
0 0.9609375 0.4656250000000002 0.9234375 0.4656250000000002 0.9234375 0.4968750000000002 0.9609375 0.4968750000000002
0 0.1859375000000001 0.6234375 0.14843750000000008 0.6234375 0.14843750000000008 0.659375 0.1859375000000001 0.659375
0 0.2390625000000001 0.596875 0.20312500000000008 0.596875 0.20312500000000008 0.63125 0.2390625000000001 0.63125
0 0.10468750000000009 0.7125 0.06562500000000009 0.7125 0.06562500000000009 0.746875 0.10468750000000009 0.746875
0 0.0468750000000001 0.740625 0.009375000000000092 0.740625 0.009375000000000095 0.7828125 0.0468750000000001 0.7828125
0 0.3765625 0.07968750000000005 0.3609375 0.07968750000000005 0.3609375 0.14531250000000004 0.3765625 0.14531250000000004
0 0.4046875 0.07031250000000004 0.3875 0.07031250000000004 0.3875 0.14062500000000006 0.4046875 0.14062500000000006
0 0.4265625 0.04843750000000006 0.409375 0.04843750000000006 0.409375 0.11406250000000004 0.4265625 0.11406250000000004