2 0.09531250000000001 8.132420150587893e-18 0.0375 4.592425496802574e-18 0.037500000000000006 0.0921875 0.09531250000000002 0.09218750000000002
2 0.13281250000000006 0.4796875 0.08281250000000007 0.4796875 0.08281250000000007 0.5390625 0.13281250000000006 0.5390625
3 0.043750000000000046 0.3140625 0.01093750000000004 0.3140625 0.010937500000000046 0.4203125 0.04375000000000005 0.4203125
3 0.5015625 0.03437500000000006 0.4390625 0.03437500000000006 0.4390625 0.11875000000000005 0.5015625 0.11875000000000005
0 0.029687500000000016 0.1203125 0.007812500000000014 0.1203125 0.007812500000000017 0.1828125 0.029687500000000023 0.1828125
0 0.11250000000000004 0.1828125 0.08750000000000002 0.1828125 0.08750000000000002 0.2453125 0.11250000000000004 0.2453125
0 0.14687500000000003 0.38125 0.12656250000000005 0.38125 0.12656250000000005 0.4515625 0.14687500000000003 0.4515625
0 0.3140625 0.08437500000000005 0.2734375 0.08437500000000005 0.2734375 0.12031250000000004 0.3140625 0.12031250000000004
0 0.378125 0.08593750000000004 0.334375 0.08593750000000004 0.334375 0.12031250000000004 0.378125 0.12031250000000004
0 0.4421875 0.09843750000000004 0.4015625 0.09843750000000004 0.4015625 0.13125000000000003 0.4421875 0.13125000000000003
0 0.515625 0.10625000000000004 0.471875 0.10625000000000004 0.471875 0.14218750000000005 0.515625 0.14218750000000005
0 0.037500000000000075 0.5796875 0.012500000000000072 0.5796875 0.012500000000000075 0.65 0.037500000000000075 0.65
0 0.014062500000000089 0.69375 8.495987169084762e-17 0.69375 8.945662165646683e-17 0.7671875 0.014062500000000094 0.7671875
0 0.07812500000000008 0.690625 0.05156250000000009 0.690625 0.05156250000000009 0.75625 0.07812500000000008 0.75625
0 0.2734375000000001 0.5515625 0.2296875000000001 0.5515625 0.2296875000000001 0.5875 0.2734375000000001 0.5875
0 0.3343750000000001 0.5515625 0.29375000000000007 0.5515625 0.29375000000000007 0.5875 0.3343750000000001 0.5875
0 0.2843750000000001 0.596875 0.24375000000000008 0.596875 0.24375000000000008 0.63125 0.2843750000000001 0.63125
0 0.3359375000000001 0.5984375 0.29375000000000007 0.5984375 0.29375000000000007 0.634375 0.3359375000000001 0.634375
0 0.4234375 0.5390625 0.3812500000000001 0.5390625 0.3812500000000001 0.553125 0.4234375 0.553125
0 0.46875 0.5390625 0.4296875 0.5390625 0.4296875 0.5546875 0.46875 0.5546875
0 0.403125 0.5609375 0.3656250000000001 0.5609375 0.3656250000000001 0.5953125 0.403125 0.5953125
0 0.5203125 0.5703125 0.4765625 0.5703125 0.4765625 0.60625 0.5203125 0.60625
0 0.03281250000000012 0.8921875 0.006250000000000108 0.8921875 0.006250000000000114 0.9640625 0.03281250000000012 0.9640625
0 0.07500000000000011 0.8171875 0.0484375000000001 0.8171875 0.048437500000000105 0.8890625 0.07500000000000011 0.8890625
2 0.07812500000000007 0.5390625 0.023437500000000066 0.5390625 0.023437500000000073 0.615625 0.07812500000000007 0.615625
2 0.3765625000000001 0.5390625 0.2718750000000001 0.5390625 0.2718750000000001 0.55625 0.3765625000000001 0.55625
0 0.6421875000000001 0.6921875 0.596875 0.6921875 0.596875 0.7375 0.6421875000000001 0.7375
0 0.8421875 0.7562500000000002 0.7906250000000001 0.7562500000000002 0.7906250000000001 0.809375 0.8421875 0.809375
0 0.9296875 0.7625000000000002 0.878125 0.7625000000000002 0.878125 0.8125 0.9296875 0.8125