0 0.45625 0.04375000000000005 0.425 0.04375000000000005 0.425 0.11093750000000005 0.45625 0.11093750000000005
0 0.3890625 4.592425496802575e-17 0.3609375 4.420209540672478e-17 0.3609375 0.026562500000000044 0.3890625 0.026562500000000044
0 0.3359375 0.0031250000000000388 0.2984375 0.003125000000000036 0.2984375 0.07031250000000004 0.3359375 0.07031250000000004
0 0.4046875 0.11875000000000005 0.375 0.11875000000000005 0.375 0.17968750000000006 0.4046875 0.17968750000000006
0 0.45 0.2140625000000001 0.4203125 0.2140625000000001 0.4203125 0.2812500000000001 0.45 0.2812500000000001
0 0.509375 0.3156250000000001 0.49375 0.3156250000000001 0.49375 0.3750000000000001 0.509375 0.3750000000000001
0 0.4671875 0.3609375000000001 0.4359375 0.3609375000000001 0.4359375 0.4296875 0.4671875 0.4296875
0 0.2703125 0.17656250000000004 0.228125 0.17656250000000004 0.228125 0.221875 0.2703125 0.221875
0 0.2640625 0.30625 0.21875 0.30625 0.21875 0.35 0.2640625 0.35
0 0.275 0.35625 0.23125 0.35625 0.23125000000000004 0.3953125 0.2750000000000001 0.3953125
3 0.23437500000000008 0.38125 0.16562500000000005 0.38125 0.16562500000000005 0.4421875 0.23437500000000008 0.4421875
0 0.890625 0.4156250000000002 0.859375 0.4156250000000002 0.859375 0.4593750000000002 0.890625 0.4593750000000002
0 0.95 0.45625000000000016 0.9203125 0.45625000000000016 0.9203125 0.5000000000000002 0.95 0.5000000000000002
0 0.925 0.4656250000000002 0.90625 0.4656250000000002 0.90625 0.5000000000000002 0.925 0.5000000000000002
0 0.9875 0.17031250000000014 0.9609375 0.17031250000000014 0.9609375 0.2062500000000001 0.9875 0.2062500000000001
0 0.965625 0.17031250000000014 0.9375 0.17031250000000014 0.9375 0.21093750000000008 0.965625 0.21093750000000008
0 0.9375 0.17343750000000013 0.9109375 0.17343750000000013 0.9109375 0.21250000000000008 0.9375 0.21250000000000008
0 0.9125 0.17656250000000012 0.8875 0.1765625000000001 0.8875 0.2171875000000001 0.9125 0.2171875000000001
0 0.8921875 0.17968750000000008 0.8609375 0.17968750000000008 0.8609375 0.2234375000000001 0.8921875 0.2234375000000001
0 0.8609375 0.18906250000000008 0.8359375 0.18906250000000008 0.8359375 0.22656250000000008 0.8609375 0.22656250000000008
0 0.8328125 0.18906250000000008 0.8046875 0.18906250000000008 0.8046875 0.2296875000000001 0.8328125 0.2296875000000001
0 0.765625 0.2015625000000001 0.740625 0.2015625000000001 0.740625 0.2375000000000001 0.765625 0.2375000000000001
0 0.628125 0.22812500000000008 0.6015625 0.22812500000000008 0.6015625 0.26250000000000007 0.628125 0.26250000000000007
0 0.6078125 0.2328125000000001 0.584375 0.2328125000000001 0.584375 0.27031250000000007 0.6078125 0.27031250000000007
0 0.5890625 0.2312500000000001 0.559375 0.2312500000000001 0.559375 0.2750000000000001 0.5890625 0.2750000000000001
0 0.5609375 0.2328125000000001 0.534375 0.2328125000000001 0.534375 0.2718750000000001 0.5609375 0.2718750000000001
0 0.5359375 0.23593750000000008 0.515625 0.23593750000000008 0.515625 0.27031250000000007 0.5359375 0.27031250000000007
0 0.515625 0.23593750000000008 0.509375 0.23593750000000008 0.509375 0.2718750000000001 0.515625 0.2718750000000001
0 0.7375 0.4484375000000001 0.7125 0.4484375 0.7125 0.48906250000000007 0.7375 0.4890625000000002
0 0.07031250000000011 0.9234375 0.04062500000000011 0.9234375 0.04062500000000012 0.9765625 0.07031250000000011 0.9765625
0 0.3609375000000001 0.934375 0.3265625000000001 0.934375 0.3265625000000001 0.9890625 0.3609375000000001 0.9890625
0 0.4656250000000002 0.953125 0.4312500000000002 0.953125 0.4312500000000002 1 0.4656250000000002 1
0 0.2140625000000001 0.7234375 0.18125000000000008 0.7234375 0.18125000000000008 0.7765625 0.2140625000000001 0.7765625
0 0.44062500000000016 0.96875 0.4187500000000002 0.96875 0.4187500000000002 1 0.44062500000000016 1
0 0.2328125000000001 0.778125 0.20468750000000008 0.778125 0.20468750000000008 0.828125 0.2328125000000001 0.828125
0 0.24218750000000008 0.8328125 0.21250000000000008 0.8328125 0.21250000000000008 0.8859375 0.24218750000000008 0.8859375
0 0.2687500000000001 0.7890625 0.24375000000000008 0.7890625 0.24375000000000008 0.834375 0.2687500000000001 0.834375
0 0.2765625000000001 0.8328125 0.24218750000000008 0.8328125 0.24218750000000008 0.890625 0.2765625000000001 0.890625
0 0.3109375000000001 0.8359375 0.2796875000000001 0.8359375 0.2796875000000001 0.8890625 0.3109375000000001 0.8890625
0 0.34062500000000007 0.8421875 0.3140625000000001 0.8421875 0.3140625000000001 0.8875 0.34062500000000007 0.8875
0 0.30156250000000007 0.78125 0.2687500000000001 0.78125 0.2687500000000001 0.8328125 0.30156250000000007 0.8328125
0 0.31718750000000007 0.7140625 0.2828125000000001 0.7140625 0.2828125000000001 0.775 0.31718750000000007 0.775
0 0.3750000000000001 0.7265625 0.3437500000000001 0.7265625 0.3437500000000001 0.775 0.3750000000000001 0.775
0 0.4140625000000001 0.715625 0.37968750000000007 0.715625 0.37968750000000007 0.7734375 0.41406250000000017 0.7734375
0 0.4328125000000001 0.725 0.409375 0.725 0.4093750000000001 0.7671875 0.43281250000000016 0.7671875
0 0.46562500000000007 0.7171875 0.4359375 0.7171875 0.4359375000000001 0.765625 0.4656250000000002 0.765625
0 0.5093750000000001 0.7109375 0.4765625 0.7109375 0.4765625000000001 0.7640625 0.5093750000000001 0.7640625
0 0.509375 0.671875 0.4921875 0.671875 0.4921875 0.7125 0.509375 0.7125
0 0.49375 0.6671875 0.4640625 0.6671875 0.4640625 0.715625 0.49375 0.715625
0 0.465625 0.6671875 0.4359375 0.6671875 0.4359375 0.71875 0.465625 0.71875
0 0.440625 0.671875 0.4125 0.671875 0.4125 0.721875 0.440625 0.721875
0 0.415625 0.6734375 0.3890625000000001 0.6734375 0.3890625000000001 0.7203125 0.415625 0.7203125
0 0.3921875000000001 0.6734375 0.3656250000000001 0.6734375 0.3656250000000001 0.7203125 0.3921875000000001 0.7203125
0 0.3687500000000001 0.6765625 0.3421875000000001 0.6765625 0.3421875000000001 0.721875 0.3687500000000001 0.721875
0 0.3437500000000001 0.678125 0.3203125000000001 0.678125 0.3203125000000001 0.721875 0.3437500000000001 0.721875
0 0.3218750000000001 0.6796875 0.2968750000000001 0.6796875 0.2968750000000001 0.721875 0.3218750000000001 0.721875
0 0.2796875000000001 0.94375 0.2500000000000001 0.94375 0.2500000000000001 0.996875 0.2796875000000001 0.996875
2 0.28593750000000007 0.675 0.2078125000000001 0.675 0.2078125000000001 0.7859375 0.28593750000000007 0.7859375
0 0.84375 0.7796875000000002 0.8015625 0.7796875000000002 0.8015625 0.8359375 0.84375 0.8359375
0 0.5328125 0.540625 0.509375 0.540625 0.509375 0.5921875 0.5328125 0.5921875
0 0.8546875 0.5375000000000002 0.8109375 0.5375000000000002 0.8109375 0.5968750000000002 0.8546875 0.5968750000000002
0 0.8078125 0.5328125000000001 0.771875 0.5328125000000001 0.771875 0.5828125000000002 0.8078125 0.5828125000000002
0 0.5375 0.6 0.509375 0.6 0.509375 0.65 0.5375 0.65
0 0.7671875 0.5343750000000002 0.7328125 0.5343750000000002 0.7328125 0.5812500000000002 0.7671875 0.5812500000000002
0 0.7359375 0.5390625000000001 0.7015625 0.5390625 0.7015625 0.5859375000000001 0.7359375 0.5859375000000002
0 0.70625 0.5421875 0.66875 0.5421875 0.66875 0.5875 0.70625 0.5875
0 0.659375 0.5421875 0.621875 0.5421875 0.621875 0.5875 0.659375 0.5875
0 0.8203125 0.6453125000000002 0.778125 0.6453125000000002 0.778125 0.7062500000000002 0.8203125 0.7062500000000002
0 0.93125 0.6734375000000001 0.8953125 0.6734375000000001 0.8953125 0.7234375000000002 0.93125 0.7234375000000002
0 0.5406250000000001 0.94375 0.5093750000000001 0.94375 0.5093750000000001 0.9921875 0.5406250000000001 0.9921875
0 0.5734375000000002 0.934375 0.5375000000000002 0.934375 0.5375000000000002 0.9796875 0.5734375000000002 0.9796875
0 0.6296875000000002 0.915625 0.5937500000000002 0.915625 0.5937500000000002 0.9625 0.6296875000000002 0.9625
0 0.6640625000000002 0.9109375 0.6265625000000001 0.9109375 0.6265625000000001 0.9609375 0.6640625000000002 0.9609375
0 0.7000000000000002 0.909375 0.6656250000000001 0.909375 0.6656250000000001 0.95625 0.7000000000000002 0.95625
0 0.7453125000000002 0.909375 0.7046875000000001 0.909375 0.7046875000000001 0.9609375 0.7453125000000002 0.9609375
0 0.7781250000000002 0.909375 0.7421875000000002 0.909375 0.7421875000000002 0.9609375 0.7781250000000002 0.9609375
0 0.8203125 0.903125 0.7843750000000002 0.903125 0.7843750000000002 0.953125 0.8203125 0.953125
0 0.84375 0.9046875 0.8171875 0.9046875 0.8171875 0.9484375 0.84375 0.9484375
0 0.8796875 0.903125 0.840625 0.903125 0.840625 0.9515625 0.8796875 0.9515625
0 0.9234375 0.903125 0.88125 0.903125 0.88125 0.95625 0.9234375 0.95625
0 0.9921875 0.9046875 0.959375 0.9046875 0.959375 0.95625 0.9921875 0.95625