0 0.4140625 0.29375000000000007 0.396875 0.29375000000000007 0.396875 0.3578125000000001 0.4140625 0.3578125000000001
0 0.4375 0.2562500000000001 0.4203125 0.2562500000000001 0.4203125 0.3203125000000001 0.4375 0.3203125000000001
0 0.478125 0.2234375000000001 0.4609375 0.2234375000000001 0.4609375 0.2906250000000001 0.478125 0.2906250000000001
0 0.4375 0.4296875 0.421875 0.4296875 0.421875 0.4984375 0.4375 0.4984375
0 0.478125 0.478125 0.4609375 0.478125 0.4609375 0.54375 0.478125 0.54375
0 0.4375 0.6 0.4234375 0.6 0.4234375 0.665625 0.4375 0.665625
0 0.5046875 0.59375 0.4875 0.59375 0.4875 0.6546875 0.5046875 0.6546875
0 0.415625 0.546875 0.4 0.546875 0.4 0.6171875 0.415625 0.6171875
0 0.24218750000000008 0.603125 0.20312500000000008 0.603125 0.20312500000000008 0.6421875 0.24218750000000008 0.6421875
0 0.24218750000000008 0.6515625 0.20468750000000008 0.6515625 0.20468750000000008 0.6875 0.24218750000000008 0.6875
0 0.3625000000000001 0.6875 0.3265625000000001 0.6875 0.3265625000000001 0.728125 0.3625000000000001 0.728125
0 0.4875000000000001 0.7171875 0.46875 0.7171875 0.4687500000000001 0.7875 0.48750000000000016 0.7875
0 0.4343750000000002 0.7953125 0.41718750000000016 0.7953125 0.41718750000000016 0.8625 0.4343750000000002 0.8625
0 0.5156250000000002 0.9390625 0.5000000000000002 0.9390625 0.5000000000000002 0.9984375 0.5156250000000002 0.9984375
1 0.4703125000000002 0.8984375 0.44531250000000017 0.8984375 0.44531250000000017 0.9984375 0.4703125000000002 0.9984375
2 0.521875 0.2687500000000001 0.4984375 0.2687500000000001 0.4984375 0.51875 0.521875 0.51875
2 0.828125 0.4312500000000002 0.7296875 0.4312500000000002 0.7296875 0.48750000000000016 0.828125 0.48750000000000016
3 0.725 0.43125 0.66875 0.43125 0.66875 0.46875 0.725 0.46875
3 0.990625 0.3593750000000001 0.93125 0.3593750000000001 0.93125 0.3984375000000001 0.990625 0.3984375000000001
3 0.1937500000000001 0.6703125 0.13437500000000008 0.6703125 0.13437500000000008 0.7171875 0.1937500000000001 0.7171875
0 0.3890625 0.07968750000000005 0.371875 0.07968750000000005 0.371875 0.14531250000000004 0.3890625 0.14531250000000004
0 0.71875 0.4828125 0.6796875 0.4828125 0.6796875 0.5140625 0.71875 0.5140625
0 0.7234375 0.5296875 0.6890625 0.5296875 0.6890625 0.559375 0.7234375 0.559375
0 0.7765625 0.5359375000000002 0.7375 0.5359375000000002 0.7375 0.5671875000000002 0.7765625 0.5671875000000002
0 0.78125 0.4906250000000002 0.74375 0.4906250000000002 0.74375 0.5203125000000002 0.78125 0.5203125000000002
0 0.84375 0.5078125000000002 0.8125 0.5078125000000002 0.8125 0.5390625000000002 0.84375 0.5390625000000002
0 0.8734375 0.4656250000000002 0.8359375 0.4656250000000002 0.8359375 0.5015625000000001 0.8734375 0.5015625000000001
0 0.9171875 0.4750000000000002 0.8828125 0.4750000000000002 0.8828125 0.5031250000000002 0.9171875 0.5031250000000002
0 0.9625 0.5281250000000002 0.921875 0.5281250000000002 0.921875 0.5640625000000001 0.9625 0.5640625000000001