0 0.031250000000000014 0.1109375 0.009375000000000014 0.1109375 0.009375000000000019 0.1765625 0.03125000000000002 0.1765625
0 0.1 1.1098361617272887e-17 0.08125 9.950255243072244e-18 0.08125 0.05625000000000001 0.1 0.05625000000000002
0 0.1375 1.549943605170869e-17 0.115625 1.4159978615141272e-17 0.115625 0.04531250000000002 0.1375 0.04531250000000002
0 0.06406250000000002 0.2 0.043750000000000025 0.2 0.043750000000000025 0.26875 0.06406250000000002 0.26875
0 0.050000000000000044 0.3125 0.029687500000000033 0.3125 0.02968750000000004 0.3765625 0.050000000000000044 0.3765625
0 0.11562500000000005 0.259375 0.09531250000000002 0.259375 0.09531250000000004 0.3234375 0.11562500000000005 0.3234375
0 0.06562500000000007 0.4703125 0.045312500000000054 0.4703125 0.04531250000000006 0.5375 0.06562500000000007 0.5375
0 0.08281250000000005 0.428125 0.06250000000000004 0.428125 0.06250000000000006 0.49375 0.08281250000000007 0.49375
0 0.14687500000000006 0.5390625 0.12343750000000005 0.5390625 0.12343750000000006 0.615625 0.1468750000000001 0.615625
0 0.3578125 0.303125 0.31875 0.303125 0.31875 0.3375 0.3578125 0.3375
0 0.7078125 0.2015625000000001 0.6703125 0.2015625000000001 0.6703125 0.27031250000000007 0.7078125 0.27031250000000007
0 0.825 9.873714818125535e-17 0.7875 9.644093543285407e-17 0.7875 0.0375000000000001 0.825 0.0375000000000001
2 0.2062500000000001 0.7953125 0.1609375000000001 0.7953125 0.16093750000000012 1 0.2062500000000001 1
2 0.3234375000000001 0.878125 0.2828125000000001 0.878125 0.2828125000000001 1 0.3234375000000001 1
0 0.2234375000000001 0.8375 0.20312500000000008 0.8375 0.20312500000000008 0.903125 0.2234375000000001 0.903125
0 0.15625000000000008 0.715625 0.1359375000000001 0.715625 0.1359375000000001 0.784375 0.15625000000000008 0.784375
0 0.5093750000000001 0.93125 0.47656250000000017 0.93125 0.47656250000000017 0.9671875 0.5093750000000001 0.9671875
3 0.5390625000000002 0.74375 0.5093750000000001 0.74375 0.5093750000000001 0.8015625 0.5390625000000002 0.8015625
2 0.9671875 0.6578125000000001 0.85625 0.6578125000000001 0.85625 0.7203125000000001 0.9671875 0.7203125000000001
0 0.8375 0.6296875000000002 0.7953125 0.6296875000000002 0.7953125 0.6625000000000002 0.8375 0.6625000000000002
0 0.734375 0.6625000000000001 0.6953125 0.6625 0.6953125 0.6968750000000001 0.734375 0.6968750000000001