0 0.04375000000000009 0.7109375 0.0015625000000000868 0.7109375 0.0015625000000000894 0.75625 0.04375000000000009 0.75625
0 0.05937500000000009 0.753125 0.020312500000000094 0.753125 0.020312500000000098 0.7953125 0.05937500000000009 0.7953125
2 0.1828125000000001 0.6984375 0.07343750000000009 0.6984375 0.07343750000000009 0.784375 0.1828125000000001 0.784375
0 0.1546875000000001 0.665625 0.11718750000000008 0.665625 0.11718750000000008 0.6984375 0.1546875000000001 0.6984375
0 0.21250000000000008 0.6375 0.17343750000000008 0.6375 0.17343750000000008 0.6765625 0.21250000000000008 0.6765625
0 0.2578125000000001 0.609375 0.22031250000000008 0.609375 0.22031250000000008 0.6484375 0.2578125000000001 0.6484375
0 0.24218750000000008 0.6796875 0.20312500000000008 0.6796875 0.20312500000000008 0.7203125 0.24218750000000008 0.7203125
0 0.2796875000000001 0.4859375 0.24375000000000008 0.4859375 0.24375000000000008 0.528125 0.2796875000000001 0.528125
0 0.40625 0.3421875000000001 0.390625 0.3421875000000001 0.39062500000000006 0.4046875 0.40625 0.4046875
0 0.43125 0.2296875000000001 0.4140625 0.2296875000000001 0.4140625 0.2968750000000001 0.43125 0.2968750000000001
3 0.4046875 0.11718750000000004 0.384375 0.11718750000000004 0.384375 0.2000000000000001 0.4046875 0.2000000000000001
0 0.484375 0.031250000000000056 0.4671875 0.031250000000000056 0.4671875 0.09843750000000007 0.484375 0.09843750000000007
0 0.534375 0.2796875000000001 0.50625 0.2796875000000001 0.50625 0.3437500000000001 0.534375 0.3437500000000001
0 0.4859375 0.3671875000000001 0.46875 0.3671875000000001 0.46875 0.4328125 0.4859375 0.4328125
0 0.61875 0.3937500000000001 0.584375 0.3937500000000001 0.584375 0.4296875 0.61875 0.4296875
0 0.696875 0.421875 0.6578125 0.421875 0.6578125 0.4515625 0.696875 0.4515625
0 0.7609375 0.4406250000000001 0.721875 0.440625 0.721875 0.4703125000000001 0.7609375 0.4703125000000002
0 0.7265625 0.48125000000000007 0.6890625 0.48125 0.6890625 0.5109375 0.7265625 0.5109375000000002
0 0.784375 0.4890625000000002 0.746875 0.4890625000000002 0.746875 0.5171875000000001 0.784375 0.5171875000000001
0 0.7765625 0.5328125000000001 0.7359375 0.5328125000000001 0.7359375 0.5609375000000002 0.7765625 0.5609375000000002
0 0.7171875 0.525 0.68125 0.525 0.68125 0.553125 0.7171875 0.553125
0 0.8390625 0.5468750000000002 0.8 0.5468750000000002 0.8 0.5734375000000002 0.8390625 0.5734375000000002
0 0.85 0.4968750000000002 0.8109375 0.4968750000000002 0.8109375 0.5265625000000002 0.85 0.5265625000000002
0 0.8984375 0.5046875000000002 0.8578125 0.5046875000000002 0.8578125 0.5343750000000002 0.8984375 0.5343750000000002
3 0.996875 0.34062500000000007 0.9375 0.34062500000000007 0.9375 0.3812500000000001 0.996875 0.3812500000000001
0 0.6859375 0.596875 0.6484375 0.596875 0.6484375 0.6265625 0.6859375 0.6265625
0 0.59375 0.5859375 0.553125 0.5859375 0.553125 0.6328125 0.59375 0.6328125
0 0.490625 0.575 0.4734375 0.575 0.4734375 0.640625 0.490625 0.640625
0 0.4453125 0.625 0.4265625 0.625 0.4265625 0.7015625 0.4453125 0.7015625
0 0.42187500000000017 0.790625 0.4031250000000002 0.790625 0.4031250000000002 0.85625 0.42187500000000017 0.85625
0 0.4515625000000002 0.8609375 0.4343750000000002 0.8609375 0.4343750000000002 0.9296875 0.4515625000000002 0.9296875
0 0.4968750000000002 0.778125 0.4781250000000002 0.778125 0.4781250000000002 0.8453125 0.4968750000000002 0.8453125
0 0.4781250000000002 0.9203125 0.4593750000000002 0.9203125 0.4593750000000002 0.996875 0.4781250000000002 0.996875