0 0.4359375 0.428125 0.421875 0.428125 0.421875 0.4953125 0.4359375 0.4953125
0 0.478125 0.48125 0.4609375 0.48125 0.4609375 0.55 0.478125 0.55
0 0.4171875 0.5453125 0.3984375000000001 0.5453125 0.3984375000000001 0.6171875 0.4171875 0.6171875
0 0.440625 0.59375 0.421875 0.59375 0.421875 0.6640625 0.440625 0.6640625
0 0.5046875 0.5953125 0.4859375 0.5953125 0.4859375 0.659375 0.5046875 0.659375
0 0.4140625 0.2921875000000001 0.3984375 0.2921875000000001 0.3984375 0.3578125000000001 0.4140625 0.3578125000000001
0 0.4375 0.25468750000000007 0.4203125 0.25468750000000007 0.4203125 0.3187500000000001 0.4375 0.3187500000000001
0 0.478125 0.22656250000000008 0.4625 0.22656250000000008 0.4625 0.2953125000000001 0.478125 0.2953125000000001
0 0.3890625 0.07500000000000004 0.371875 0.07500000000000004 0.371875 0.14218750000000005 0.3890625 0.14218750000000005
0 0.7203125 0.48125 0.6796875 0.48125 0.6796875 0.5140625 0.7203125 0.5140625
0 0.78125 0.4890625000000002 0.74375 0.4890625000000002 0.74375 0.5218750000000002 0.78125 0.5218750000000002
0 0.725 0.5296875 0.6890625 0.5296875 0.6890625 0.559375 0.725 0.559375
0 0.7765625 0.5359375000000002 0.7375 0.5359375000000002 0.7375 0.5687500000000002 0.7765625 0.5687500000000002
0 0.8734375 0.4656250000000002 0.834375 0.4656250000000002 0.834375 0.4984375000000002 0.8734375 0.4984375000000002
0 0.9171875 0.4750000000000002 0.8828125 0.4750000000000002 0.8828125 0.5062500000000002 0.9171875 0.5062500000000002
0 0.846875 0.5078125000000002 0.8125 0.5078125000000002 0.8125 0.5390625000000002 0.846875 0.5390625000000002
0 0.9625 0.5296875000000002 0.921875 0.5296875000000002 0.921875 0.5625000000000002 0.9625 0.5625000000000002
3 0.9921875 0.3625000000000001 0.9296875 0.3625000000000001 0.9296875 0.3984375000000001 0.9921875 0.3984375000000001
3 0.725 0.4328125 0.66875 0.4328125 0.66875 0.46875 0.725 0.46875
3 0.1937500000000001 0.6703125 0.13437500000000008 0.6703125 0.13437500000000008 0.7171875 0.1937500000000001 0.7171875
0 0.24218750000000008 0.603125 0.20468750000000008 0.603125 0.20468750000000008 0.640625 0.24218750000000008 0.640625
0 0.24218750000000008 0.653125 0.20468750000000008 0.653125 0.20468750000000008 0.6875 0.24218750000000008 0.6875
0 0.36406250000000007 0.6890625 0.3265625000000001 0.6890625 0.3265625000000001 0.7296875 0.36406250000000007 0.7296875
0 0.4343750000000002 0.790625 0.41718750000000016 0.790625 0.41718750000000016 0.8609375 0.4343750000000002 0.8609375
0 0.4859375000000001 0.721875 0.4671875 0.721875 0.4671875000000001 0.790625 0.4859375000000002 0.790625
2 0.5234375 0.27031250000000007 0.5 0.27031250000000007 0.5 0.521875 0.5234375 0.521875
1 0.4703125000000002 0.8984375 0.44843750000000016 0.8984375 0.44843750000000016 0.9984375 0.4703125000000002 0.9984375
0 0.5156250000000002 0.940625 0.4984375000000002 0.940625 0.4984375000000002 0.9984375 0.5156250000000002 0.9984375
2 0.828125 0.42968750000000017 0.7296875 0.42968750000000017 0.7296875 0.4890625000000002 0.828125 0.4890625000000002