0 0.2734375 0.05781250000000003 0.240625 0.057812500000000024 0.240625 0.12343750000000005 0.2734375 0.12343750000000005
0 0.2421875 0.026562500000000027 0.209375 0.026562500000000024 0.209375 0.09375000000000003 0.2421875 0.09375000000000003
0 0.19375 0.006250000000000022 0.1609375 0.006250000000000019 0.1609375 0.07500000000000002 0.19375 0.07500000000000002
0 0.2859375 0.19531250000000006 0.2546875 0.19531250000000006 0.2546875 0.2640625 0.2859375 0.2640625
0 0.2609375 0.2515625 0.2265625 0.2515625 0.2265625 0.3203125 0.2609375 0.3203125
0 0.32812500000000006 0.359375 0.296875 0.359375 0.29687500000000006 0.4265625 0.3281250000000001 0.4265625
0 0.2640625000000001 0.3703125 0.2312500000000001 0.3703125 0.2312500000000001 0.4328125 0.2640625000000001 0.4328125
0 0.33906250000000004 0.303125 0.3046875 0.303125 0.30468750000000006 0.375 0.3390625000000001 0.375
0 0.509375 0.3062500000000001 0.4875 0.3062500000000001 0.4875 0.3531250000000001 0.509375 0.3531250000000001
0 0.509375 0.3515625000000001 0.4984375 0.3515625000000001 0.4984375 0.3968750000000001 0.509375 0.3968750000000001
0 0.4375 0.41875 0.3921875000000001 0.41875 0.3921875000000001 0.4671875 0.4375 0.4671875
2 0.2171875 0.059375000000000025 0.1296875 0.059375000000000025 0.1296875 0.30625 0.2171875 0.30625
3 0.039062500000000035 0.259375 3.1764276352884476e-17 0.259375 3.482589335075286e-17 0.309375 0.039062500000000035 0.309375
0 0.040625000000000036 0.3125 3.827021247335479e-17 0.3125 4.075777628412285e-17 0.353125 0.04062500000000004 0.353125
0 0.04531250000000005 0.3609375 0.0031250000000000444 0.3609375 0.0031250000000000466 0.3984375 0.04531250000000005 0.3984375
0 1 0.00312500000000012 0.96875 0.003125000000000118 0.96875 0.053125000000000124 1 0.05312500000000013
0 0.9609375 0.021875000000000113 0.928125 0.02187500000000011 0.928125 0.07031250000000011 0.9609375 0.07031250000000011
0 0.8515625 0.3546875000000001 0.8234375 0.3546875000000001 0.8234375 0.4000000000000002 0.8515625 0.4000000000000002
0 0.83125 0.3593750000000001 0.803125 0.3593750000000001 0.803125 0.4078125000000002 0.83125 0.4078125000000002
0 0.8078125 0.37187500000000007 0.78125 0.37187500000000007 0.78125 0.41406250000000017 0.8078125 0.41406250000000017
0 0.78125 0.3781250000000001 0.7484375 0.3781250000000001 0.7484375 0.42500000000000016 0.78125 0.42500000000000016
0 0.75625 0.3937500000000001 0.7265625 0.3937500000000001 0.7265625 0.43750000000000017 0.75625 0.43750000000000017
0 0.734375 0.4046875000000001 0.7078125 0.4046875 0.7078125 0.4468750000000001 0.734375 0.4468750000000002
0 0.5328125 0.14531250000000004 0.509375 0.14531250000000004 0.509375 0.18906250000000005 0.5328125 0.18906250000000005
0 0.5546875 0.13437500000000008 0.5265625 0.13437500000000005 0.5265625 0.18125000000000008 0.5546875 0.18125000000000008
0 0.58125 0.11718750000000008 0.546875 0.11718750000000008 0.546875 0.17343750000000008 0.58125 0.17343750000000008
0 0.60625 0.1140625000000001 0.578125 0.1140625000000001 0.578125 0.1609375000000001 0.60625 0.1609375000000001
0 0.6328125 0.10312500000000009 0.603125 0.10312500000000009 0.603125 0.14843750000000008 0.6328125 0.14843750000000008
0 0.69375 0.0750000000000001 0.6640625 0.0750000000000001 0.6640625 0.12343750000000009 0.69375 0.12343750000000009
0 0.8265625 0.0328125000000001 0.796875 0.0328125000000001 0.796875 0.0765625000000001 0.8265625 0.07656250000000012
0 0.84375 0.0281250000000001 0.8171875 0.0281250000000001 0.8171875 0.07031250000000011 0.84375 0.07031250000000011
0 0.86875 0.007812500000000104 0.834375 0.007812500000000102 0.834375 0.0640625000000001 0.86875 0.0640625000000001
0 0.8921875 0.009375000000000107 0.8609375 0.009375000000000105 0.8609375 0.05468750000000011 0.8921875 0.05468750000000011
0 0.90625 1.0964415873616147e-16 0.884375 1.0830470129959405e-16 0.884375 0.04062500000000011 0.90625 0.04062500000000011
0 0.9265625 1.1194037148456274e-16 0.9015625 1.1040956298562856e-16 0.9015625 0.02968750000000011 0.9265625 0.02968750000000011
0 0.9515625 1.1471496188888098e-16 0.921875 1.1289712679639661e-16 0.921875 0.023437500000000114 0.9515625 0.023437500000000118
0 0.2000000000000001 0.609375 0.14843750000000008 0.609375 0.14843750000000008 0.65625 0.2000000000000001 0.65625
3 0.9453125 0.7765625000000002 0.8796875 0.7765625000000002 0.8796875 0.8375 0.9453125 0.8375
3 0.8671875 0.8203125 0.8 0.8203125 0.8 0.88125 0.8671875 0.88125