0 0.40625 0.10468750000000004 0.3921875 0.10468750000000004 0.3921875 0.16875000000000004 0.40625 0.16875000000000004
0 0.4828125 0.3921875000000001 0.465625 0.3921875000000001 0.465625 0.45625 0.4828125 0.45625
0 0.4359375 0.3046875000000001 0.4203125 0.3046875000000001 0.4203125 0.3609375000000001 0.4359375 0.3609375000000001
0 0.37500000000000006 0.32500000000000007 0.3515625 0.325 0.35156250000000006 0.38906250000000003 0.3750000000000001 0.3890625000000001
0 0.415625 0.453125 0.4 0.453125 0.4 0.5125 0.415625 0.5125
0 0.4390625 0.55625 0.4234375 0.55625 0.4234375 0.621875 0.4390625 0.621875
0 0.48906250000000007 0.6734375 0.471875 0.6734375 0.4718750000000001 0.7296875 0.4890625000000002 0.7296875
0 0.4203125000000001 0.703125 0.4046875 0.703125 0.4046875000000001 0.7703125 0.4203125000000002 0.7703125
0 0.27812500000000007 0.4796875 0.24218750000000008 0.4796875 0.24218750000000008 0.51875 0.27812500000000007 0.51875
0 0.24218750000000008 0.60625 0.20468750000000008 0.60625 0.20468750000000008 0.6421875 0.24218750000000008 0.6421875
0 0.24375000000000008 0.65625 0.2062500000000001 0.65625 0.2062500000000001 0.6875 0.24375000000000008 0.6875
3 0.19531250000000008 0.671875 0.1359375000000001 0.671875 0.1359375000000001 0.7203125 0.19531250000000008 0.7203125
3 0.7265625 0.43437500000000007 0.6703125 0.434375 0.6703125 0.4703125000000001 0.7265625 0.4703125000000002
3 0.9921875 0.3656250000000001 0.9328125 0.3656250000000001 0.9328125 0.40156250000000016 0.9921875 0.40156250000000016
1 0.4734375000000002 0.9015625 0.44531250000000017 0.9015625 0.44531250000000017 0.996875 0.4734375000000002 0.996875
0 0.4187500000000002 0.9359375 0.40156250000000016 0.9359375 0.40156250000000016 0.9984375 0.4187500000000002 0.9984375
0 0.71875 0.4859375 0.68125 0.4859375 0.68125 0.5171875 0.71875 0.5171875
0 0.78125 0.4906250000000002 0.74375 0.4906250000000002 0.74375 0.5234375000000002 0.78125 0.5234375000000002
0 0.83125 0.5046875000000002 0.7984375 0.5046875000000002 0.7984375 0.5375000000000002 0.83125 0.5375000000000002
0 0.7765625 0.5390625000000002 0.7375 0.5390625000000002 0.7375 0.5703125000000002 0.7765625 0.5703125000000002
0 0.725 0.53125 0.690625 0.53125 0.690625 0.5625 0.725 0.5625
0 0.7875 0.6015625000000002 0.75625 0.6015625000000002 0.75625 0.6312500000000002 0.7875 0.6312500000000002
0 0.921875 0.5234375000000002 0.8796875 0.5234375000000002 0.8796875 0.5546875000000002 0.921875 0.5546875000000002
0 0.875 0.4703125000000002 0.8375 0.4703125000000002 0.8375 0.5015625000000001 0.875 0.5015625000000001
0 0.91875 0.4781250000000002 0.8828125 0.4781250000000002 0.8828125 0.5062500000000002 0.91875 0.5062500000000002
2 0.8296875 0.43281250000000016 0.7296875 0.43281250000000016 0.7296875 0.4890625000000002 0.8296875 0.4890625000000002
0 0.975 0.49531250000000016 0.9390625 0.49531250000000016 0.9390625 0.5312500000000002 0.975 0.5312500000000002
0 0.9921875 0.5343750000000002 0.9484375 0.5343750000000002 0.9484375 0.5734375000000002 0.9921875 0.5734375000000002