0 0.046875000000000014 0.09375 0.02812500000000001 0.09375 0.028125000000000018 0.1546875 0.04687500000000002 0.1546875
0 0.07812500000000003 0.125 0.057812500000000024 0.125 0.057812500000000024 0.190625 0.07812500000000003 0.190625
0 0.1578125 0.014062500000000016 0.140625 0.014062500000000016 0.140625 0.07812500000000003 0.1578125 0.07812500000000003
0 0.196875 2.2866451952829482e-17 0.1765625 2.1622670047445454e-17 0.1765625 0.06875000000000002 0.196875 0.06875000000000002
0 0.10312500000000005 0.2171875 0.08437500000000002 0.2171875 0.08437500000000003 0.2859375 0.10312500000000005 0.2859375
0 0.07968750000000005 0.328125 0.06093750000000005 0.328125 0.06093750000000005 0.3921875 0.07968750000000005 0.3921875
0 0.15000000000000005 0.28125 0.13125000000000003 0.28125 0.13125000000000003 0.3453125 0.15000000000000005 0.3453125
0 0.08125000000000007 0.4875 0.06250000000000007 0.4875 0.06250000000000007 0.553125 0.08125000000000007 0.553125
0 0.10312500000000005 0.4453125 0.08437500000000005 0.4453125 0.08437500000000006 0.5109375 0.10312500000000005 0.5109375
0 0.1546875000000001 0.5625 0.13281250000000008 0.5625 0.13281250000000008 0.5796875 0.1546875000000001 0.5796875
2 0.025000000000000067 0.515625 6.31458505810354e-17 0.515625 6.649449417245395e-17 0.5703125 0.025000000000000067 0.5703125
0 0.38906250000000003 0.3453125 0.35 0.3453125 0.35000000000000003 0.37812500000000004 0.3890625000000001 0.3781250000000001
3 0.6390625 0.15625000000000008 0.6109375 0.15625000000000008 0.6109375 0.2015625000000001 0.6390625 0.2015625000000001
0 0.6671875 0.45 0.6484375 0.45 0.6484375 0.490625 0.6671875 0.490625
0 0.659375 0.490625 0.6390625 0.490625 0.6390625 0.5421875 0.659375 0.5421875
0 0.69375 0.509375 0.671875 0.509375 0.671875 0.5515625 0.69375 0.5515625
0 0.721875 0.515625 0.703125 0.515625 0.703125 0.55625 0.721875 0.55625
0 0.7 0.446875 0.675 0.446875 0.675 0.490625 0.7 0.490625
0 0.7296875 0.3843750000000001 0.70625 0.3843750000000001 0.70625 0.4359375000000001 0.7296875 0.4359375000000002
0 0.784375 0.40625000000000017 0.7625 0.40625000000000017 0.7625 0.4515625000000002 0.784375 0.4515625000000002
0 0.8234375 0.4078125000000002 0.7984375 0.4078125000000002 0.7984375 0.4578125000000002 0.8234375 0.4578125000000002
0 0.84375 0.4234375000000002 0.8265625 0.4234375000000002 0.8265625 0.4593750000000002 0.84375 0.4593750000000002
0 0.8765625 0.4234375000000002 0.8546875 0.4234375000000002 0.8546875 0.46406250000000016 0.8765625 0.46406250000000016
0 0.91875 0.42968750000000017 0.8953125 0.42968750000000017 0.8953125 0.47187500000000016 0.91875 0.47187500000000016
0 1 0.3906250000000001 0.984375 0.3906250000000001 0.984375 0.43750000000000017 1 0.43750000000000017
0 0.9828125 0.3984375000000001 0.9609375 0.3984375000000001 0.9609375 0.4343750000000002 0.9828125 0.4343750000000002
0 0.9578125 0.3906250000000001 0.94375 0.3906250000000001 0.94375 0.4312500000000002 0.9578125 0.4312500000000002
0 0.9390625 0.3890625000000001 0.9203125 0.3890625000000001 0.9203125 0.4265625000000002 0.9390625 0.4265625000000002
0 0.915625 0.3812500000000001 0.8953125 0.3812500000000001 0.8953125 0.4234375000000002 0.915625 0.4234375000000002
0 0.8875 0.3750000000000001 0.8671875 0.3750000000000001 0.8671875 0.4125000000000002 0.8875 0.4125000000000002
0 0.8625 0.37187500000000007 0.8421875 0.37187500000000007 0.8421875 0.4125000000000002 0.8625 0.4125000000000002
0 0.840625 0.3671875000000001 0.821875 0.3671875000000001 0.821875 0.4078125000000002 0.840625 0.4078125000000002
0 0.815625 0.36406250000000007 0.7984375 0.36406250000000007 0.7984375 0.4046875000000002 0.815625 0.4046875000000002
0 0.7921875 0.3593750000000001 0.7734375 0.3593750000000001 0.7734375 0.4000000000000002 0.7921875 0.4000000000000002
0 0.7703125 0.3531250000000001 0.753125 0.3531250000000001 0.753125 0.39531250000000007 0.7703125 0.39531250000000007
0 0.7484375 0.3500000000000001 0.7296875 0.3500000000000001 0.7296875 0.3906250000000001 0.7484375 0.3906250000000001
2 0.7015625 0.34843750000000007 0.640625 0.34843750000000007 0.640625 0.440625 0.7015625 0.440625
0 0.015625000000000076 0.5796875 0.003125000000000071 0.5796875 0.0031250000000000765 0.6640625 0.015625000000000083 0.6640625
0 0.12500000000000014 0.9359375 0.10156250000000014 0.9359375 0.10156250000000014 0.9859375 0.12500000000000014 0.9859375
0 0.2250000000000001 0.95 0.2015625000000001 0.95 0.2015625000000001 0.996875 0.2250000000000001 0.996875
0 0.2796875000000001 0.965625 0.2578125000000001 0.965625 0.2578125000000001 1 0.2796875000000001 1
0 0.31718750000000007 0.9671875 0.2921875000000001 0.9671875 0.2921875000000001 1 0.31718750000000007 1
0 0.3375000000000001 0.978125 0.3218750000000001 0.978125 0.3218750000000001 1 0.3375000000000001 1
0 0.3703125000000001 0.98125 0.34843750000000007 0.98125 0.34843750000000007 1 0.3703125000000001 1
0 0.4125000000000002 0.984375 0.3906250000000001 0.984375 0.3906250000000001 1 0.4125000000000002 1
0 0.61875 0.6078125 0.60625 0.6078125 0.60625 0.6828125 0.61875 0.6828125
0 0.5453125000000002 0.9609375 0.5250000000000001 0.9609375 0.5250000000000001 0.99375 0.5453125000000002 0.99375
0 0.5234375000000002 0.9609375 0.5062500000000002 0.9609375 0.5062500000000002 0.9984375 0.5234375000000002 0.9984375
0 0.5031250000000002 0.9484375 0.4812500000000002 0.9484375 0.4812500000000002 0.99375 0.5031250000000002 0.99375
0 0.47656250000000017 0.953125 0.45625000000000016 0.953125 0.45625000000000016 0.9890625 0.47656250000000017 0.9890625
0 0.45312500000000017 0.9484375 0.4390625000000002 0.9484375 0.4390625000000002 0.984375 0.45312500000000017 0.984375
0 0.4343750000000002 0.9453125 0.4156250000000002 0.9453125 0.4156250000000002 0.978125 0.4343750000000002 0.978125
0 0.4109375000000002 0.940625 0.3890625000000001 0.940625 0.3890625000000001 0.978125 0.4109375000000002 0.978125
0 0.3828125000000001 0.9375 0.3625000000000001 0.9375 0.3625000000000001 0.9734375 0.3828125000000001 0.9734375
0 0.3578125000000001 0.93125 0.3390625000000001 0.93125 0.3390625000000001 0.96875 0.3578125000000001 0.96875
0 0.3343750000000001 0.928125 0.3156250000000001 0.928125 0.3156250000000001 0.965625 0.3343750000000001 0.965625
0 0.30937500000000007 0.925 0.2921875000000001 0.925 0.2921875000000001 0.9625 0.30937500000000007 0.9625
0 0.2875000000000001 0.9234375 0.2687500000000001 0.9234375 0.2687500000000001 0.959375 0.2875000000000001 0.959375
0 0.2656250000000001 0.9171875 0.2484375000000001 0.9171875 0.2484375000000001 0.953125 0.2656250000000001 0.953125
0 0.24375000000000008 0.9140625 0.2234375000000001 0.9140625 0.2234375000000001 0.95 0.24375000000000008 0.95
2 0.19531250000000014 0.91875 0.13593750000000013 0.91875 0.13593750000000013 0.996875 0.19531250000000014 0.996875
0 0.7375000000000002 0.9875 0.7140625000000002 0.9875 0.7140625000000002 1 0.7375000000000002 1
0 0.9453125 0.990625 0.9265625 0.990625 0.9265625 1 0.9453125 1
0 0.921875 0.9859375 0.9 0.9859375 0.9 1 0.921875 1
0 0.8953125 0.9796875 0.875 0.9796875 0.875 1 0.8953125 1
0 0.8703125 0.9765625 0.85 0.9765625 0.85 1 0.8703125 1
0 0.846875 0.9703125 0.828125 0.9703125 0.828125 1 0.846875 1
0 0.821875 0.9703125 0.8046875 0.9703125 0.8046875 1 0.821875 1
0 0.8 0.9640625 0.7796875000000002 0.9640625 0.7796875000000002 1 0.8 1
0 0.7781250000000002 0.9578125 0.7609375000000002 0.9578125 0.7609375000000002 1 0.7781250000000002 1
0 0.7546875000000002 0.953125 0.7375000000000002 0.953125 0.7375000000000002 0.99375 0.7546875000000002 0.99375
2 0.7078125000000002 0.95 0.6484375000000002 0.95 0.6484375000000002 1 0.7078125000000002 1