0 0.3984375 0.16406250000000006 0.3671875 0.16406250000000006 0.3671875 0.23437500000000008 0.3984375 0.23437500000000008
0 0.425 0.2250000000000001 0.3921875 0.2250000000000001 0.3921875 0.2953125000000001 0.425 0.2953125000000001
0 0.3515625 0.271875 0.3171875 0.271875 0.3171875 0.3453125 0.3515625 0.3453125
0 0.36250000000000004 0.325 0.3265625 0.325 0.32656250000000003 0.3984375 0.3625000000000001 0.3984375
0 0.425 0.3421875000000001 0.390625 0.3421875000000001 0.39062500000000006 0.409375 0.425 0.409375
0 0.409375 0.02656250000000005 0.378125 0.026562500000000044 0.378125 0.09375000000000004 0.409375 0.09375000000000004
0 0.440625 5.195181343257913e-17 0.4078125 4.9942627277728e-17 0.4078125 0.06250000000000004 0.440625 0.06250000000000004
0 0.4859375 5.759666977239896e-17 0.4546875 5.568315914873122e-17 0.4546875 0.04843750000000006 0.4859375 0.04843750000000006
3 0.10468750000000004 0.33125 0.035937500000000046 0.33125 0.035937500000000046 0.390625 0.10468750000000004 0.390625
0 0.16718750000000004 0.28125 0.12187500000000004 0.28125 0.12187500000000004 0.3265625 0.16718750000000004 0.3265625
0 0.15625000000000006 0.3296875 0.11093750000000005 0.3296875 0.11093750000000005 0.3734375 0.15625000000000006 0.3734375
0 0.2640625000000001 0.39375 0.2171875000000001 0.39375 0.2171875000000001 0.41875 0.2640625000000001 0.41875
2 0.5203125 0.02968750000000006 0.4359375 0.029687500000000054 0.4359375 0.2796875000000001 0.5203125 0.2796875000000001
0 0.75625 0.3515625000000001 0.734375 0.3515625000000001 0.734375 0.3906250000000001 0.75625 0.3906250000000001
0 0.75 0.3109375000000001 0.73125 0.3109375000000001 0.73125 0.34843750000000007 0.75 0.34843750000000007
0 0.796875 0.2750000000000001 0.778125 0.2750000000000001 0.778125 0.30937500000000007 0.796875 0.30937500000000007
3 0.6890625 0.3203125000000001 0.659375 0.3203125000000001 0.659375 0.3781250000000001 0.6890625 0.3781250000000001
3 0.7328125 0.19687500000000008 0.7046875 0.19687500000000008 0.7046875 0.2484375000000001 0.7328125 0.2484375000000001
0 0.009375000000000097 0.7609375 9.318796737261892e-17 0.7609375 9.61539088393039e-17 0.809375 0.0093750000000001 0.809375
0 0.06093750000000009 0.746875 0.014062500000000089 0.746875 0.014062500000000094 0.79375 0.06093750000000009 0.79375
0 0.0281250000000001 0.809375 9.91198503059889e-17 0.809375 1.0208579177267389e-16 0.8578125 0.0281250000000001 0.8578125
0 0.11093750000000009 0.6328125 0.06718750000000007 0.6328125 0.06718750000000008 0.68125 0.11093750000000009 0.68125
0 0.27031250000000007 0.528125 0.2390625000000001 0.528125 0.2390625000000001 0.59375 0.27031250000000007 0.59375
0 0.3203125000000001 0.425 0.2890625000000001 0.425 0.2890625000000001 0.49375 0.3203125000000001 0.49375
0 0.409375 0.4953125 0.3671875000000001 0.4953125 0.3671875000000001 0.5640625 0.409375 0.5640625
0 0.34062500000000007 0.571875 0.30937500000000007 0.571875 0.30937500000000007 0.6390625 0.34062500000000007 0.6390625
0 0.4625 0.6265625 0.4203125 0.6265625 0.4203125 0.66875 0.4625 0.66875
0 0.53125 0.6703125 0.4875 0.6703125 0.4875 0.7078125 0.53125 0.7078125
0 0.5390625000000002 0.734375 0.5031250000000002 0.734375 0.5031250000000002 0.771875 0.5390625000000002 0.771875
0 0.5265625000000002 0.7765625 0.4859375000000002 0.7765625 0.4859375000000002 0.8125 0.5265625000000002 0.8125
0 0.47968750000000016 0.8390625 0.4359375000000002 0.8390625 0.4359375000000002 0.8765625 0.47968750000000016 0.8765625
0 0.3921875000000001 0.8046875 0.3421875000000001 0.8046875 0.3421875000000001 0.859375 0.3921875000000001 0.859375
0 0.2953125000000001 0.7734375 0.26250000000000007 0.7734375 0.26250000000000007 0.8421875 0.2953125000000001 0.8421875
0 0.2375000000000001 0.8125 0.2015625000000001 0.8125 0.2015625000000001 0.890625 0.2375000000000001 0.890625
0 0.17500000000000013 0.965625 0.14062500000000014 0.965625 0.14062500000000014 1 0.17500000000000013 1
0 0.2500000000000001 0.971875 0.2171875000000001 0.971875 0.2171875000000001 1 0.2500000000000001 1
0 0.7796875 0.41875000000000007 0.703125 0.41875 0.703125 0.4640625000000001 0.7796875 0.46406250000000016
0 0.925 0.4343750000000002 0.853125 0.4343750000000002 0.853125 0.5046875000000002 0.925 0.5046875000000002
0 0.5859375000000002 0.8734375 0.5390625000000002 0.8734375 0.5390625000000002 0.953125 0.5859375000000002 0.953125
0 0.6187500000000001 0.934375 0.5484375000000001 0.934375 0.5484375000000001 1 0.6187500000000001 1
0 0.6578125000000001 0.9921875 0.5906250000000002 0.9921875 0.5906250000000002 1 0.6578125000000001 1
0 0.96875 0.5468750000000002 0.9234375 0.5468750000000002 0.9234375 0.6171875000000002 0.96875 0.6171875000000002
0 0.9296875 0.6468750000000002 0.8796875 0.6468750000000002 0.8796875 0.7281250000000001 0.9296875 0.7281250000000001
0 0.9015625 0.7406250000000002 0.853125 0.7406250000000002 0.853125 0.8109375 0.9015625 0.8109375
0 0.8390625 0.896875 0.7890625000000002 0.896875 0.7890625000000002 0.9796875 0.8390625 0.9796875
0 0.9328125 0.7500000000000002 0.8703125 0.7500000000000002 0.8703125 0.8390625 0.9328125 0.8390625
0 0.978125 0.7171875000000002 0.925 0.7171875000000002 0.925 0.8015625 0.978125 0.8015625