0 0.2250000000000001 0.4078125 0.17500000000000004 0.4078125 0.17500000000000004 0.4546875 0.2250000000000001 0.4546875
3 0.36406250000000007 0.4484375 0.3187500000000001 0.4484375 0.3187500000000001 0.459375 0.36406250000000007 0.459375
0 0.35625000000000007 0.4078125 0.3109375000000001 0.4078125 0.3109375000000001 0.4421875 0.35625000000000007 0.4421875
0 0.428125 0.4296875 0.3843750000000001 0.4296875 0.3843750000000001 0.459375 0.428125 0.459375
0 0.5234375 0.37187500000000007 0.4796875 0.37187500000000007 0.4796875 0.40625 0.5234375 0.40625
3 0.5984375 0.3078125000000001 0.534375 0.3078125000000001 0.534375 0.3531250000000001 0.5984375 0.3531250000000001
0 0.11875 0.08593750000000001 0.0890625 0.0859375 0.08906250000000002 0.15 0.11875 0.15
0 0.140625 0.07343750000000002 0.1109375 0.07343750000000002 0.1109375 0.14375 0.140625 0.14375
0 0.9390625 0.29375000000000007 0.8921875 0.29375000000000007 0.8921875 0.33281250000000007 0.9390625 0.33281250000000007
0 0.41718750000000016 0.865625 0.3515625000000001 0.865625 0.3515625000000001 0.9296875 0.41718750000000016 0.9296875
0 0.3578125000000001 0.91875 0.2968750000000001 0.91875 0.2968750000000001 0.9765625 0.3578125000000001 0.9765625
0 0.21250000000000008 0.978125 0.13593750000000013 0.978125 0.13593750000000013 1 0.21250000000000008 1
0 0.24375000000000008 0.528125 0.19062500000000004 0.528125 0.19062500000000007 0.603125 0.24375000000000008 0.603125
0 0.23437500000000008 0.5828125 0.1750000000000001 0.5828125 0.1750000000000001 0.665625 0.23437500000000008 0.665625
0 0.16562500000000008 0.496875 0.11093750000000005 0.496875 0.11093750000000006 0.5734375 0.16562500000000008 0.5734375
0 0.17968750000000008 0.6265625 0.14062500000000008 0.6265625 0.14062500000000008 0.678125 0.17968750000000008 0.678125
0 0.09218750000000006 0.4796875 0.04843750000000006 0.4796875 0.048437500000000064 0.5375 0.09218750000000006 0.5375
0 0.609375 0.609375 0.5640625 0.609375 0.5640625 0.671875 0.609375 0.671875
0 0.5984375000000002 0.7515625 0.5281250000000002 0.7515625 0.5281250000000002 0.8203125 0.5984375000000002 0.8203125
0 0.8765625 0.5828125000000002 0.815625 0.5828125000000002 0.815625 0.6421875000000001 0.8765625 0.6421875000000001
0 0.7171875000000002 0.7265625 0.6531250000000002 0.7265625 0.6531250000000002 0.7859375 0.7171875000000002 0.7859375
0 0.8453125 0.4593750000000002 0.7875 0.4593750000000002 0.7875 0.46875000000000017 0.8453125 0.46875000000000017