3 0.18125000000000002 0.15 0.1171875 0.15 0.11718750000000003 0.203125 0.18125000000000005 0.203125
3 0.09062500000000002 0.1640625 0.02343750000000002 0.1640625 0.023437500000000024 0.21875 0.09062500000000002 0.21875
0 0.6515625 0.11562500000000009 0.6265625 0.11562500000000009 0.6265625 0.1921875000000001 0.6515625 0.1921875000000001
0 0.634375 7.606204729079264e-17 0.6078125 7.443556326067507e-17 0.6078125 0.07187500000000006 0.634375 0.07187500000000006
0 0.534375 0.10937500000000004 0.49375 0.10937500000000004 0.49375 0.16093750000000004 0.534375 0.16093750000000004
0 0.22031250000000008 0.884375 0.1984375000000001 0.884375 0.1984375000000001 0.9234375 0.22031250000000008 0.9234375
0 0.4484375 0.64375 0.421875 0.64375 0.421875 0.6953125 0.4484375 0.6953125
0 0.43437500000000007 0.703125 0.4109375 0.703125 0.41093750000000007 0.746875 0.4343750000000002 0.746875
0 0.43281250000000016 0.7671875 0.40937500000000016 0.7671875 0.40937500000000016 0.80625 0.43281250000000016 0.80625
0 0.3984375000000001 0.7171875 0.3781250000000001 0.7171875 0.3781250000000001 0.75625 0.3984375000000001 0.75625
0 0.4046875000000002 0.765625 0.3781250000000001 0.765625 0.3781250000000001 0.809375 0.4046875000000002 0.809375
0 0.3671875000000001 0.771875 0.3437500000000001 0.771875 0.3437500000000001 0.8109375 0.3671875000000001 0.8109375
0 0.3359375000000001 0.7734375 0.3156250000000001 0.7734375 0.3156250000000001 0.8125 0.3359375000000001 0.8125
0 0.37187500000000007 0.709375 0.3437500000000001 0.709375 0.3437500000000001 0.753125 0.37187500000000007 0.753125
0 0.34843750000000007 0.646875 0.3218750000000001 0.646875 0.3218750000000001 0.6953125 0.34843750000000007 0.6953125
0 0.2906250000000001 0.6546875 0.2656250000000001 0.6546875 0.2656250000000001 0.7015625 0.2906250000000001 0.7015625
0 0.25468750000000007 0.653125 0.22812500000000008 0.653125 0.22812500000000008 0.7046875 0.25468750000000007 0.7046875
0 0.2250000000000001 0.659375 0.2062500000000001 0.659375 0.2062500000000001 0.703125 0.2250000000000001 0.703125
0 0.19687500000000008 0.659375 0.17343750000000008 0.659375 0.17343750000000008 0.6984375 0.19687500000000008 0.6984375
0 0.15625000000000008 0.65625 0.1312500000000001 0.65625 0.1312500000000001 0.703125 0.15625000000000008 0.703125
0 0.02656250000000008 0.6171875 0.004687500000000075 0.6171875 0.004687500000000077 0.6515625 0.02656250000000008 0.6515625
0 0.045312500000000075 0.61875 0.025000000000000078 0.61875 0.025000000000000078 0.6578125 0.045312500000000075 0.6578125
0 0.07031250000000008 0.609375 0.045312500000000075 0.609375 0.045312500000000075 0.65625 0.07031250000000008 0.65625
0 0.09531250000000008 0.6171875 0.07343750000000007 0.6171875 0.07343750000000007 0.6546875 0.09531250000000009 0.6546875
0 0.11250000000000009 0.615625 0.09687500000000007 0.615625 0.09687500000000007 0.6515625 0.11250000000000009 0.6515625
0 0.1375000000000001 0.615625 0.11718750000000008 0.615625 0.11718750000000008 0.65 0.1375000000000001 0.65
0 0.1625000000000001 0.6140625 0.1390625000000001 0.6140625 0.1390625000000001 0.653125 0.1625000000000001 0.653125
0 0.1906250000000001 0.6140625 0.1687500000000001 0.6140625 0.1687500000000001 0.6515625 0.1906250000000001 0.6515625
0 0.2156250000000001 0.6109375 0.1937500000000001 0.6109375 0.1937500000000001 0.65 0.2156250000000001 0.65
0 0.2375000000000001 0.6109375 0.2171875000000001 0.6109375 0.2171875000000001 0.65 0.2375000000000001 0.65
0 0.2609375000000001 0.6109375 0.24218750000000008 0.6109375 0.24218750000000008 0.65 0.2609375000000001 0.65
0 0.2843750000000001 0.6109375 0.2640625000000001 0.6109375 0.2640625000000001 0.646875 0.2843750000000001 0.646875
0 0.3062500000000001 0.6078125 0.2875000000000001 0.6078125 0.2875000000000001 0.64375 0.3062500000000001 0.64375
0 0.3312500000000001 0.6078125 0.30937500000000007 0.6078125 0.30937500000000007 0.64375 0.3312500000000001 0.64375
0 0.05937500000000011 0.8546875 0.0390625000000001 0.8546875 0.039062500000000104 0.8953125 0.05937500000000011 0.8953125
2 0.415625 0.6203125 0.3515625000000001 0.6203125 0.3515625000000001 0.7015625 0.415625 0.7015625
0 0.8765625 0.5828125000000002 0.8328125 0.5828125000000002 0.8328125 0.6187500000000001 0.8765625 0.6187500000000001
0 0.9140625 0.7750000000000001 0.86875 0.7750000000000001 0.86875 0.8109375 0.9140625 0.8109375
2 0.6515625 0.609375 0.5390625 0.609375 0.5390625 0.7109375 0.6515625 0.7109375
2 0.5171875000000001 0.6625 0.459375 0.6625 0.4593750000000001 0.76875 0.5171875000000001 0.76875
0 0.4828125 0.609375 0.459375 0.609375 0.459375 0.6421875 0.4828125 0.6421875
0 0.5390625 0.5578125 0.4921875 0.5578125 0.4921875 0.59375 0.5390625 0.59375