3 0.3125000000000001 0.515625 0.2718750000000001 0.515625 0.2718750000000001 0.55 0.3125000000000001 0.55
0 0.2453125000000001 0.5046875 0.2078125000000001 0.5046875 0.2078125000000001 0.5390625 0.2453125000000001 0.5390625
0 0.16875000000000004 0.49375 0.13281250000000006 0.49375 0.13281250000000006 0.5234375 0.16875000000000004 0.5234375
0 0.10312500000000006 0.503125 0.06718750000000007 0.503125 0.06718750000000007 0.55 0.10312500000000009 0.55
0 0.8671875 0.41718750000000016 0.840625 0.41718750000000016 0.840625 0.46875000000000017 0.8671875 0.46875000000000017
0 0.6234375 0.3656250000000001 0.596875 0.3656250000000001 0.596875 0.4078125 0.6234375 0.4078125
0 0.534375 0.40625 0.5078125 0.40625 0.5078125 0.4484375 0.534375 0.4484375
0 0.55 0.4140625 0.5328125 0.4140625 0.5328125 0.4484375 0.55 0.4484375
0 1 0.3109375000000001 0.9765625 0.3109375000000001 0.9765625 0.35625000000000007 1 0.35625000000000007
0 0.971875 0.3140625000000001 0.9484375 0.3140625000000001 0.9484375 0.3531250000000001 0.971875 0.3531250000000001
0 1 0.2484375000000001 0.9796875 0.2484375000000001 0.9796875 0.2984375000000001 1 0.2984375000000001
0 0.990625 0.18593750000000014 0.9625 0.18593750000000014 0.9625 0.23593750000000008 0.990625 0.23593750000000008
0 0.93125 0.19375000000000012 0.9046875 0.1937500000000001 0.9046875 0.2406250000000001 0.93125 0.2406250000000001
0 0.896875 0.18750000000000008 0.8671875 0.18750000000000008 0.8671875 0.2406250000000001 0.896875 0.2406250000000001
0 0.8671875 0.19531250000000008 0.846875 0.19531250000000008 0.846875 0.23437500000000008 0.8671875 0.23437500000000008
0 0.8390625 0.1906250000000001 0.8140625 0.1906250000000001 0.8140625 0.2312500000000001 0.8390625 0.2312500000000001
0 0.796875 0.18906250000000008 0.7703125 0.18906250000000008 0.7703125 0.23437500000000008 0.796875 0.23437500000000008
0 0.565625 0.4609375 0.54375 0.4609375 0.54375 0.5 0.565625 0.5
0 0.5453125 0.4578125 0.521875 0.4578125 0.521875 0.4953125 0.5453125 0.4953125
0 0.51875 0.45625 0.496875 0.45625 0.496875 0.4984375 0.51875 0.4984375
0 0.490625 0.4515625 0.4640625 0.4515625 0.4640625 0.4921875 0.490625 0.4921875
0 0.4640625 0.4546875 0.4390625 0.4546875 0.4390625 0.4921875 0.4640625 0.4921875
0 0.4390625 0.4546875 0.4171875 0.4546875 0.4171875 0.49375 0.4390625 0.49375
0 0.35625 0.12187500000000004 0.3390625 0.12187500000000004 0.3390625 0.15937500000000004 0.35625 0.15937500000000004
0 0.38125 0.12031250000000004 0.359375 0.12031250000000004 0.359375 0.15937500000000004 0.38125 0.15937500000000004
0 0.409375 0.11562500000000005 0.38125 0.11562500000000005 0.38125 0.16562500000000005 0.409375 0.16562500000000005
0 0.434375 0.12343750000000005 0.4125 0.12343750000000005 0.4125 0.16093750000000004 0.434375 0.16093750000000004
0 0.465625 0.12187500000000004 0.440625 0.12187500000000004 0.440625 0.16250000000000003 0.465625 0.16250000000000003
0 0.5296875 0.12656250000000005 0.50625 0.12656250000000005 0.50625 0.16406250000000006 0.5296875 0.16406250000000006
0 0.671875 0.14218750000000008 0.646875 0.14218750000000008 0.646875 0.17968750000000008 0.671875 0.17968750000000008
0 0.6890625 0.1437500000000001 0.66875 0.1437500000000001 0.66875 0.18125000000000008 0.6890625 0.18125000000000008
0 0.715625 0.1359375000000001 0.6890625 0.1359375000000001 0.6890625 0.1828125000000001 0.715625 0.1828125000000001
0 0.7390625 0.1453125000000001 0.7140625 0.1453125000000001 0.7140625 0.1859375000000001 0.7390625 0.1859375000000001
0 0.75625 0.1468750000000001 0.7390625 0.1468750000000001 0.7390625 0.1828125000000001 0.75625 0.1828125000000001
0 0.78125 0.1453125000000001 0.759375 0.1453125000000001 0.759375 0.1843750000000001 0.78125 0.1843750000000001
0 0.8078125 0.1437500000000001 0.7828125 0.1437500000000001 0.7828125 0.1843750000000001 0.8078125 0.1843750000000001
0 0.834375 0.1468750000000001 0.809375 0.1468750000000001 0.809375 0.1843750000000001 0.834375 0.1843750000000001
0 0.859375 0.1453125000000001 0.8359375 0.1453125000000001 0.8359375 0.1843750000000001 0.859375 0.1843750000000001
0 0.88125 0.1453125000000001 0.859375 0.1453125000000001 0.859375 0.1843750000000001 0.88125 0.1843750000000001
0 0.9046875 0.14843750000000008 0.884375 0.14843750000000008 0.884375 0.18750000000000008 0.9046875 0.18750000000000008
0 0.9296875 0.14531250000000012 0.90625 0.1453125000000001 0.90625 0.1875000000000001 0.9296875 0.18750000000000014
0 0.9515625 0.14375000000000013 0.93125 0.14375000000000013 0.93125 0.18593750000000014 0.9515625 0.18593750000000014
0 0.975 0.14687500000000014 0.9515625 0.14687500000000014 0.9515625 0.18437500000000012 0.975 0.18437500000000012
0 0.74375 0.3859375000000001 0.721875 0.3859375000000001 0.721875 0.4250000000000001 0.74375 0.42500000000000016
0 0.2000000000000001 0.934375 0.16875000000000012 0.934375 0.16875000000000012 0.990625 0.2000000000000001 0.990625
0 0.09375000000000012 0.9640625 0.06562500000000011 0.9640625 0.06562500000000013 1 0.09375000000000014 1
0 0.3390625000000001 0.7125 0.3187500000000001 0.7125 0.3187500000000001 0.7625 0.3390625000000001 0.7625
0 0.10937500000000014 0.9734375 0.09062500000000011 0.9734375 0.09062500000000012 1 0.10937500000000014 1
0 0.3296875000000001 0.7765625 0.3046875000000001 0.7765625 0.3046875000000001 0.8203125 0.3296875000000001 0.8203125
0 0.3265625000000001 0.825 0.3000000000000001 0.825 0.3000000000000001 0.8796875 0.3265625000000001 0.8796875
0 0.2921875000000001 0.784375 0.27031250000000007 0.784375 0.27031250000000007 0.83125 0.2921875000000001 0.83125
0 0.2984375000000001 0.825 0.2671875000000001 0.825 0.2671875000000001 0.8859375 0.2984375000000001 0.8859375
0 0.2593750000000001 0.8390625 0.2312500000000001 0.8390625 0.2312500000000001 0.8890625 0.2593750000000001 0.8890625
0 0.22812500000000008 0.84375 0.20468750000000008 0.84375 0.20468750000000008 0.890625 0.22812500000000008 0.890625
0 0.2656250000000001 0.7796875 0.23593750000000008 0.7796875 0.23593750000000008 0.8296875 0.2656250000000001 0.8296875
0 0.2453125000000001 0.7140625 0.2156250000000001 0.7140625 0.2156250000000001 0.771875 0.2453125000000001 0.771875
0 0.1859375000000001 0.7296875 0.1593750000000001 0.7296875 0.1593750000000001 0.7796875 0.1859375000000001 0.7796875
0 0.15000000000000008 0.725 0.12031250000000009 0.725 0.12031250000000009 0.778125 0.15000000000000008 0.778125
0 0.12031250000000009 0.734375 0.10000000000000009 0.734375 0.10000000000000009 0.7765625 0.12031250000000009 0.7765625
0 0.09531250000000009 0.7328125 0.0671875000000001 0.7328125 0.0671875000000001 0.778125 0.09531250000000009 0.778125
0 0.05156250000000009 0.73125 0.02187500000000009 0.73125 0.021875000000000092 0.7828125 0.05156250000000009 0.7828125
0 0.010937500000000086 0.6875 8.419446744138054e-17 0.6875 8.696905784569875e-17 0.7328125 0.01093750000000009 0.7328125
0 0.034375000000000086 0.6890625 0.012500000000000084 0.6890625 0.012500000000000086 0.728125 0.034375000000000086 0.728125
0 0.06093750000000009 0.68125 0.034375000000000086 0.68125 0.034375000000000086 0.73125 0.06093750000000009 0.73125
0 0.08906250000000009 0.6828125 0.06406250000000009 0.6828125 0.06406250000000009 0.7265625 0.08906250000000009 0.7265625
0 0.11250000000000009 0.684375 0.08906250000000009 0.684375 0.08906250000000009 0.728125 0.11250000000000009 0.728125
0 0.1375000000000001 0.6796875 0.11250000000000009 0.6796875 0.11250000000000009 0.728125 0.1375000000000001 0.728125
0 0.1609375000000001 0.6796875 0.1375000000000001 0.6796875 0.1375000000000001 0.728125 0.1609375000000001 0.728125
0 0.1828125000000001 0.6828125 0.1593750000000001 0.6828125 0.1593750000000001 0.725 0.1828125000000001 0.725
0 0.2062500000000001 0.678125 0.1843750000000001 0.678125 0.1843750000000001 0.7265625 0.2062500000000001 0.7265625
0 0.2296875000000001 0.678125 0.2062500000000001 0.678125 0.2062500000000001 0.721875 0.2296875000000001 0.721875
0 0.27812500000000007 0.94375 0.25468750000000007 0.94375 0.25468750000000007 0.9921875 0.27812500000000007 0.9921875
2 0.3187500000000001 0.671875 0.2484375000000001 0.671875 0.2484375000000001 0.7765625 0.3187500000000001 0.7765625
0 1 0.6515625000000002 0.971875 0.6515625000000002 0.971875 0.6968750000000001 1 0.6968750000000001
0 0.9921875 0.8078125 0.946875 0.8078125 0.946875 0.8515625 0.9921875 0.8515625
0 0.93125 0.7000000000000002 0.8859375 0.7000000000000002 0.8859375 0.7453125000000002 0.93125 0.7453125000000002
0 0.8140625 0.6296875000000002 0.7734375 0.6296875000000002 0.7734375 0.6734375000000001 0.8140625 0.6734375000000001
0 0.7953125 0.5796875000000001 0.7484375 0.5796875000000001 0.7484375 0.6062500000000002 0.7953125 0.6062500000000002
0 0.7046875 0.6390625 0.6640625 0.6390625 0.6640625 0.6796875 0.7046875 0.6796875
3 0.65625 0.6140625 0.6125 0.6140625 0.6125 0.6546875 0.65625 0.6546875
0 0.84375 0.7640625000000002 0.7968750000000002 0.7640625000000002 0.7968750000000002 0.8125 0.84375 0.8125
0 0.6546875000000002 0.9515625 0.6281250000000002 0.9515625 0.6281250000000002 1 0.6546875000000002 1
0 0.6218750000000002 0.971875 0.5953125000000001 0.971875 0.5953125000000001 1 0.6218750000000002 1
0 0.6609375 0.5796875 0.6171875 0.5796875 0.6171875 0.603125 0.6609375 0.603125
0 0.5875 0.6 0.5453125 0.6 0.5453125 0.634375 0.5875 0.634375
0 0.5953125 0.68125 0.55625 0.68125 0.55625 0.7171875 0.5953125 0.7171875
0 0.4 0.6375 0.3593750000000001 0.6375 0.3593750000000001 0.6734375 0.4 0.6734375