0 0.14062500000000006 0.415625 0.13437500000000005 0.415625 0.13437500000000005 0.428125 0.14062500000000006 0.428125
0 0.13750000000000004 0.384375 0.13125000000000003 0.384375 0.13125000000000003 0.39375 0.13750000000000004 0.39375
0 0.13593750000000004 0.40625 0.12968750000000004 0.40625 0.12968750000000004 0.41875 0.13593750000000004 0.41875
0 0.19843750000000004 0.434375 0.18750000000000006 0.434375 0.18750000000000006 0.4390625 0.19843750000000004 0.4390625
0 0.17968750000000006 0.4234375 0.17187500000000006 0.4234375 0.17187500000000006 0.4359375 0.17968750000000006 0.4359375
0 0.17968750000000006 0.4140625 0.17343750000000005 0.4140625 0.17343750000000005 0.425 0.17968750000000006 0.425
0 0.17968750000000006 0.40625 0.17343750000000005 0.40625 0.17343750000000005 0.4171875 0.17968750000000006 0.4171875
0 0.18125000000000005 0.3859375 0.17500000000000004 0.3859375 0.17500000000000004 0.396875 0.18125000000000005 0.396875
0 0.14843750000000006 0.3046875 0.14218750000000005 0.3046875 0.14218750000000005 0.315625 0.14843750000000006 0.315625
0 0.14531250000000004 0.3296875 0.13906250000000003 0.3296875 0.13906250000000003 0.3390625 0.14531250000000004 0.3390625
0 0.4859375 0.2671875000000001 0.4421875 0.2671875000000001 0.4421875 0.3046875000000001 0.4859375 0.3046875000000001
0 0.478125 0.3187500000000001 0.4390625 0.3187500000000001 0.4390625 0.3546875000000001 0.478125 0.3546875000000001
0 0.70625 8.495987169084762e-17 0.68125 8.342906319191344e-17 0.68125 0.057812500000000086 0.70625 0.057812500000000086
0 0.7578125 0.1218750000000001 0.728125 0.1218750000000001 0.728125 0.20468750000000008 0.7578125 0.20468750000000008
0 0.83125 0.0750000000000001 0.7953125 0.0750000000000001 0.7953125 0.1312500000000001 0.83125 0.1312500000000001
0 0.71875 0.4125 0.6890625 0.4125 0.6890625 0.4390625 0.71875 0.4390625
0 0.9828125 0.18437500000000012 0.9390625 0.18437500000000012 0.9390625 0.2218750000000001 0.9828125 0.2218750000000001
0 0.978125 0.2218750000000001 0.934375 0.2218750000000001 0.934375 0.2593750000000001 0.978125 0.2593750000000001
0 0.9859375 0.2656250000000001 0.940625 0.2656250000000001 0.940625 0.3046875000000001 0.9859375 0.3046875000000001
0 0.057812500000000114 0.8890625 0.02187500000000011 0.8890625 0.021875000000000113 0.9390625 0.057812500000000114 0.9390625
0 0.2687500000000001 0.684375 0.2312500000000001 0.684375 0.2312500000000001 0.740625 0.2687500000000001 0.740625
0 0.2250000000000001 0.6671875 0.19531250000000008 0.6671875 0.19531250000000008 0.7140625 0.2250000000000001 0.7140625
0 0.18906250000000008 0.6546875 0.1593750000000001 0.6546875 0.1593750000000001 0.6984375 0.18906250000000008 0.6984375
0 0.15625000000000008 0.6484375 0.12656250000000008 0.6484375 0.12656250000000008 0.6921875 0.15625000000000008 0.6921875
0 0.1281250000000001 0.646875 0.09531250000000009 0.646875 0.09531250000000009 0.6890625 0.1281250000000001 0.6890625
0 0.08281250000000008 0.6296875 0.050000000000000065 0.6296875 0.05000000000000008 0.671875 0.0828125000000001 0.671875
0 0.428125 0.5734375 0.4078125 0.5734375 0.4078125 0.6625 0.428125 0.6625
0 0.4375 0.4796875 0.4171875 0.4796875 0.4171875 0.5625 0.4375 0.5625
0 0.3765625000000001 0.51875 0.35625000000000007 0.51875 0.35625000000000007 0.6140625 0.3765625000000001 0.6140625
0 0.3140625000000001 0.8390625 0.2796875000000001 0.8390625 0.2796875000000001 0.8953125 0.3140625000000001 0.8953125
0 0.4125000000000002 0.90625 0.3812500000000001 0.90625 0.3812500000000001 0.959375 0.4125000000000002 0.959375
0 0.76875 0.5125000000000002 0.7484375 0.5125000000000002 0.7484375 0.5812500000000002 0.76875 0.5812500000000002
0 0.8046875 0.5671875000000002 0.78125 0.5671875000000002 0.78125 0.6375000000000002 0.8046875 0.6375000000000002
0 0.7375 0.6265625000000001 0.7140625 0.6265625 0.7140625 0.7000000000000001 0.7375 0.7000000000000002
0 0.7578125000000001 0.6781250000000002 0.7328125 0.6781250000000002 0.7328125000000001 0.7500000000000002 0.7578125000000002 0.7500000000000002
0 0.821875 0.6843750000000002 0.796875 0.6843750000000002 0.7968750000000001 0.7500000000000002 0.821875 0.7500000000000002
3 0.5046875000000002 0.7296875 0.4421875000000002 0.7296875 0.4421875000000002 0.78125 0.5046875000000002 0.78125
0 0.559375 0.6671875 0.51875 0.6671875 0.51875 0.7078125 0.559375 0.7078125
0 0.5546875000000001 0.7171875 0.5140625 0.7171875 0.5140625000000001 0.75625 0.5546875000000002 0.75625
0 0.6718750000000002 0.7640625 0.6312500000000002 0.7640625 0.6312500000000002 0.8078125 0.6718750000000002 0.8078125
0 0.7343750000000002 0.8734375 0.7109375000000002 0.8734375 0.7109375000000002 0.94375 0.7343750000000002 0.94375
0 0.7921875000000002 0.809375 0.7687500000000002 0.809375 0.7687500000000002 0.8796875 0.7921875000000002 0.8796875
2 0.8671875 0.4390625000000002 0.821875 0.4390625000000002 0.821875 0.6140625000000002 0.8671875 0.6140625000000002