0 0.04062500000000004 0.3375 0.023437500000000038 0.3375 0.02343750000000004 0.3765625 0.04062500000000004 0.3765625
0 0.02031250000000004 0.3015625 0.006250000000000036 0.3015625 0.0062500000000000385 0.3375 0.02031250000000004 0.3375
0 0.05000000000000003 0.2515625 0.03593750000000003 0.2515625 0.03593750000000003 0.2859375 0.050000000000000044 0.2859375
0 0.08125000000000004 0.3921875 0.06250000000000004 0.3921875 0.06250000000000004 0.4328125 0.08125000000000004 0.4328125
3 0.5109375 0.014062500000000061 0.4875 0.014062500000000061 0.4875 0.07812500000000007 0.5109375 0.07812500000000007
3 0.5484375 0.3375000000000001 0.5171875 0.3375000000000001 0.5171875 0.409375 0.5484375 0.409375
3 0.571875 0.26250000000000007 0.546875 0.26250000000000007 0.546875 0.3375000000000001 0.571875 0.3375000000000001
0 0.584375 0.21875000000000008 0.565625 0.21875000000000008 0.565625 0.2609375000000001 0.584375 0.2609375000000001
0 0.5671875 0.2218750000000001 0.55 0.2218750000000001 0.55 0.2656250000000001 0.5671875 0.2656250000000001
0 0.5859375 0.2796875000000001 0.5671875 0.2796875000000001 0.5671875 0.3265625000000001 0.5859375 0.3265625000000001
0 0.5703125 0.3421875000000001 0.5515625 0.3421875000000001 0.5515625 0.3828125000000001 0.5703125 0.3828125000000001
0 0.5890625 0.3296875000000001 0.571875 0.3296875000000001 0.571875 0.3703125000000001 0.5890625 0.3703125000000001
0 0.5921875 0.3750000000000001 0.5734375 0.3750000000000001 0.5734375 0.4203125 0.5921875 0.4203125
0 0.575 0.3984375000000001 0.553125 0.3984375000000001 0.553125 0.446875 0.575 0.446875
0 0.59375 0.4296875 0.575 0.4296875 0.575 0.4734375 0.59375 0.4734375
0 0.5765625 0.453125 0.55625 0.453125 0.55625 0.5078125 0.5765625 0.5078125
0 0.596875 0.4796875 0.578125 0.4796875 0.578125 0.5328125 0.596875 0.5328125
0 0.6171875 0.4765625 0.5953125 0.4765625 0.5953125 0.534375 0.6171875 0.534375
0 0.5765625 0.5140625 0.5546875 0.5140625 0.5546875 0.5734375 0.5765625 0.5734375
0 0.603125 0.5625 0.58125 0.5625 0.58125 0.5796875 0.603125 0.5796875
0 0.6234375 0.55 0.603125 0.55 0.603125 0.5796875 0.6234375 0.5796875
0 0.1828125000000001 0.6 0.12343750000000009 0.6 0.12343750000000009 0.665625 0.1828125000000001 0.665625
0 0.11562500000000009 0.65625 0.057812500000000086 0.65625 0.057812500000000086 0.7109375 0.11562500000000009 0.7109375
0 0.1453125000000001 0.5796875 0.08906250000000007 0.5796875 0.08906250000000007 0.6328125 0.1453125000000001 0.6328125
0 0.3531250000000001 0.5796875 0.2875000000000001 0.5796875 0.2875000000000001 0.6 0.3531250000000001 0.6
0 0.3609375000000001 0.8421875 0.3078125000000001 0.8421875 0.3078125000000001 0.903125 0.3609375000000001 0.903125
0 0.41406250000000017 0.8859375 0.3531250000000001 0.8859375 0.3531250000000001 0.95625 0.41406250000000017 0.95625
0 0.4187500000000002 0.928125 0.4046875000000002 0.928125 0.4046875000000002 0.9984375 0.4187500000000002 0.9984375
0 0.47656250000000017 0.9234375 0.44843750000000016 0.9234375 0.44843750000000016 0.975 0.47656250000000017 0.975
0 0.4890625000000002 0.98125 0.4656250000000002 0.98125 0.4656250000000002 1 0.4890625000000002 1
0 0.5546875000000002 0.9890625 0.5265625000000002 0.9890625 0.5265625000000002 1 0.5546875000000002 1
0 0.5781250000000002 0.921875 0.5500000000000002 0.921875 0.5500000000000002 0.98125 0.5781250000000002 0.98125
0 0.6343750000000001 0.9421875 0.6093750000000002 0.9421875 0.6093750000000002 0.9890625 0.6343750000000001 0.9890625
0 0.6750000000000002 0.9375 0.6468750000000002 0.9375 0.6468750000000002 0.9921875 0.6750000000000002 0.9921875
0 0.6937500000000002 0.9484375 0.6734375000000001 0.9484375 0.6734375000000001 0.9890625 0.6937500000000002 0.9890625
0 0.7265625000000002 0.946875 0.7015625000000002 0.946875 0.7015625000000002 0.9890625 0.7265625000000002 0.9890625
0 0.7718750000000002 0.94375 0.7437500000000001 0.94375 0.7437500000000001 0.9921875 0.7718750000000002 0.9921875
0 0.925 0.5796875000000001 0.9078125 0.5796875000000001 0.9078125 0.6359375000000002 0.925 0.6359375000000002
0 1 0.6312500000000002 0.9875 0.6312500000000002 0.9875 0.7093750000000002 1 0.7093750000000002
0 0.896875 0.9046875 0.8734375 0.9046875 0.8734375 0.946875 0.896875 0.946875
0 0.8765625 0.903125 0.85625 0.903125 0.85625 0.946875 0.8765625 0.946875
0 0.85625 0.8953125 0.8296875 0.8953125 0.8296875 0.9484375 0.85625 0.9484375
0 0.828125 0.909375 0.8046875 0.909375 0.8046875 0.9484375 0.828125 0.9484375
0 0.8046875 0.903125 0.7875000000000002 0.903125 0.7875000000000002 0.94375 0.8046875 0.94375
0 0.7843750000000002 0.9 0.7625000000000002 0.9 0.7625000000000002 0.9421875 0.7843750000000002 0.9421875
0 0.7609375000000002 0.8953125 0.7359375000000001 0.8953125 0.7359375000000001 0.946875 0.7609375000000002 0.946875
0 0.7328125000000002 0.8984375 0.7093750000000002 0.8984375 0.7093750000000002 0.940625 0.7328125000000002 0.940625
0 0.7078125000000002 0.896875 0.6843750000000002 0.896875 0.6843750000000002 0.940625 0.7078125000000002 0.940625
0 0.6843750000000002 0.89375 0.6625000000000002 0.89375 0.6625000000000002 0.9390625 0.6843750000000002 0.9390625
0 0.6578125000000001 0.89375 0.6375000000000002 0.89375 0.6375000000000002 0.9390625 0.6578125000000001 0.9390625
0 0.6375000000000002 0.8921875 0.6156250000000002 0.8921875 0.6156250000000002 0.9359375 0.6375000000000002 0.9359375
0 0.6125000000000002 0.8890625 0.5921875000000002 0.8890625 0.5921875000000002 0.934375 0.6125000000000002 0.934375
0 0.5906250000000002 0.8890625 0.5687500000000002 0.8890625 0.5687500000000002 0.93125 0.5906250000000002 0.93125
2 0.5484375000000001 0.884375 0.4812500000000002 0.884375 0.4812500000000002 0.9875 0.5484375000000001 0.9875