0 0.12500000000000008 0.728125 0.08125000000000009 0.728125 0.08125000000000009 0.7671875 0.12500000000000008 0.7671875
0 0.1687500000000001 0.653125 0.12343750000000009 0.653125 0.12343750000000009 0.696875 0.1687500000000001 0.696875
3 0.3078125000000001 0.6046875 0.24375000000000008 0.6046875 0.24375000000000008 0.6578125 0.3078125000000001 0.6578125
2 0.7390625 0.5406250000000001 0.63125 0.540625 0.63125 0.596875 0.7390625 0.5968750000000002
0 0.6125 0.503125 0.571875 0.503125 0.571875 0.5359375 0.6125 0.5359375
0 0.5078125 0.5328125 0.4703125 0.5328125 0.4703125 0.565625 0.5078125 0.565625
0 0.809375 0.3609375000000001 0.765625 0.3609375000000001 0.765625 0.39531250000000007 0.809375 0.39531250000000007
0 0.8125 0.4109375000000002 0.765625 0.4109375000000002 0.765625 0.4515625000000002 0.8125 0.4515625000000002
0 0.8015625 0.47187500000000016 0.7609375 0.47187500000000016 0.7609375 0.5046875000000002 0.8015625 0.5046875000000002
0 0.8515625 0.4781250000000002 0.8109375 0.4781250000000002 0.8109375 0.5125000000000002 0.8515625 0.5125000000000002
0 0.865625 0.4343750000000002 0.8234375 0.4343750000000002 0.8234375 0.47187500000000016 0.865625 0.47187500000000016
0 0.9109375 0.3890625000000001 0.8609375 0.3890625000000001 0.8609375 0.42968750000000017 0.9109375 0.42968750000000017
0 0.921875 0.44062500000000016 0.878125 0.44062500000000016 0.878125 0.47656250000000017 0.921875 0.47656250000000017
0 0.853125 0.3734375000000001 0.815625 0.3734375000000001 0.815625 0.40937500000000016 0.853125 0.40937500000000016
0 0.9625 0.3984375000000001 0.9203125 0.3984375000000001 0.9203125 0.43750000000000017 0.9625 0.43750000000000017
0 0.9828125 0.45625000000000016 0.9375 0.45625000000000016 0.9375 0.4968750000000002 0.9828125 0.4968750000000002
1 0.9984375 0.5062500000000002 0.934375 0.5062500000000002 0.934375 0.5562500000000001 0.9984375 0.5562500000000001
0 0.5359375000000002 0.896875 0.5171875000000001 0.896875 0.5171875000000001 0.971875 0.5359375000000002 0.971875