3 0.7171875 0.2312500000000001 0.6625 0.2312500000000001 0.6625 0.27812500000000007 0.7171875 0.27812500000000007
3 0.63125 0.21093750000000008 0.575 0.21093750000000008 0.575 0.2609375000000001 0.63125 0.2609375000000001
0 0.5421875 0.2578125000000001 0.50625 0.2578125000000001 0.50625 0.3109375000000001 0.5421875 0.3109375000000001
0 0.496875 0.3937500000000001 0.471875 0.3937500000000001 0.471875 0.4546875 0.496875 0.4546875
0 0.4515625 0.3734375000000001 0.4265625 0.3734375000000001 0.4265625 0.4296875 0.4515625 0.4296875
0 0.440625 0.4453125 0.4109375 0.4453125 0.4109375 0.5109375 0.440625 0.5109375
0 0.7625 0.2593750000000001 0.725 0.2593750000000001 0.725 0.2875000000000001 0.7625 0.2875000000000001
0 0.809375 0.27031250000000007 0.7828125 0.27031250000000007 0.7828125 0.30156250000000007 0.809375 0.30156250000000007
0 0.23125 0.09375000000000003 0.196875 0.09375000000000003 0.196875 0.12656250000000005 0.23125 0.12656250000000005
0 0.103125 0.04062500000000001 0.065625 0.04062500000000001 0.065625 0.07343750000000002 0.103125 0.07343750000000002
3 0.4484375 5.243019108849606e-17 0.4078125 4.9942627277728e-17 0.4078125 0.03125000000000005 0.4484375 0.031250000000000056
3 0.8890625 0.1609375000000001 0.8125 0.1609375000000001 0.8125 0.2453125000000001 0.8890625 0.2453125000000001
0 0.9578125 0.3828125000000001 0.909375 0.3828125000000001 0.909375 0.4234375000000002 0.9578125 0.4234375000000002
0 0.7640625000000002 0.9 0.7359375000000001 0.9 0.7359375000000001 0.95 0.7640625000000002 0.95
0 0.7437500000000001 0.953125 0.7171875000000002 0.953125 0.7171875000000002 0.9984375 0.7437500000000001 0.9984375
0 0.7062500000000002 0.9625 0.6828125000000002 0.9625 0.6828125000000002 1 0.7062500000000002 1
0 0.6812500000000001 0.9546875 0.6500000000000001 0.9546875 0.6500000000000001 1 0.6812500000000001 1
0 0.6656250000000001 0.8859375 0.6359375000000002 0.8859375 0.6359375000000002 0.934375 0.6656250000000001 0.934375
0 0.6062500000000002 0.890625 0.5781250000000002 0.890625 0.5781250000000002 0.9359375 0.6062500000000002 0.9359375
0 0.5703125000000002 0.8875 0.5390625000000002 0.8875 0.5390625000000002 0.9359375 0.5703125000000002 0.9359375
0 0.5406250000000001 0.8890625 0.5187500000000002 0.8890625 0.5187500000000002 0.93125 0.5406250000000001 0.93125
0 0.5140625000000002 0.8828125 0.48750000000000016 0.8828125 0.48750000000000016 0.9234375 0.5140625000000002 0.9234375
0 0.4734375000000002 0.878125 0.4437500000000002 0.878125 0.4437500000000002 0.921875 0.4734375000000002 0.921875
0 0.2593750000000001 0.559375 0.22656250000000008 0.559375 0.22656250000000008 0.60625 0.2593750000000001 0.60625
0 0.010937500000000096 0.7796875 9.54841801210202e-17 0.7796875 9.778039286942148e-17 0.8171875 0.0109375000000001 0.8171875
0 0.0375000000000001 0.7828125 0.010937500000000096 0.7828125 0.010937500000000098 0.8203125 0.0375000000000001 0.8203125
0 0.0609375000000001 0.784375 0.0375000000000001 0.784375 0.0375000000000001 0.821875 0.06093750000000011 0.821875
0 0.0890625000000001 0.7828125 0.05937500000000009 0.7828125 0.0593750000000001 0.828125 0.08906250000000011 0.828125
0 0.1140625000000001 0.790625 0.0906250000000001 0.790625 0.0906250000000001 0.828125 0.1140625000000001 0.828125
0 0.1453125000000001 0.7890625 0.11875000000000009 0.7890625 0.11875000000000009 0.8296875 0.1453125000000001 0.8296875
0 0.2093750000000001 0.8 0.1843750000000001 0.8 0.1843750000000001 0.8359375 0.2093750000000001 0.8359375
0 0.34843750000000007 0.821875 0.3234375000000001 0.821875 0.3234375000000001 0.8578125 0.34843750000000007 0.8578125
0 0.3656250000000001 0.8265625 0.3421875000000001 0.8265625 0.3421875000000001 0.8640625 0.3656250000000001 0.8640625
0 0.3921875000000001 0.821875 0.3625000000000001 0.821875 0.3625000000000001 0.8671875 0.3921875000000001 0.8671875
0 0.4156250000000002 0.8296875 0.3890625000000001 0.8296875 0.3890625000000001 0.8703125 0.4156250000000002 0.8703125
0 0.4343750000000002 0.83125 0.4156250000000002 0.83125 0.4156250000000002 0.86875 0.4343750000000002 0.86875
0 0.4593750000000002 0.8296875 0.4359375000000002 0.8296875 0.4359375000000002 0.8703125 0.4593750000000002 0.8703125
0 0.48437500000000017 0.834375 0.4578125000000002 0.834375 0.4578125000000002 0.875 0.48437500000000017 0.875
0 0.5125000000000002 0.8375 0.4859375000000002 0.8375 0.4859375000000002 0.8765625 0.5125000000000002 0.8765625
0 0.5359375000000002 0.8375 0.5109375000000002 0.8375 0.5109375000000002 0.875 0.5359375000000002 0.875
0 0.5578125000000002 0.8421875 0.5343750000000002 0.8421875 0.5343750000000002 0.8796875 0.5578125000000002 0.8796875
0 0.5812500000000002 0.840625 0.5578125000000002 0.840625 0.5578125000000002 0.8828125 0.5812500000000002 0.8828125
0 0.6046875000000002 0.8421875 0.5812500000000002 0.8421875 0.5812500000000002 0.8828125 0.6046875000000002 0.8828125
0 0.6265625000000001 0.84375 0.6046875000000002 0.84375 0.6046875000000002 0.8828125 0.6265625000000001 0.8828125
0 0.6515625000000002 0.846875 0.6265625000000001 0.846875 0.6265625000000001 0.884375 0.6515625000000002 0.884375
2 0.7328125000000002 0.8703125 0.6640625000000002 0.8703125 0.6640625000000002 0.953125 0.7328125000000002 0.953125
0 0.9578125 0.6843750000000002 0.9015625 0.6843750000000002 0.9015625 0.7609375000000002 0.9578125 0.7609375000000002
0 0.9515625 0.7781250000000002 0.8921875 0.7781250000000002 0.8921875 0.8609375 0.9515625 0.8609375
0 1 0.6921875000000002 0.9578125 0.6921875000000002 0.9578125 0.7687500000000002 1 0.7687500000000002
0 1 0.5593750000000002 0.9484375 0.5593750000000002 0.9484375 0.6296875000000002 1 0.6296875000000002
0 0.9828125 0.825 0.9453125 0.825 0.9453125 0.8734375 0.9828125 0.8734375