2 0.20000000000000004 0.215625 0.15000000000000005 0.215625 0.15000000000000005 0.403125 0.2000000000000001 0.403125
0 0.28593750000000007 0.5109375 0.24375000000000008 0.5109375 0.24375000000000008 0.5296875 0.28593750000000007 0.5296875
0 0.2156250000000001 0.475 0.18593750000000003 0.475 0.18593750000000003 0.5296875 0.2156250000000001 0.5296875
0 0.03593750000000005 0.3984375 4.8794520903527353e-17 0.3984375 5.109073365192865e-17 0.4359375 0.03593750000000005 0.4359375
0 0.13437500000000005 0.3140625 0.09531250000000005 0.3140625 0.09531250000000005 0.3578125 0.13437500000000005 0.3578125
3 0.021875000000000047 0.3609375 4.420209540672478e-17 0.3609375 4.649830815512607e-17 0.3984375 0.02187500000000005 0.3984375
0 0.975 0.0031250000000001173 0.94375 0.003125000000000115 0.94375 0.03281250000000012 0.975 0.03281250000000012
0 0.9859375 0.034375000000000114 0.95 0.034375000000000114 0.95 0.06250000000000011 0.9859375 0.06250000000000011
0 0.8828125 0.009375000000000105 0.8484375 0.009375000000000102 0.8484375 0.0375000000000001 0.8828125 0.03750000000000011
0 0.8734375 0.17968750000000008 0.8484375 0.17968750000000008 0.8484375 0.2312500000000001 0.8734375 0.2312500000000001
0 0.803125 0.1312500000000001 0.7828125 0.1312500000000001 0.7828125 0.1765625000000001 0.803125 0.1765625000000001
0 0.8984375 0.3343750000000001 0.878125 0.3343750000000001 0.878125 0.39531250000000007 0.8984375 0.39531250000000007
0 0.775 0.02343750000000009 0.740625 0.02343750000000009 0.740625 0.050000000000000086 0.775 0.050000000000000086
0 0.6796875 0.021875000000000082 0.6484375 0.02187500000000008 0.6484375 0.05156250000000009 0.6796875 0.05156250000000009
0 0.6046875 0.06250000000000007 0.5734375 0.06250000000000007 0.5734375 0.09218750000000006 0.6046875 0.09218750000000006
0 0.4640625 0.007812500000000054 0.43125 0.007812500000000052 0.43125 0.03437500000000006 0.4640625 0.03437500000000006
0 0.45625 0.04843750000000006 0.4234375 0.04843750000000006 0.4234375 0.07343750000000006 0.45625 0.07343750000000007
2 0.1359375000000001 0.7875 0.0328125000000001 0.7875 0.0328125000000001 0.8390625 0.1359375000000001 0.8390625
3 0.30937500000000007 0.796875 0.2687500000000001 0.796875 0.2687500000000001 0.8609375 0.30937500000000007 0.8609375
0 0.2609375000000001 0.6953125 0.2328125000000001 0.6953125 0.2328125000000001 0.721875 0.2609375000000001 0.721875
0 0.05312500000000009 0.7296875 0.01875000000000009 0.7296875 0.018750000000000093 0.759375 0.05312500000000009 0.759375
0 0.0906250000000001 0.725 0.05937500000000009 0.725 0.05937500000000009 0.753125 0.0906250000000001 0.753125
0 0.1437500000000001 0.7203125 0.1140625000000001 0.7203125 0.1140625000000001 0.7484375 0.1437500000000001 0.7484375
0 0.1843750000000001 0.71875 0.1531250000000001 0.71875 0.1531250000000001 0.7421875 0.1843750000000001 0.7421875
0 0.1906250000000001 0.740625 0.15625000000000008 0.740625 0.15625000000000008 0.7671875 0.1906250000000001 0.7671875
0 0.12031250000000011 0.90625 0.0875000000000001 0.90625 0.0875000000000001 0.934375 0.12031250000000013 0.934375
0 0.02656250000000011 0.8734375 1.0696524386302664e-16 0.8734375 1.0859172789314422e-16 0.9 0.02656250000000011 0.9
0 0.40937500000000016 0.875 0.3750000000000001 0.875 0.3750000000000001 0.9 0.40937500000000016 0.9
0 0.3812500000000001 0.9203125 0.3468750000000001 0.9203125 0.3468750000000001 0.9578125 0.3812500000000001 0.9578125
0 0.2734375000000001 0.95625 0.2531250000000001 0.95625 0.2531250000000001 1 0.2734375000000001 1
0 0.7671875 0.5296875000000002 0.728125 0.5296875000000002 0.728125 0.5843750000000002 0.7671875 0.5843750000000002