0 0.409375 0.615625 0.3703125000000001 0.615625 0.3703125000000001 0.65 0.409375 0.65
0 0.2656250000000001 0.6390625 0.2218750000000001 0.6390625 0.2218750000000001 0.68125 0.2656250000000001 0.68125
0 0.15000000000000008 0.6125 0.10312500000000009 0.6125 0.10312500000000009 0.6625 0.15000000000000008 0.6625
0 0.11562500000000006 0.4953125 0.07343750000000007 0.4953125 0.07343750000000007 0.546875 0.11562500000000009 0.546875
0 0.12031250000000009 0.690625 0.07812500000000008 0.690625 0.07812500000000008 0.73125 0.12031250000000009 0.73125
0 0.2828125000000001 0.4609375 0.2484375000000001 0.4609375 0.2484375000000001 0.528125 0.2828125000000001 0.528125
0 0.31875000000000003 0.3 0.2953125 0.3 0.29531250000000003 0.3640625 0.3187500000000001 0.3640625
0 0.26875 0.09062500000000002 0.25 0.09062500000000002 0.25 0.16562500000000005 0.26875 0.16562500000000005
0 0.24375 0.13281250000000006 0.225 0.13281250000000006 0.225 0.19375000000000003 0.24375 0.19375000000000003
0 0.3234375 0.03125000000000004 0.3015625 0.031250000000000035 0.3015625 0.10312500000000005 0.3234375 0.10312500000000005
0 0.540625 0.575 0.503125 0.575 0.503125 0.609375 0.540625 0.609375
0 0.559375 0.5171875 0.521875 0.5171875 0.521875 0.553125 0.559375 0.553125
0 0.565625 0.471875 0.525 0.471875 0.525 0.5078125 0.565625 0.5078125
0 0.6296875 0.4875 0.5921875 0.4875 0.5921875 0.5265625 0.6296875 0.5265625
0 0.7140625 0.7015625 0.6734375 0.7015625 0.6734375000000001 0.7390625 0.7140625000000002 0.7390625
0 0.7359375 0.5609375000000001 0.696875 0.5609375 0.696875 0.5984375000000001 0.7359375 0.5984375000000002
0 0.659375 0.5921875 0.6203125 0.5921875 0.6203125 0.6296875 0.659375 0.6296875
0 0.6015625 0.58125 0.5625 0.58125 0.5625 0.6203125 0.6015625 0.6203125
0 0.6109375 0.5296875 0.5671875 0.5296875 0.5671875 0.5671875 0.6109375 0.5671875
0 0.6859375 0.4984375 0.64375 0.4984375 0.64375 0.5359375 0.6859375 0.5359375
0 0.83125 0.5781250000000002 0.790625 0.5781250000000002 0.790625 0.6156250000000002 0.83125 0.6156250000000002
0 0.9140625 0.5984375000000002 0.8703125 0.5984375000000002 0.8703125 0.6406250000000002 0.9140625 0.6406250000000002
0 0.9890625 0.5781250000000002 0.94375 0.5781250000000002 0.94375 0.6234375000000002 0.9890625 0.6234375000000002
0 0.99375 0.6312500000000002 0.9515625 0.6312500000000002 0.9515625 0.6750000000000002 0.99375 0.6750000000000002
0 0.875 0.5437500000000002 0.834375 0.5437500000000002 0.834375 0.5796875000000001 0.875 0.5796875000000001
0 0.26875 0.0015625000000000315 0.2484375 0.0015625000000000304 0.2484375 0.051562500000000025 0.26875 0.051562500000000025
1 0.5265625 0.6140625 0.4671875 0.6140625 0.4671875 0.659375 0.5265625 0.659375
3 0.771875 0.48906250000000007 0.7109375 0.4890625 0.7109375 0.5515625000000001 0.771875 0.5515625000000002
0 0.6640625 0.5453125 0.621875 0.5453125 0.621875 0.58125 0.6640625 0.58125