0 0.18750000000000006 0.475 0.15468750000000003 0.475 0.15468750000000003 0.496875 0.18750000000000006 0.496875
0 0.2671875000000001 0.475 0.2312500000000001 0.475 0.2312500000000001 0.4984375 0.2671875000000001 0.4984375
0 0.2250000000000001 0.50625 0.19062500000000004 0.50625 0.19062500000000004 0.5328125 0.2250000000000001 0.5328125
0 0.3671875000000001 0.50625 0.3359375000000001 0.50625 0.3359375000000001 0.5328125 0.3671875000000001 0.5328125
0 0.34062500000000007 0.4734375 0.3078125000000001 0.4734375 0.3078125000000001 0.4984375 0.34062500000000007 0.4984375
0 0.425 0.46875 0.3937500000000001 0.46875 0.3937500000000001 0.49375 0.425 0.49375
0 0.37343750000000003 0.33906250000000004 0.34375 0.3390625 0.34375000000000006 0.36406250000000007 0.3734375000000001 0.36406250000000007
0 0.525 0.2734375000000001 0.49375 0.2734375000000001 0.49375 0.3000000000000001 0.525 0.3000000000000001
0 0.509375 0.33281250000000007 0.4828125 0.33281250000000007 0.4828125 0.3703125000000001 0.509375 0.3703125000000001
3 0.5 0.3109375000000001 0.4671875 0.3109375000000001 0.4671875 0.34062500000000007 0.5 0.34062500000000007
3 0.5828125 0.4296875 0.5453125 0.4296875 0.5453125 0.4640625 0.5828125 0.4640625
2 0.628125 0.3593750000000001 0.528125 0.3593750000000001 0.528125 0.4015625 0.628125 0.4015625
0 0.5 0.4578125 0.471875 0.4578125 0.471875 0.48125 0.5 0.48125
0 0.4484375 0.5515625 0.4203125 0.5515625 0.4203125 0.603125 0.4484375 0.603125
0 0.528125 0.584375 0.509375 0.584375 0.509375 0.6375 0.528125 0.6375
0 0.55625 0.5140625 0.53125 0.5140625 0.53125 0.5578125 0.55625 0.5578125
3 0.47187500000000016 0.9015625 0.4515625000000002 0.9015625 0.4515625000000002 0.9984375 0.47187500000000016 0.9984375
0 0.4625000000000001 0.6828125 0.4453125 0.6828125 0.4453125000000001 0.7453125 0.4625000000000002 0.7453125
0 0.4984375 0.659375 0.484375 0.659375 0.484375 0.7078125 0.4984375 0.7078125
0 0.5000000000000002 0.75 0.4859375000000002 0.75 0.4859375000000002 0.809375 0.5000000000000002 0.809375
0 0.5046875000000002 0.828125 0.4906250000000002 0.828125 0.4906250000000002 0.89375 0.5046875000000002 0.89375
0 0.5078125000000002 0.9171875 0.4906250000000002 0.9171875 0.4906250000000002 0.99375 0.5078125000000002 0.99375
0 0.8859375 0.4265625000000002 0.8578125 0.4265625000000002 0.8578125 0.4515625000000002 0.8859375 0.4515625000000002
0 0.8421875 0.4265625000000002 0.8125 0.4265625000000002 0.8125 0.4515625000000002 0.8421875 0.4515625000000002
0 0.7953125 0.48750000000000016 0.765625 0.48750000000000016 0.765625 0.5109375000000002 0.7953125 0.5109375000000002