0 0.5046875 0.2312500000000001 0.4875 0.2312500000000001 0.4875 0.3031250000000001 0.5046875 0.3031250000000001
0 0.478125 0.18437500000000004 0.4609375 0.18437500000000004 0.4609375 0.2531250000000001 0.478125 0.2531250000000001
0 0.4328125 0.2234375000000001 0.4125 0.2234375000000001 0.4125 0.3031250000000001 0.4328125 0.3031250000000001
0 0.396875 0.16562500000000005 0.3765625 0.16562500000000005 0.3765625 0.2406250000000001 0.396875 0.2406250000000001
0 0.4765625 0.3203125000000001 0.45625 0.3203125000000001 0.45625 0.3906250000000001 0.4765625 0.3906250000000001
0 0.56875 0.596875 0.525 0.596875 0.525 0.6484375 0.56875 0.6484375
0 0.4203125 0.5703125 0.4 0.5703125 0.4 0.6390625 0.4203125 0.6390625
2 0.50625 0.3921875000000001 0.4765625 0.3921875000000001 0.4765625 0.5765625 0.50625 0.5765625
0 0.7875 0.5453125000000002 0.75625 0.5453125000000002 0.75625 0.6046875000000002 0.7875 0.6046875000000002
0 0.7515625 0.00468750000000009 0.7203125 0.004687500000000089 0.7203125 0.057812500000000086 0.7515625 0.057812500000000086
2 0.21093750000000008 0.9796875 0.11093750000000013 0.9796875 0.11093750000000013 1 0.21093750000000008 1
0 0.5312500000000002 0.959375 0.5015625000000001 0.959375 0.5015625000000001 0.984375 0.5312500000000002 0.984375
0 0.3500000000000001 0.90625 0.3234375000000001 0.90625 0.3234375000000001 0.93125 0.3500000000000001 0.93125
0 0.08906250000000011 0.8859375 0.06093750000000011 0.8859375 0.06093750000000011 0.9078125 0.08906250000000011 0.9078125
0 0.13906250000000014 0.9125 0.10781250000000013 0.9125 0.10781250000000013 0.9390625 0.13906250000000014 0.9390625
0 0.17656250000000012 0.9140625 0.14843750000000014 0.9140625 0.14843750000000014 0.9390625 0.17656250000000012 0.9390625
0 0.2312500000000001 0.9171875 0.20312500000000008 0.9171875 0.20312500000000008 0.9421875 0.2312500000000001 0.9421875
0 0.2718750000000001 0.91875 0.24218750000000008 0.91875 0.24218750000000008 0.9390625 0.2718750000000001 0.9390625
0 0.2734375000000001 0.9421875 0.24218750000000008 0.9421875 0.24218750000000008 0.965625 0.2734375000000001 0.965625
0 0.8234375 0.9375 0.8046875 0.9375 0.8046875 0.9796875 0.8234375 0.9796875
0 0.9984375 0.83125 0.98125 0.83125 0.98125 0.86875 0.9984375 0.86875
0 1 0.7046875000000001 0.9796875 0.7046875000000001 0.9796875 0.7468750000000002 1 0.7468750000000002
0 0.9453125 0.7156250000000002 0.9234375 0.7156250000000002 0.9234375 0.7531250000000002 0.9453125 0.7531250000000002
0 0.9078125 0.7140625000000002 0.884375 0.7140625000000002 0.884375 0.7593750000000001 0.9078125 0.7593750000000001
0 0.8796875 0.7203125000000001 0.8640625 0.7203125000000001 0.8640625 0.7625000000000002 0.8796875 0.7625000000000002
0 0.853125 0.7203125000000001 0.8328125 0.7203125000000001 0.8328125 0.7578125000000002 0.853125 0.7578125000000002
0 0.8109375 0.7203125000000001 0.7875 0.7203125000000001 0.7875000000000001 0.7609375000000002 0.8109375 0.7609375000000002
0 0.6796875 0.68125 0.659375 0.68125 0.659375 0.7171875 0.6796875 0.7171875
0 0.6984375 0.6828125 0.68125 0.6828125 0.68125 0.71875 0.6984375 0.71875
0 0.721875 0.678125 0.7 0.678125 0.7 0.71875 0.721875 0.71875
0 0.746875 0.6796875000000002 0.728125 0.6796875000000002 0.728125 0.7156250000000002 0.746875 0.7156250000000002
0 0.765625 0.6796875000000002 0.753125 0.6796875000000002 0.753125 0.7125000000000001 0.765625 0.7125000000000001
0 0.7890625 0.6781250000000002 0.7734375 0.6781250000000002 0.7734375 0.7109375000000002 0.7890625 0.7109375000000002
0 0.815625 0.6765625000000002 0.7953125 0.6765625000000002 0.7953125 0.7140625000000002 0.815625 0.7140625000000002
0 0.84375 0.6765625000000002 0.8234375 0.6765625000000002 0.8234375 0.7078125000000002 0.84375 0.7078125000000002
0 0.8671875 0.6718750000000002 0.8484375 0.6718750000000002 0.8484375 0.7046875000000001 0.8671875 0.7046875000000001
0 0.8890625 0.6750000000000002 0.871875 0.6750000000000002 0.871875 0.7062500000000002 0.8890625 0.7062500000000002
0 0.9125 0.6734375000000001 0.896875 0.6734375000000001 0.896875 0.7062500000000002 0.9125 0.7062500000000002
0 0.9359375 0.6687500000000002 0.9171875 0.6687500000000002 0.9171875 0.7031250000000002 0.9359375 0.7031250000000002
0 0.9578125 0.6687500000000002 0.9421875 0.6687500000000002 0.9421875 0.6984375000000002 0.9578125 0.6984375000000002
0 0.98125 0.6687500000000002 0.9625 0.6687500000000002 0.9625 0.6968750000000001 0.98125 0.6968750000000001