0 0.15781250000000005 0.3109375 0.12187500000000004 0.3109375 0.12187500000000004 0.3734375 0.15781250000000005 0.3734375
0 0.10000000000000005 0.490625 0.05312500000000007 0.490625 0.05312500000000007 0.5203125 0.10000000000000005 0.5203125
0 0.10468750000000007 0.5421875 0.06406250000000006 0.5421875 0.06406250000000006 0.5875 0.10468750000000009 0.5875
0 0.19687500000000008 0.53125 0.15625000000000006 0.53125 0.15625000000000006 0.5640625 0.19687500000000008 0.5640625
0 0.2093750000000001 0.4234375 0.16875000000000004 0.4234375 0.16875000000000004 0.45625 0.2093750000000001 0.45625
0 0.21250000000000008 0.478125 0.16562500000000005 0.478125 0.16562500000000005 0.5109375 0.21250000000000008 0.5109375
0 0.3031250000000001 0.5328125 0.26250000000000007 0.5328125 0.26250000000000007 0.56875 0.3031250000000001 0.56875
0 0.2734375000000001 0.61875 0.22812500000000008 0.61875 0.22812500000000008 0.65625 0.2734375000000001 0.65625
0 0.446875 0.5125 0.4046875 0.5125 0.4046875 0.55 0.446875 0.55
0 0.36406250000000007 0.496875 0.3187500000000001 0.496875 0.3187500000000001 0.534375 0.36406250000000007 0.534375
0 0.5015625 0.475 0.4625 0.475 0.4625 0.5078125 0.5015625 0.5078125
0 0.5203125 0.5265625 0.478125 0.5265625 0.478125 0.5625 0.5203125 0.5625
0 0.521875 0.5765625 0.4796875 0.5765625 0.4796875 0.6109375 0.521875 0.6109375
0 0.5890625 0.5015625 0.5515625 0.5015625 0.5515625 0.5375 0.5890625 0.5375
0 0.5953125 0.54375 0.55625 0.54375 0.55625 0.584375 0.5953125 0.584375
0 0.7140625 0.58125 0.6734375 0.58125 0.6734375 0.6203125 0.7140625 0.6203125
0 0.990625 0.6640625000000002 0.9453125 0.6640625000000002 0.9453125 0.7078125000000002 0.990625 0.7078125000000002
1 0.4234375 0.5515625 0.36406250000000007 0.5515625 0.36406250000000007 0.5984375 0.4234375 0.5984375
3 0.4015625 0.453125 0.3390625000000001 0.453125 0.3390625000000001 0.4921875 0.4015625 0.4921875
3 0.6734375 0.5125 0.628125 0.5125 0.628125 0.55625 0.6734375 0.55625
3 0.75625 0.5312500000000001 0.690625 0.53125 0.690625 0.5781250000000001 0.75625 0.5781250000000002
0 0.09062500000000012 0.9296875 0.0718750000000001 0.9296875 0.07187500000000012 0.9984375 0.09062500000000014 0.9984375
0 0.11562500000000013 0.9140625 0.09375000000000011 0.9140625 0.09375000000000011 0.9921875 0.11562500000000013 0.9921875
0 0.03750000000000001 0.053125 0.015625000000000007 0.053125 0.01562500000000001 0.134375 0.03750000000000001 0.134375