1 0.018750000000000037 0.265625 3.2529680602351567e-17 0.265625 3.539994653785318e-17 0.3125 0.018750000000000037 0.3125
3 0.015625000000000017 0.1140625 1.3968627552774498e-17 0.1140625 1.6551866894725946e-17 0.15625 0.015625000000000017 0.15625
0 0.09531250000000002 0.2328125 0.059375000000000025 0.2328125 0.059375000000000025 0.2671875 0.09531250000000002 0.2671875
0 0.36875 0.15781250000000005 0.3296875 0.15781250000000005 0.3296875 0.19062500000000004 0.36875 0.19062500000000004
0 0.3265625 0.17500000000000004 0.29375 0.17500000000000004 0.29375 0.203125 0.3265625 0.203125
2 0.19375000000000003 0.12656250000000002 0.08750000000000002 0.1265625 0.08750000000000002 0.18750000000000003 0.19375000000000003 0.18750000000000006
0 0.43125 0.4 0.41875 0.4 0.41875 0.4546875 0.43125 0.4546875
0 0.5359375 0.4171875 0.503125 0.4171875 0.503125 0.459375 0.5359375 0.459375
0 0.5109375 0.434375 0.4890625 0.434375 0.4890625 0.459375 0.5109375 0.459375
0 0.44375 0.18906250000000005 0.41875 0.18906250000000005 0.41875 0.2484375000000001 0.44375 0.2484375000000001
0 0.4640625 0.2000000000000001 0.440625 0.2000000000000001 0.440625 0.24218750000000008 0.4640625 0.24218750000000008
0 0.4953125 0.19375000000000003 0.4671875 0.19375000000000003 0.4671875 0.2406250000000001 0.4953125 0.2406250000000001
0 0.540625 0.18906250000000005 0.509375 0.18906250000000005 0.509375 0.2390625000000001 0.540625 0.2390625000000001
0 0.7828125 0.43750000000000017 0.7578125 0.43750000000000017 0.7578125 0.4593750000000002 0.7828125 0.4593750000000002
0 0.8046875 0.4343750000000002 0.778125 0.4343750000000002 0.778125 0.4593750000000002 0.8046875 0.4593750000000002
0 0.828125 0.42968750000000017 0.803125 0.42968750000000017 0.803125 0.4593750000000002 0.828125 0.4593750000000002
0 0.8609375 0.42500000000000016 0.8296875 0.42500000000000016 0.8296875 0.4593750000000002 0.8609375 0.4593750000000002
0 0.8875 0.42500000000000016 0.8578125 0.42500000000000016 0.8578125 0.4593750000000002 0.8875 0.4593750000000002
0 0.9078125 0.4265625000000002 0.8828125 0.4265625000000002 0.8828125 0.4593750000000002 0.9078125 0.4593750000000002
0 1 0.09687500000000013 0.99375 0.09687500000000011 0.99375 0.14687500000000014 1 0.14687500000000014
0 0.9984375 0.10156250000000014 0.9703125 0.10156250000000014 0.9703125 0.14687500000000014 0.9984375 0.14687500000000014
0 0.971875 0.10156250000000014 0.9453125 0.10156250000000014 0.9453125 0.14687500000000014 0.971875 0.14687500000000014
0 0.946875 0.10468750000000013 0.9203125 0.10468750000000013 0.9203125 0.15156250000000013 0.946875 0.15156250000000013
0 0.925 0.10000000000000012 0.8921875 0.10000000000000009 0.8921875 0.15468750000000012 0.925 0.15468750000000014
0 0.89375 0.1062500000000001 0.8671875 0.1062500000000001 0.8671875 0.1531250000000001 0.89375 0.1531250000000001
0 0.865625 0.10937500000000008 0.8375 0.10937500000000008 0.8375 0.1546875000000001 0.865625 0.1546875000000001
0 0.7984375 0.1140625000000001 0.771875 0.1140625000000001 0.771875 0.1609375000000001 0.7984375 0.1609375000000001
0 0.659375 0.1390625000000001 0.6328125 0.1390625000000001 0.6328125 0.18125000000000008 0.659375 0.18125000000000008
0 0.6390625 0.14218750000000008 0.615625 0.14218750000000008 0.615625 0.1843750000000001 0.6390625 0.1843750000000001
0 0.6203125 0.13437500000000008 0.5890625 0.13437500000000008 0.5890625 0.18906250000000008 0.6203125 0.18906250000000008
0 0.59375 0.1468750000000001 0.565625 0.1468750000000001 0.565625 0.1906250000000001 0.59375 0.1906250000000001
0 0.5671875 0.1453125000000001 0.5453125 0.1453125000000001 0.5453125 0.1921875000000001 0.5671875 0.1921875000000001
0 0.546875 0.15000000000000008 0.5234375 0.15000000000000005 0.5234375 0.18750000000000006 0.546875 0.18750000000000008
0 0.525 0.14218750000000005 0.4953125 0.14218750000000005 0.4953125 0.19218750000000004 0.525 0.19218750000000004
0 0.4953125 0.14531250000000004 0.4671875 0.14531250000000004 0.4671875 0.19218750000000004 0.4953125 0.19218750000000004
0 0.471875 0.14843750000000006 0.44375 0.14843750000000006 0.44375 0.19531250000000006 0.471875 0.19531250000000006
0 0.446875 0.14531250000000004 0.4203125 0.14531250000000004 0.4203125 0.19531250000000006 0.446875 0.19531250000000006
0 0.14531250000000012 0.8890625 0.10312500000000009 0.8890625 0.1031250000000001 0.9640625 0.14531250000000012 0.9640625
0 0.2156250000000001 0.83125 0.17343750000000008 0.83125 0.1734375000000001 0.909375 0.2156250000000001 0.909375
0 0.21093750000000008 0.9765625 0.17500000000000013 0.9765625 0.17500000000000013 1 0.21093750000000008 1
0 0.41875 0.5765625 0.3968750000000001 0.5765625 0.3968750000000001 0.6234375 0.41875 0.6234375
0 0.3734375000000001 0.584375 0.3187500000000001 0.584375 0.3187500000000001 0.6328125 0.3734375000000001 0.6328125
0 0.3843750000000001 0.6328125 0.3359375000000001 0.6328125 0.3359375000000001 0.6765625 0.3843750000000001 0.6765625
2 0.6734375000000001 0.9671875 0.6062500000000002 0.9671875 0.6062500000000002 1 0.6734375000000001 1
2 0.996875 0.81875 0.9046875 0.81875 0.9046875 0.8703125 0.996875 0.8703125
0 0.5781250000000002 0.7921875 0.5359375000000002 0.7921875 0.5359375000000002 0.853125 0.5781250000000002 0.853125
0 0.6218750000000001 0.7203125 0.59375 0.7203125 0.5937500000000001 0.775 0.6218750000000002 0.775
0 0.6734375000000001 0.81875 0.6406250000000002 0.81875 0.6406250000000002 0.8796875 0.6734375000000001 0.8796875
0 0.6687500000000002 0.9125 0.6390625000000002 0.9125 0.6390625000000002 0.978125 0.6687500000000002 0.978125
0 0.4546875000000002 0.9859375 0.4187500000000002 0.9859375 0.4187500000000002 1 0.4546875000000002 1
0 0.5796875 0.60625 0.55 0.60625 0.55 0.66875 0.5796875 0.66875
0 0.5609375 0.459375 0.528125 0.459375 0.528125 0.5109375 0.5609375 0.5109375
0 0.6421875000000001 0.6921875 0.6140625 0.6921875 0.6140625000000001 0.7578125 0.6421875000000001 0.7578125
0 0.6703125000000001 0.6953125 0.6390625 0.6953125 0.6390625000000001 0.7609375 0.6703125000000002 0.7609375
3 0.5093750000000001 0.96875 0.4656250000000002 0.96875 0.4656250000000002 1 0.5093750000000001 1
0 0.8484375 0.821875 0.8140625 0.821875 0.8140625 0.8546875 0.8484375 0.8546875
0 0.8484375 0.7875000000000002 0.809375 0.7875000000000002 0.809375 0.8171875 0.8484375 0.8171875
0 0.8859375 0.7750000000000001 0.8484375 0.7750000000000001 0.8484375 0.8109375 0.8859375 0.8109375
0 0.9296875 0.7671875000000001 0.8921875 0.7671875000000001 0.8921875 0.7953125000000002 0.9296875 0.7953125000000002
0 0.9703125 0.7562500000000002 0.9296875 0.7562500000000002 0.9296875 0.7906250000000001 0.9703125 0.7906250000000001
0 0.859375 0.8546875 0.821875 0.8546875 0.821875 0.8890625 0.859375 0.8890625
0 0.9015625 0.8484375 0.8625 0.8484375 0.8625 0.8796875 0.9015625 0.8796875
0 0.88125 0.921875 0.8390625 0.921875 0.8390625 0.9609375 0.88125 0.9609375
0 0.9703125 0.7906250000000001 0.93125 0.7906250000000001 0.93125 0.821875 0.9703125 0.821875
0 0.928125 0.8015625 0.8890625 0.8015625 0.8890625 0.8328125 0.928125 0.8328125
0 0.890625 0.809375 0.8515625 0.809375 0.8515625 0.8421875 0.890625 0.8421875
0 1 0.7750000000000001 0.9703125 0.7750000000000001 0.9703125 0.809375 1 0.809375