0 0.428125 0.13593750000000004 0.3828125 0.13593750000000004 0.3828125 0.19843750000000004 0.428125 0.19843750000000004
0 0.384375 0.32343750000000004 0.35 0.3234375 0.35000000000000003 0.4015625 0.3843750000000001 0.4015625
0 0.08281250000000001 0.090625 0.031250000000000014 0.090625 0.031250000000000014 0.140625 0.08281250000000002 0.140625
2 0.45 0.23437500000000008 0.39375 0.23437500000000008 0.39375000000000004 0.3703125000000001 0.45 0.3703125000000001
0 0.7890625 0.1296875000000001 0.7421875 0.1296875000000001 0.7421875 0.2062500000000001 0.7890625 0.2062500000000001
0 0.503125 0.3078125000000001 0.4609375 0.3078125000000001 0.4609375 0.3734375000000001 0.503125 0.3734375000000001
2 0.45 0.4890625 0.3843750000000001 0.4890625 0.3843750000000001 0.5234375 0.45 0.5234375
2 0.3734375000000001 0.50625 0.20468750000000008 0.50625 0.20468750000000008 0.578125 0.3734375000000001 0.578125
0 0.45000000000000007 0.696875 0.4375 0.696875 0.4375000000000001 0.74375 0.4500000000000002 0.74375
0 0.428125 0.590625 0.3921875000000001 0.590625 0.3921875000000001 0.61875 0.428125 0.61875
0 0.33281250000000007 0.59375 0.30156250000000007 0.59375 0.30156250000000007 0.6234375 0.33281250000000007 0.6234375
0 0.2593750000000001 0.6359375 0.22656250000000008 0.6359375 0.22656250000000008 0.6671875 0.2593750000000001 0.6671875
0 0.046875000000000076 0.5953125 0.015625000000000073 0.5953125 0.015625000000000076 0.6234375 0.046875000000000076 0.6234375
0 0.11718750000000008 0.5859375 0.08281250000000007 0.5859375 0.08281250000000007 0.6140625 0.11718750000000008 0.6140625
0 0.10937500000000008 0.6265625 0.07656250000000006 0.6265625 0.07656250000000007 0.653125 0.10937500000000008 0.653125
0 0.971875 0.6609375000000002 0.9484375 0.6609375000000002 0.9484375 0.6984375000000002 0.971875 0.6984375000000002
0 0.5421875000000002 0.7265625 0.5140625000000002 0.7265625 0.5140625000000002 0.76875 0.5421875000000002 0.76875
0 0.5171875000000001 0.7828125 0.4890625000000002 0.7828125 0.4890625000000002 0.8296875 0.5171875000000001 0.8296875
0 0.5312500000000002 0.784375 0.5140625000000002 0.784375 0.5140625000000002 0.81875 0.5312500000000002 0.81875
0 0.7718750000000002 0.7734375000000002 0.7484375000000002 0.7734375000000002 0.7484375000000002 0.8140625 0.7718750000000002 0.8140625
0 0.7515625000000001 0.7765625000000002 0.7281250000000001 0.7765625000000002 0.7281250000000001 0.8171875 0.7515625000000001 0.8171875
0 0.7250000000000002 0.78125 0.7031250000000002 0.78125 0.7031250000000002 0.8234375 0.7250000000000002 0.8234375
0 0.7015625000000002 0.8 0.6734375000000001 0.8 0.6734375000000001 0.8359375 0.7015625000000002 0.8359375
0 0.6734375000000001 0.803125 0.6484375000000002 0.803125 0.6484375000000002 0.84375 0.6734375000000001 0.84375
0 0.6515625000000002 0.8109375 0.6281250000000002 0.8109375 0.6281250000000002 0.85 0.6515625000000002 0.85
0 0.6281250000000002 0.8125 0.6031250000000001 0.8125 0.6031250000000001 0.853125 0.6281250000000002 0.853125
0 0.5250000000000001 0.8375 0.5000000000000002 0.8375 0.5000000000000002 0.878125 0.5250000000000001 0.878125
0 0.5000000000000002 0.846875 0.47968750000000016 0.846875 0.47968750000000016 0.88125 0.5000000000000002 0.88125
0 0.471875 0.5046875 0.45 0.5046875 0.45 0.5421875 0.471875 0.5421875
0 0.4953125 0.496875 0.4734375 0.496875 0.4734375 0.5359375 0.4953125 0.5359375
0 0.5234375 0.4921875 0.4953125 0.4921875 0.4953125 0.534375 0.5234375 0.534375
0 0.546875 0.4890625 0.525 0.4890625 0.525 0.525 0.546875 0.525
0 0.5765625 0.4890625 0.55 0.4890625 0.55 0.51875 0.5765625 0.51875
0 0.640625 0.4890625 0.6171875 0.4890625 0.6171875 0.503125 0.640625 0.503125
0 0.7078125000000001 0.690625 0.684375 0.690625 0.6843750000000001 0.734375 0.7078125000000002 0.734375