2 0.409375 4.678533474867622e-17 0.3546875 4.343669115725768e-17 0.3546875 0.11562500000000005 0.409375 0.11562500000000005
0 0.409375 0.2406250000000001 0.3796875 0.2406250000000001 0.3796875 0.3203125000000001 0.409375 0.3203125000000001
0 0.36875 0.18750000000000006 0.334375 0.18750000000000006 0.334375 0.26562500000000006 0.36875 0.2656250000000001
0 0.2890625 0.253125 0.240625 0.253125 0.240625 0.3296875 0.2890625 0.3296875
0 0.0765625 0.023437500000000007 0.028125 0.023437500000000007 0.028125000000000004 0.0625 0.0765625 0.0625
0 0.1375 0.1765625 0.08906250000000002 0.1765625 0.08906250000000002 0.2140625 0.13750000000000004 0.2140625
0 0.1578125 0.04218750000000002 0.1125 0.04218750000000001 0.1125 0.08281250000000002 0.1578125 0.08281250000000002
0 0.2234375 0.059375000000000025 0.178125 0.059375000000000025 0.178125 0.09843750000000002 0.2234375 0.09843750000000002
0 0.340625 0.007812500000000038 0.3 0.007812500000000036 0.3 0.05312500000000005 0.340625 0.05312500000000005
3 0.221875 0.018750000000000024 0.1765625 0.018750000000000024 0.1765625 0.059375000000000025 0.221875 0.059375000000000025
0 0.621875 7.319178135529103e-17 0.5734375 7.022583988860603e-17 0.5734375 0.014062500000000075 0.621875 0.014062500000000078
0 0.5921875 0.010937500000000069 0.5421875 0.010937500000000067 0.5421875 0.050000000000000065 0.5921875 0.050000000000000065
0 0.5953125 0.06562500000000007 0.5515625 0.06562500000000007 0.5515625 0.10312500000000009 0.5953125 0.10312500000000009
0 0.1312500000000001 0.6640625 0.0906250000000001 0.6640625 0.0906250000000001 0.7140625 0.1312500000000001 0.7140625
0 0.3218750000000001 0.715625 0.2921875000000001 0.715625 0.2921875000000001 0.80625 0.3218750000000001 0.80625
0 0.2328125000000001 0.4453125 0.19375000000000003 0.4453125 0.19375000000000003 0.4921875 0.2328125000000001 0.4921875
0 0.18593750000000003 0.41875 0.14687500000000003 0.41875 0.14687500000000003 0.440625 0.18593750000000003 0.440625
0 0.22031250000000008 0.41875 0.18906250000000005 0.41875 0.18906250000000005 0.4359375 0.22031250000000008 0.4359375
0 0.2609375000000001 0.41875 0.2234375000000001 0.41875 0.2234375000000001 0.4390625 0.2609375000000001 0.4390625
0 0.06875000000000006 0.4484375 0.031250000000000056 0.4484375 0.03125000000000006 0.5 0.06875000000000006 0.5
0 0.16406250000000006 0.4984375 0.12656250000000005 0.4984375 0.12656250000000008 0.5484375 0.16406250000000008 0.5484375
0 0.057812500000000044 0.41875 0.02187500000000005 0.41875 0.021875000000000054 0.440625 0.057812500000000044 0.440625
0 0.2015625000000001 0.7921875 0.1625000000000001 0.7921875 0.1625000000000001 0.8421875 0.2015625000000001 0.8421875
0 0.16562500000000008 0.7875 0.1296875000000001 0.7875 0.1296875000000001 0.83125 0.16562500000000008 0.83125
0 0.1062500000000001 0.7703125 0.07343750000000009 0.7703125 0.07343750000000009 0.8140625 0.1062500000000001 0.8140625
0 0.07187500000000009 0.76875 0.03750000000000009 0.76875 0.037500000000000096 0.8125 0.07187500000000009 0.8125
0 0.03437500000000009 0.7640625 9.357066949735246e-17 0.7640625 9.672796202640423e-17 0.815625 0.0343750000000001 0.815625
3 0.17968750000000008 0.5578125 0.1359375000000001 0.5578125 0.1359375000000001 0.621875 0.17968750000000008 0.621875
0 0.5500000000000002 0.9875 0.5046875000000002 0.9875 0.5046875000000002 1 0.5500000000000002 1
0 0.7843750000000002 0.7375000000000002 0.7609375000000002 0.7375000000000002 0.7609375000000002 0.7875000000000002 0.7843750000000002 0.7875000000000002
0 0.8015625 0.4968750000000002 0.775 0.4968750000000002 0.775 0.5500000000000002 0.8015625 0.5500000000000002
0 0.81875 0.6750000000000002 0.7921875 0.6750000000000002 0.7921875 0.7359375000000001 0.81875 0.7359375000000001
0 0.8421875 0.6875000000000002 0.81875 0.6875000000000002 0.81875 0.7375000000000002 0.8421875 0.7375000000000002
0 0.8625 0.7031250000000002 0.8375 0.7031250000000002 0.8375 0.7609375000000002 0.8625 0.7609375000000002
0 0.86875 0.6390625000000002 0.8421875 0.6390625000000002 0.8421875 0.6937500000000002 0.86875 0.6937500000000002
0 0.85 0.6125000000000002 0.821875 0.6125000000000002 0.821875 0.6718750000000002 0.85 0.6718750000000002
0 0.828125 0.5984375000000002 0.8046875 0.5984375000000002 0.8046875 0.6531250000000002 0.828125 0.6531250000000002
0 0.8390625 0.5265625000000002 0.8125 0.5265625000000002 0.8125 0.5875000000000001 0.8390625 0.5875000000000001
0 0.8765625 0.5656250000000002 0.85 0.5656250000000002 0.85 0.6250000000000002 0.8765625 0.6250000000000002
0 0.88125 0.5031250000000002 0.85625 0.5031250000000002 0.85625 0.5593750000000002 0.88125 0.5593750000000002
0 0.8625 0.4781250000000002 0.8390625 0.4781250000000002 0.8390625 0.5265625000000002 0.8625 0.5265625000000002
0 0.8859375 0.4437500000000002 0.8609375 0.4437500000000002 0.8609375 0.4968750000000002 0.8859375 0.4968750000000002
0 0.865625 0.4203125000000002 0.84375 0.4203125000000002 0.84375 0.4656250000000002 0.865625 0.4656250000000002
0 0.8546875 0.5312500000000002 0.8328125 0.5312500000000002 0.8328125 0.5828125000000002 0.8546875 0.5828125000000002
0 0.8921875 0.4187500000000002 0.86875 0.4187500000000002 0.86875 0.42968750000000017 0.8921875 0.42968750000000017
3 0.9296875 0.4187500000000002 0.8875 0.4187500000000002 0.8875 0.46406250000000016 0.9296875 0.46406250000000016