2 0.521875 0.3359375000000001 0.4609375 0.3359375000000001 0.4609375 0.521875 0.521875 0.521875
2 0.4046875 0.6296875 0.2296875000000001 0.6296875 0.2296875000000001 0.6796875 0.4046875 0.6796875
0 0.5546875 0.5984375 0.5171875 0.5984375 0.5171875 0.6796875 0.5546875 0.6796875
0 0.3671875 4.2766962438973974e-17 0.33125 4.0566425221756075e-17 0.33125 0.05625000000000004 0.3671875 0.05625000000000004
0 0.565625 0.3437500000000001 0.5234375 0.3437500000000001 0.5234375 0.3937500000000001 0.565625 0.3937500000000001
0 0.11562500000000006 0.50625 0.06562500000000007 0.50625 0.06562500000000007 0.5453125 0.11562500000000009 0.5453125
0 0.959375 0.035937500000000115 0.93125 0.03593750000000011 0.93125 0.10156250000000014 0.959375 0.10156250000000014
0 0.9734375 1.174895522931992e-16 0.9453125 1.1576739273189822e-16 0.9453125 0.06093750000000011 0.9734375 0.06093750000000011
0 1 1.212208980093513e-16 0.9796875 1.1997711610396726e-16 0.9796875 0.02343750000000012 1 0.02343750000000012
0 1 0.16406250000000014 0.9796875 0.16406250000000014 0.9796875 0.23437500000000008 1 0.23437500000000008
0 1 0.2843750000000001 0.9796875 0.2843750000000001 0.9796875 0.35625000000000007 1 0.35625000000000007
0 0.84375 0.3734375000000001 0.7984375 0.3734375000000001 0.7984375 0.4187500000000002 0.84375 0.4187500000000002
0 0.853125 0.4203125000000002 0.809375 0.4203125000000002 0.809375 0.4625000000000002 0.853125 0.4625000000000002
0 0.978125 0.43281250000000016 0.9359375 0.43281250000000016 0.9359375 0.4781250000000002 0.978125 0.4781250000000002
3 0.8109375 0.4468750000000002 0.74375 0.4468750000000002 0.74375 0.5046875000000002 0.8109375 0.5046875000000002
0 0.3281250000000001 0.9046875 0.2843750000000001 0.9046875 0.2843750000000001 0.9640625 0.3281250000000001 0.9640625
0 0.2796875000000001 0.9 0.2453125000000001 0.9 0.2453125000000001 0.946875 0.2796875000000001 0.946875
0 0.2000000000000001 0.9609375 0.16093750000000012 0.9609375 0.16093750000000012 1 0.2000000000000001 1
0 0.2406250000000001 0.9015625 0.20468750000000008 0.9015625 0.20468750000000008 0.9453125 0.2406250000000001 0.9453125
0 0.2062500000000001 0.9015625 0.1750000000000001 0.9015625 0.1750000000000001 0.946875 0.2062500000000001 0.946875
0 0.17812500000000012 0.9046875 0.14062500000000008 0.9046875 0.1406250000000001 0.95 0.17812500000000014 0.95
0 0.13125000000000012 0.9015625 0.09375000000000011 0.9015625 0.09375000000000011 0.9484375 0.13125000000000014 0.9484375
0 0.4578125000000002 0.753125 0.4265625000000002 0.753125 0.4265625000000002 0.84375 0.4578125000000002 0.84375
0 0.4406250000000001 0.6796875 0.4109375 0.6796875 0.41093750000000007 0.740625 0.44062500000000016 0.740625
0 0.3937500000000001 0.7125 0.3625000000000001 0.7125 0.3625000000000001 0.809375 0.3937500000000001 0.809375
0 0.6921875000000002 0.921875 0.6312500000000002 0.921875 0.6312500000000002 1 0.6921875000000002 1
0 0.6265625000000001 0.8359375 0.5890625000000002 0.8359375 0.5890625000000002 0.9125 0.6265625000000001 0.9125
0 0.6375000000000001 0.7015625 0.5890625 0.7015625 0.5890625 0.775 0.6375000000000002 0.775
0 0.6375000000000002 0.9671875 0.6000000000000002 0.9671875 0.6000000000000002 1 0.6375000000000002 1
0 0.9453125 0.7046875000000001 0.884375 0.7046875000000001 0.884375 0.7484375000000002 0.9453125 0.7484375000000002
0 1 0.6796875000000002 0.9859375 0.6796875000000002 0.9859375 0.7218750000000002 1 0.7218750000000002