0 0.3546875000000001 0.4859375 0.3140625000000001 0.4859375 0.3140625000000001 0.51875 0.3546875000000001 0.51875
0 0.3031250000000001 0.675 0.2593750000000001 0.675 0.2593750000000001 0.7078125 0.3031250000000001 0.7078125
2 0.640625 0.5390625 0.534375 0.5390625 0.534375 0.63125 0.640625 0.63125
2 0.771875 0.6046875 0.6625 0.6046875 0.6625 0.7015625000000001 0.771875 0.7015625000000002
0 0.846875 0.5406250000000001 0.8046875 0.5406250000000001 0.8046875 0.5718750000000001 0.846875 0.5718750000000001
0 0.746875 0.5484375000000001 0.703125 0.5484375 0.703125 0.5781250000000001 0.746875 0.5781250000000002
0 0.6953125 0.490625 0.6515625 0.490625 0.6515625 0.5234375 0.6953125 0.5234375
0 0.95625 0.5375000000000002 0.9140625 0.5375000000000002 0.9140625 0.5656250000000002 0.95625 0.5656250000000002
0 0.9984375 0.4828125000000002 0.9625 0.4828125000000002 0.9625 0.5171875000000001 0.9984375 0.5171875000000001
2 0.59375 0.056250000000000064 0.5609375 0.056250000000000064 0.5609375 0.2500000000000001 0.59375 0.2500000000000001
3 0.4890625 0.10156250000000004 0.4671875 0.10156250000000004 0.4671875 0.17500000000000004 0.4890625 0.17500000000000004