0 0.553125 0.16250000000000006 0.515625 0.16250000000000003 0.515625 0.19062500000000007 0.553125 0.1906250000000001
0 0.478125 0.17656250000000004 0.4375 0.17656250000000004 0.4375 0.2078125000000001 0.478125 0.2078125000000001
0 0.5234375 0.2000000000000001 0.4859375 0.2000000000000001 0.4859375 0.2328125000000001 0.5234375 0.2328125000000001
0 0.38125 0.22812500000000005 0.3453125 0.228125 0.3453125 0.259375 0.38125 0.2593750000000001
0 0.403125 0.19062500000000004 0.365625 0.19062500000000004 0.365625 0.2218750000000001 0.403125 0.2218750000000001
0 0.31875 0.203125 0.2828125 0.203125 0.2828125 0.2328125 0.31875 0.2328125
0 0.3421875 0.06562500000000004 0.3078125 0.06562500000000004 0.3078125 0.09531250000000005 0.3421875 0.09531250000000005
0 0.1828125 0.029687500000000023 0.146875 0.029687500000000023 0.146875 0.06093750000000002 0.1828125 0.06093750000000002
0 0.20625 0.08593750000000003 0.1734375 0.08593750000000003 0.1734375 0.12812500000000002 0.20625 0.12812500000000004
3 0.2171875 0.06250000000000003 0.1796875 0.06250000000000003 0.1796875 0.09687500000000002 0.2171875 0.09687500000000002
3 0.16250000000000003 0.19375 0.12031250000000004 0.19375 0.12031250000000004 0.234375 0.16250000000000003 0.234375
2 0.16875 0.121875 0.06250000000000003 0.121875 0.06250000000000003 0.18125 0.16875 0.18125
0 0.2375 0.20625 0.20625 0.20625 0.20625 0.234375 0.2375 0.234375
0 0.3125 0.2890625 0.275 0.2890625 0.275 0.34375 0.3125 0.34375
0 0.23125000000000004 0.3375 0.203125 0.3375 0.20312500000000006 0.39375 0.2312500000000001 0.39375
0 0.19531250000000006 0.2734375 0.16250000000000003 0.2734375 0.16250000000000003 0.3203125 0.19531250000000006 0.3203125
0 0.3156250000000001 0.421875 0.28593750000000007 0.421875 0.28593750000000007 0.4875 0.3156250000000001 0.4875
0 0.27031250000000007 0.4078125 0.2468750000000001 0.4078125 0.2468750000000001 0.4578125 0.27031250000000007 0.4578125
0 0.2875000000000001 0.496875 0.26250000000000007 0.496875 0.26250000000000007 0.5578125 0.2875000000000001 0.5578125
0 0.2984375000000001 0.5734375 0.2718750000000001 0.5734375 0.2718750000000001 0.6296875 0.2984375000000001 0.6296875
0 0.8828125 0.1453125000000001 0.8296875 0.1453125000000001 0.8296875 0.1906250000000001 0.8828125 0.1906250000000001
0 0.8203125 0.1546875000000001 0.771875 0.1546875000000001 0.771875 0.19687500000000008 0.8203125 0.19687500000000008
0 0.759375 0.1671875000000001 0.709375 0.1671875000000001 0.709375 0.21093750000000008 0.759375 0.21093750000000008
0 0.73125 0.2656250000000001 0.709375 0.2656250000000001 0.709375 0.30156250000000007 0.73125 0.30156250000000007
2 0.859375 0.23437500000000008 0.7421875 0.23437500000000008 0.7421875 0.2984375000000001 0.859375 0.2984375000000001
0 0.828125 0.19687500000000008 0.78125 0.19687500000000008 0.78125 0.23437500000000008 0.828125 0.23437500000000008
0 0.8875 0.19531250000000008 0.8375 0.19531250000000008 0.8375 0.2375000000000001 0.8875 0.2375000000000001
0 0.775 0.2093750000000001 0.7265625 0.2093750000000001 0.7265625 0.2500000000000001 0.775 0.2500000000000001
0 0.721875 0.2171875000000001 0.709375 0.2171875000000001 0.709375 0.25468750000000007 0.721875 0.25468750000000007
0 0.4734375 0.659375 0.4453125 0.659375 0.4453125 0.7109375 0.4734375 0.7109375
0 0.2250000000000001 0.6890625 0.19531250000000008 0.6890625 0.19531250000000008 0.7328125 0.2250000000000001 0.7328125
0 0.1546875000000001 0.7578125 0.12500000000000008 0.7578125 0.12500000000000008 0.8015625 0.1546875000000001 0.8015625
0 0.1687500000000001 0.7578125 0.15000000000000008 0.7578125 0.15000000000000008 0.7921875 0.1687500000000001 0.7921875
0 0.2000000000000001 0.796875 0.1765625000000001 0.796875 0.1765625000000001 0.8375 0.2000000000000001 0.8375
0 0.17968750000000008 0.803125 0.1546875000000001 0.803125 0.1546875000000001 0.840625 0.17968750000000008 0.840625
0 0.1546875000000001 0.8078125 0.1312500000000001 0.8078125 0.1312500000000001 0.85 0.1546875000000001 0.85
0 0.1281250000000001 0.8140625 0.10000000000000009 0.8140625 0.10000000000000009 0.8546875 0.1281250000000001 0.8546875
0 0.10156250000000008 0.825 0.07500000000000011 0.825 0.07500000000000011 0.8640625 0.10156250000000008 0.8640625
0 0.0796875000000001 0.8328125 0.05625000000000011 0.8328125 0.05625000000000011 0.8734375 0.0796875000000001 0.8734375
0 0.3453125000000001 0.66875 0.3218750000000001 0.66875 0.3218750000000001 0.709375 0.3453125000000001 0.709375
0 0.8890625 0.86875 0.846875 0.86875 0.846875 0.9453125 0.8890625 0.9453125