0 0.1453125000000001 0.565625 0.10000000000000009 0.565625 0.10000000000000009 0.6015625 0.1453125000000001 0.6015625
0 0.1531250000000001 0.6109375 0.10781250000000009 0.6109375 0.10781250000000009 0.65 0.1531250000000001 0.65
0 0.440625 0.59375 0.4125 0.59375 0.4125 0.6703125 0.440625 0.6703125
0 0.528125 0.6390625 0.490625 0.6390625 0.490625 0.7 0.528125 0.7
0 0.37187500000000007 0.34375000000000006 0.3484375 0.34375 0.34843750000000007 0.415625 0.37187500000000007 0.415625
0 0.3359375 0.13125000000000003 0.309375 0.13125000000000003 0.309375 0.20625 0.3359375 0.20625
0 0.303125 0.021875000000000037 0.275 0.021875000000000033 0.275 0.09843750000000004 0.303125 0.09843750000000004
0 0.33125 0.001562500000000039 0.3046875 0.0015625000000000374 0.3046875 0.07343750000000004 0.33125 0.07343750000000004
0 0.6125 0.5703125 0.5625 0.5703125 0.5625 0.615625 0.6125 0.615625
0 0.6140625 0.4 0.565625 0.4 0.565625 0.4421875 0.6140625 0.4421875
0 0.6203125 0.45 0.5703125 0.45 0.5703125 0.4890625 0.6203125 0.4890625
0 0.6734375 0.4359375 0.6296875 0.4359375 0.6296875 0.4703125 0.6734375 0.4703125
0 0.671875 0.3937500000000001 0.6265625 0.3937500000000001 0.6265625 0.4296875 0.671875 0.4296875
0 0.709375 0.3890625000000001 0.6875 0.3890625000000001 0.6875 0.4265625 0.709375 0.4265625
0 0.709375 0.43125 0.6828125 0.43125 0.6828125 0.4703125 0.709375 0.4703125
0 0.9515625 0.40156250000000016 0.8921875 0.40156250000000016 0.8921875 0.4578125000000002 0.9515625 0.4578125000000002
0 0.890625 0.44531250000000017 0.8328125 0.44531250000000017 0.8328125 0.5015625000000001 0.890625 0.5015625000000001
0 0.803125 0.003125000000000095 0.753125 0.0031250000000000917 0.753125 0.07656250000000009 0.803125 0.07656250000000009
0 0.8015625 0.0984375000000001 0.75 0.0984375000000001 0.75 0.1765625000000001 0.8015625 0.1765625000000001
0 0.7453125 0.004687500000000089 0.709375 0.004687500000000087 0.709375 0.07812500000000008 0.7453125 0.07812500000000008
0 0.7484375 0.1390625000000001 0.7140625 0.1390625000000001 0.7140625 0.1859375000000001 0.7484375 0.1859375000000001
0 0.9234375 0.48437500000000017 0.85625 0.48437500000000017 0.85625 0.5421875000000002 0.9234375 0.5421875000000002
2 0.06718750000000012 0.9390625 1.1500198848243113e-16 0.9390625 1.1873333419858324e-16 1 0.06718750000000014 1
0 0.14687500000000014 0.9453125 0.10000000000000013 0.9453125 0.10000000000000013 0.9828125 0.14687500000000014 0.9828125
0 0.8296875 0.95 0.7953125000000002 0.95 0.7953125000000002 0.9953125 0.8296875 0.9953125
0 0.8953125 0.896875 0.8609375 0.896875 0.8609375 0.9453125 0.8953125 0.9453125
0 0.8546875 0.89375 0.825 0.89375 0.825 0.9375 0.8546875 0.9375
0 0.81875 0.8875 0.7843750000000002 0.8875 0.7843750000000002 0.9375 0.81875 0.9375
0 0.95625 0.9640625 0.925 0.9640625 0.925 1 0.95625 1
0 1 0.9140625 0.9859375 0.9140625 0.9859375 0.959375 1 0.959375