0 0.2156250000000001 0.4984375 0.16875000000000004 0.4984375 0.16875000000000004 0.509375 0.2156250000000001 0.509375
0 0.15156250000000004 0.4953125 0.11093750000000005 0.4953125 0.11093750000000005 0.509375 0.15156250000000004 0.509375
3 0.06718750000000007 0.4921875 0.014062500000000061 0.4921875 0.014062500000000061 0.509375 0.06718750000000007 0.509375
3 0.22031250000000008 0.4140625 0.16718750000000004 0.4140625 0.16718750000000004 0.4515625 0.22031250000000008 0.4515625
0 0.3234375000000001 0.3640625 0.2828125000000001 0.3640625 0.2828125000000001 0.4078125 0.3234375000000001 0.4078125
0 0.55 0.35625000000000007 0.53125 0.35625000000000007 0.53125 0.415625 0.55 0.415625
0 0.5109375 0.3312500000000001 0.4921875 0.3312500000000001 0.4921875 0.40625 0.5109375 0.40625
0 0.4203125 0.2609375000000001 0.3828125 0.2609375000000001 0.3828125 0.3359375000000001 0.4203125 0.3359375000000001
0 0.45 0.14531250000000004 0.428125 0.14531250000000004 0.428125 0.2140625000000001 0.45 0.2140625000000001
0 0.471875 5.644856339819831e-17 0.45 5.5109105961630896e-17 0.45 0.025000000000000057 0.471875 0.025000000000000057
0 0.7125 0.471875 0.659375 0.471875 0.659375 0.509375 0.7125 0.509375
0 0.88125 0.0031250000000001047 0.825 0.0031250000000001012 0.825 0.03593750000000011 0.88125 0.03593750000000011
0 0.9765625 1.1634144591899854e-16 0.9234375 1.130884778587634e-16 0.9234375 0.03125000000000012 0.9765625 0.031250000000000125
0 0.6796875 0.4453125 0.65 0.4453125 0.65 0.496875 0.6796875 0.496875
0 0.890625 0.42968750000000017 0.83125 0.42968750000000017 0.83125 0.48437500000000017 0.890625 0.48437500000000017
0 0.3437500000000001 0.6390625 0.2906250000000001 0.6390625 0.2906250000000001 0.690625 0.3437500000000001 0.690625
0 0.1468750000000001 0.7046875 0.0906250000000001 0.7046875 0.0906250000000001 0.7546875 0.1468750000000001 0.7546875
0 0.10000000000000009 0.7765625 0.0437500000000001 0.7765625 0.0437500000000001 0.8234375 0.10000000000000009 0.8234375
0 0.65 0.509375 0.6046875 0.509375 0.6046875 0.5578125 0.65 0.5578125
0 0.5046875000000002 0.8875 0.4515625000000002 0.8875 0.4515625000000002 0.95 0.5046875000000002 0.95
0 0.5531250000000002 0.934375 0.4968750000000002 0.934375 0.4968750000000002 1 0.5531250000000002 1
0 0.5984375000000002 0.9828125 0.5390625000000002 0.9828125 0.5390625000000002 1 0.5984375000000002 1
0 0.7671875 0.6515625000000002 0.7328125 0.6515625000000002 0.7328125 0.7015625000000002 0.7671875 0.7015625000000002
0 0.7234375 0.63125 0.6953125 0.63125 0.6953125 0.68125 0.7234375 0.68125
0 0.684375 0.625 0.65625 0.625 0.65625 0.6703125 0.684375 0.6703125
0 0.9171875 0.5203125000000002 0.903125 0.5203125000000002 0.903125 0.6140625000000002 0.9171875 0.6140625000000002
0 0.859375 0.5093750000000001 0.846875 0.5093750000000001 0.846875 0.5671875000000002 0.859375 0.5671875000000002
0 0.9609375 0.8671875 0.9296875 0.8671875 0.9296875 0.9203125 0.9609375 0.9203125