0 0.275 0.29375 0.2375 0.29375 0.2375 0.325 0.275 0.325
0 0.2671875 0.25625 0.23125 0.25625 0.23125 0.2875 0.2671875 0.2875
0 0.18281250000000004 0.2375 0.14843750000000006 0.2375 0.14843750000000006 0.2671875 0.18281250000000004 0.2671875
0 0.06718750000000002 0.2109375 0.03125000000000002 0.2109375 0.03125000000000003 0.2421875 0.06718750000000002 0.2421875
0 0.08281250000000004 0.26875 0.051562500000000025 0.26875 0.05156250000000003 0.3171875 0.08281250000000004 0.3171875
0 0.17343750000000005 0.3375 0.14218750000000005 0.3375 0.14218750000000005 0.390625 0.17343750000000005 0.390625
0 0.11718750000000004 0.4671875 0.09062500000000007 0.4671875 0.09062500000000007 0.5 0.11718750000000004 0.5
0 0.08906250000000007 0.45625 0.06250000000000007 0.45625 0.06250000000000007 0.5 0.08906250000000007 0.5
2 0.11093750000000002 0.1234375 0.006250000000000014 0.1234375 0.006250000000000018 0.184375 0.11093750000000005 0.184375
0 0.8796875 0.2484375000000001 0.84375 0.2484375000000001 0.84375 0.35625000000000007 0.8796875 0.35625000000000007
0 0.859375 0.13281250000000008 0.8109375 0.13281250000000008 0.8109375 0.2375000000000001 0.859375 0.2375000000000001
0 0.95 0.4593750000000002 0.9171875 0.4593750000000002 0.9171875 0.5000000000000002 0.95 0.5000000000000002
0 0.7875 0.20312500000000008 0.7484375 0.20312500000000008 0.7484375 0.2484375000000001 0.7875 0.2484375000000001
0 0.753125 0.1937500000000001 0.7140625 0.1937500000000001 0.7140625 0.2390625000000001 0.753125 0.2390625000000001
0 0.690625 0.17968750000000008 0.6578125 0.17968750000000008 0.6578125 0.21875000000000008 0.690625 0.21875000000000008
0 0.6578125 0.1750000000000001 0.6234375 0.1750000000000001 0.6234375 0.21875000000000008 0.6578125 0.21875000000000008
0 0.6203125 0.1750000000000001 0.5859375 0.1750000000000001 0.5859375 0.2218750000000001 0.6203125 0.2218750000000001
0 0.58125 0.17812500000000006 0.540625 0.17812500000000003 0.540625 0.22812500000000008 0.58125 0.22812500000000008
0 0.54375 0.17656250000000004 0.509375 0.17656250000000004 0.509375 0.22656250000000008 0.54375 0.22656250000000008
0 0.5 0.17968750000000006 0.465625 0.17968750000000006 0.465625 0.2234375000000001 0.5 0.2234375000000001
0 0.4703125 0.17187500000000006 0.4421875 0.17187500000000006 0.4421875 0.2218750000000001 0.4703125 0.2218750000000001
3 0.5890625 6.936476010795555e-17 0.54375 6.659016970363734e-17 0.54375 0.042187500000000065 0.5890625 0.042187500000000065
0 0.2156250000000001 0.7609375 0.16406250000000008 0.7609375 0.16406250000000008 0.803125 0.2156250000000001 0.803125
0 1 0.6375000000000002 0.978125 0.6375000000000002 0.978125 0.6875000000000002 1 0.6875000000000002
0 0.928125 0.5718750000000001 0.9015625 0.5718750000000001 0.9015625 0.6250000000000002 0.928125 0.6250000000000002
0 0.7953125000000001 0.7140625000000002 0.7546875 0.7140625000000002 0.7546875000000001 0.7546875000000002 0.7953125000000002 0.7546875000000002
0 0.7203125000000001 0.7234375 0.684375 0.7234375 0.6843750000000001 0.75625 0.7203125000000001 0.75625
0 1 0.853125 0.9734375 0.853125 0.9734375 0.884375 1 0.884375
0 0.715625 0.6796875 0.6796875 0.6796875 0.6796875 0.7125 0.715625 0.7125
0 0.6796875 0.6703125 0.6390625 0.6703125 0.6390625 0.70625 0.6796875 0.70625
0 0.7234375 0.646875 0.6890625 0.646875 0.6890625 0.6765625 0.7234375 0.6765625
0 0.6859375 0.6328125 0.646875 0.6328125 0.646875 0.66875 0.6859375 0.66875
0 0.646875 0.628125 0.609375 0.628125 0.609375 0.659375 0.646875 0.659375
0 0.6046875 0.61875 0.5640625 0.61875 0.5640625 0.65 0.6046875 0.65
0 0.565625 0.6046875 0.525 0.6046875 0.525 0.6390625 0.565625 0.6390625
0 0.728125 0.6078125000000001 0.690625 0.6078125 0.690625 0.6406250000000001 0.728125 0.6406250000000002
0 0.6875 0.5984375 0.6484375 0.5984375 0.6484375 0.634375 0.6875 0.634375
0 0.646875 0.5921875 0.6046875 0.5921875 0.6046875 0.6265625 0.646875 0.6265625
0 0.60625 0.584375 0.5671875 0.584375 0.5671875 0.615625 0.60625 0.615625
0 0.51875 0.59375 0.4734375 0.59375 0.4734375 0.63125 0.51875 0.63125
0 0.5421875 0.6375 0.5046875 0.6375 0.5046875 0.6703125 0.5421875 0.6703125
0 0.5015625 0.625 0.4609375 0.625 0.4609375 0.6578125 0.5015625 0.6578125
1 0.9890625 0.5000000000000002 0.9375 0.5000000000000002 0.9375 0.5828125000000002 0.9890625 0.5828125000000002
2 0.634375 0.646875 0.540625 0.646875 0.540625 0.6984375 0.634375 0.6984375