0 0.15468750000000003 0.1671875 0.103125 0.1671875 0.10312500000000002 0.21875 0.15468750000000003 0.21875
0 0.2890625 0.19843750000000004 0.234375 0.19843750000000004 0.234375 0.265625 0.2890625 0.265625
0 0.2234375 0.18750000000000003 0.17656250000000004 0.1875 0.17656250000000004 0.234375 0.2234375 0.234375
0 0.25 0.2390625 0.2046875 0.2390625 0.2046875 0.2890625 0.25 0.2890625
0 0.2 0.2203125 0.14531250000000004 0.2203125 0.14531250000000004 0.275 0.2 0.275
0 0.06250000000000004 0.29375 0.009375000000000036 0.29375 0.00937500000000004 0.353125 0.06250000000000004 0.353125
3 0.7015625 0.2718750000000001 0.684375 0.2718750000000001 0.684375 0.3109375000000001 0.7015625 0.3109375000000001
0 0.696875 0.32500000000000007 0.684375 0.32500000000000007 0.684375 0.3500000000000001 0.696875 0.3500000000000001
0 0.6640625 0.1687500000000001 0.653125 0.1687500000000001 0.653125 0.18906250000000008 0.6640625 0.18906250000000008
0 0.65 0.20468750000000008 0.6390625 0.20468750000000008 0.6390625 0.2234375000000001 0.65 0.2234375000000001
0 0.6796875 0.2484375000000001 0.6671875 0.2484375000000001 0.6671875 0.2718750000000001 0.6796875 0.2718750000000001
0 0.14062500000000008 0.6625 0.0984375000000001 0.6625 0.0984375000000001 0.71875 0.14062500000000008 0.71875
0 0.17343750000000008 0.640625 0.1375000000000001 0.640625 0.1375000000000001 0.690625 0.17343750000000008 0.690625
0 0.2093750000000001 0.621875 0.17343750000000008 0.621875 0.17343750000000008 0.671875 0.2093750000000001 0.671875
0 0.2390625000000001 0.6109375 0.20468750000000008 0.6109375 0.20468750000000008 0.6625 0.2390625000000001 0.6625
0 0.2718750000000001 0.60625 0.23437500000000008 0.60625 0.23437500000000008 0.6515625 0.2718750000000001 0.6515625
0 0.3140625000000001 0.5859375 0.2765625000000001 0.5859375 0.2765625000000001 0.6328125 0.3140625000000001 0.6328125
0 0.048437500000000105 0.859375 0.007812500000000106 0.859375 0.00781250000000011 0.9203125 0.04843750000000011 0.9203125
0 0.3390625000000001 0.96875 0.31718750000000007 0.96875 0.31718750000000007 1 0.3390625000000001 1
0 0.3125000000000001 0.9828125 0.2765625000000001 0.9828125 0.2765625000000001 1 0.3125000000000001 1
0 0.8203125 0.6468750000000002 0.759375 0.6468750000000002 0.759375 0.7046875000000001 0.8203125 0.7046875000000001
0 0.996875 0.7046875000000001 0.9328125 0.7046875000000001 0.9328125 0.7656250000000002 0.996875 0.7656250000000002
0 0.5703125 0.503125 0.4953125 0.503125 0.4953125 0.575 0.5703125 0.575
0 0.7828125 0.4890625000000002 0.7265625 0.4890625000000002 0.7265625 0.5328125000000001 0.7828125 0.5328125000000001
0 0.7125000000000001 0.9203125 0.6500000000000001 0.9203125 0.6500000000000001 0.990625 0.7125000000000001 0.990625
0 0.6781250000000002 0.971875 0.6078125000000002 0.971875 0.6078125000000002 1 0.6781250000000002 1
0 0.34843750000000007 0.8234375 0.3390625000000001 0.8234375 0.3390625000000001 0.89375 0.34843750000000007 0.89375