0 0.09375000000000004 0.384375 0.04687500000000004 0.384375 0.04687500000000005 0.4234375 0.09375000000000004 0.4234375
0 0.496875 0.440625 0.46875 0.440625 0.46875 0.4875 0.496875 0.4875
0 0.6 0.4328125 0.56875 0.4328125 0.56875 0.4890625 0.6 0.4890625
0 0.65625 0.4515625 0.6296875 0.4515625 0.6296875 0.4890625 0.65625 0.4890625
0 0.696875 0.4421875 0.665625 0.4421875 0.665625 0.4890625 0.696875 0.4890625
0 0.7171875 0.453125 0.6953125 0.453125 0.6953125 0.4890625 0.7171875 0.4890625
0 0.7484375 0.4484375000000001 0.721875 0.4484375 0.721875 0.48906250000000007 0.7484375 0.4890625000000002
0 0.79375 0.4468750000000002 0.7640625 0.4468750000000002 0.7640625 0.4890625000000002 0.79375 0.4890625000000002
0 0.9296875 0.06718750000000011 0.9109375 0.06718750000000011 0.9109375 0.13437500000000013 0.9296875 0.13437500000000013
0 1 0.12500000000000014 0.9921875 0.12500000000000014 0.9921875 0.20312500000000008 1 0.20312500000000008
0 0.9171875 0.4031250000000002 0.8921875 0.4031250000000002 0.8921875 0.44531250000000017 0.9171875 0.44531250000000017
0 0.8953125 0.40625000000000017 0.875 0.40625000000000017 0.875 0.44843750000000016 0.8953125 0.44843750000000016
0 0.8765625 0.3968750000000001 0.846875 0.3968750000000001 0.846875 0.4500000000000002 0.8765625 0.4500000000000002
0 0.85 0.40937500000000016 0.8234375 0.40937500000000016 0.8234375 0.4515625000000002 0.85 0.4515625000000002
0 0.825 0.4046875000000002 0.8046875 0.4046875000000002 0.8046875 0.4500000000000002 0.825 0.4500000000000002
0 0.803125 0.4078125000000002 0.78125 0.4078125000000002 0.78125 0.44531250000000017 0.803125 0.44531250000000017
0 0.78125 0.4000000000000002 0.753125 0.4000000000000002 0.753125 0.4500000000000002 0.78125 0.4500000000000002
0 0.753125 0.4000000000000002 0.7265625 0.4000000000000002 0.7265625 0.4468750000000002 0.753125 0.4468750000000002
0 0.728125 0.4015625000000001 0.703125 0.4015625 0.703125 0.4484375000000001 0.728125 0.44843750000000016
0 0.7046875 0.4 0.6796875 0.4 0.6796875 0.4484375 0.7046875 0.4484375
0 0.678125 0.4 0.65625 0.4 0.65625 0.446875 0.678125 0.446875
0 0.65625 0.4015625 0.63125 0.4015625 0.63125 0.4453125 0.65625 0.4453125
0 0.6328125 0.4 0.6109375 0.4 0.6109375 0.446875 0.6328125 0.446875
0 0.609375 0.4 0.5859375 0.4 0.5859375 0.4421875 0.609375 0.4421875
2 0.5703125 0.3937500000000001 0.496875 0.3937500000000001 0.496875 0.4890625 0.5703125 0.4890625
0 0.13281250000000006 0.4890625 0.11250000000000004 0.4890625 0.11250000000000004 0.534375 0.13281250000000006 0.534375
0 0.22656250000000008 0.5265625 0.19687500000000005 0.5265625 0.19687500000000008 0.6046875 0.22656250000000008 0.6046875
0 0.3281250000000001 0.7859375 0.30156250000000007 0.7859375 0.30156250000000007 0.83125 0.3281250000000001 0.83125
0 0.2593750000000001 0.784375 0.23437500000000008 0.784375 0.23437500000000008 0.83125 0.2593750000000001 0.83125
0 0.12031250000000009 0.8046875 0.09531250000000009 0.8046875 0.0953125000000001 0.846875 0.12031250000000009 0.846875
0 0.10156250000000008 0.8046875 0.07812500000000008 0.8046875 0.0781250000000001 0.8484375 0.10156250000000008 0.8484375
0 0.0812500000000001 0.7984375 0.05156250000000009 0.7984375 0.0515625000000001 0.8515625 0.08125000000000011 0.8515625
0 0.0531250000000001 0.8109375 0.0265625000000001 0.8109375 0.0265625000000001 0.8515625 0.05312500000000011 0.8515625
0 0.0281250000000001 0.80625 0.0093750000000001 0.80625 0.009375000000000102 0.8484375 0.0281250000000001 0.8484375
0 0.0078125000000001 0.8046875 9.854579711888858e-17 0.8046875 1.0112903646084002e-16 0.846875 0.007812500000000102 0.846875
2 0.3859375000000001 0.653125 0.3296875000000001 0.653125 0.3296875000000001 0.709375 0.3859375000000001 0.709375
0 0.3765625000000001 0.7953125 0.3390625000000001 0.7953125 0.3390625000000001 0.8265625 0.3765625000000001 0.8265625
0 0.4703125000000002 0.7515625 0.4359375000000002 0.7515625 0.4359375000000002 0.78125 0.4703125000000002 0.78125
0 0.5187500000000002 0.771875 0.47968750000000016 0.771875 0.47968750000000016 0.8046875 0.5187500000000002 0.8046875
0 0.5531250000000002 0.7359375 0.5171875000000001 0.7359375 0.5171875000000001 0.765625 0.5531250000000002 0.765625
0 0.5968750000000002 0.771875 0.5578125000000002 0.771875 0.5578125000000002 0.8109375 0.5968750000000002 0.8109375
0 0.6531250000000002 0.84375 0.6265625000000001 0.84375 0.6265625000000001 0.8921875 0.6531250000000002 0.8921875
0 0.6734375000000001 0.9875 0.6484375000000002 0.9875 0.6484375000000002 1 0.6734375000000001 1
0 0.7046875000000001 0.9 0.6828125000000002 0.9 0.6828125000000002 0.953125 0.7046875000000001 0.953125
0 0.7437500000000001 0.7390625000000001 0.7093750000000002 0.7390625 0.7093750000000002 0.7890625000000001 0.7437500000000001 0.7890625000000002
0 0.7125 0.6796875 0.678125 0.6796875 0.678125 0.7109375 0.7125 0.7109375
0 0.6609375 0.5765625 0.628125 0.5765625 0.628125 0.61875 0.6609375 0.61875
0 1 0.6140625000000002 0.9703125 0.6140625000000002 0.9703125 0.6406250000000002 1 0.6406250000000002
0 0.996875 0.6515625000000002 0.9625 0.6515625000000002 0.9625 0.6796875000000002 0.996875 0.6796875000000002
0 0.8875 0.6734375000000001 0.8484375 0.6734375000000001 0.8484375 0.7031250000000002 0.8875 0.7031250000000002
0 0.9015625 0.6421875000000001 0.871875 0.6421875000000001 0.871875 0.6687500000000002 0.9015625 0.6687500000000002
3 0.965625 0.6125000000000002 0.9234375 0.6125000000000002 0.9234375 0.6500000000000001 0.965625 0.6500000000000001
2 1 0.5359375000000002 0.928125 0.5359375000000002 0.928125 0.5906250000000002 1 0.5906250000000002
0 0.975 0.5078125000000002 0.9421875 0.5078125000000002 0.9421875 0.5328125000000001 0.975 0.5328125000000001