0 0.1906250000000001 0.5953125 0.14843750000000008 0.5953125 0.14843750000000008 0.65625 0.1906250000000001 0.65625
2 0.18906250000000008 0.6484375 0.07031250000000008 0.6484375 0.07031250000000008 0.734375 0.18906250000000008 0.734375
0 0.04687500000000009 0.7140625 0.0015625000000000875 0.7140625 0.0015625000000000905 0.7640625 0.04687500000000009 0.7640625
0 0.2296875000000001 0.6265625 0.18750000000000008 0.6265625 0.18750000000000008 0.671875 0.2296875000000001 0.671875
0 0.2843750000000001 0.603125 0.23593750000000008 0.603125 0.23593750000000008 0.646875 0.2843750000000001 0.646875
0 0.2468750000000001 0.565625 0.20468750000000008 0.565625 0.20468750000000008 0.615625 0.2468750000000001 0.615625
0 0.3140625000000001 0.5359375 0.2671875000000001 0.5359375 0.2671875000000001 0.5828125 0.3140625000000001 0.5828125
0 0.51875 0.6703125 0.490625 0.6703125 0.4906250000000001 0.7421875 0.5187500000000002 0.7421875
0 0.5984375 0.6296875 0.571875 0.6296875 0.571875 0.703125 0.5984375 0.703125
0 0.5625000000000002 0.771875 0.5437500000000002 0.771875 0.5437500000000002 0.85 0.5625000000000002 0.85
0 0.5375000000000002 0.8234375 0.5187500000000002 0.8234375 0.5187500000000002 0.896875 0.5375000000000002 0.896875
0 0.8859375 0.4312500000000002 0.8421875 0.4312500000000002 0.8421875 0.4703125000000002 0.8859375 0.4703125000000002
0 0.8109375 0.42187500000000017 0.7640625 0.42187500000000017 0.7640625 0.46093750000000017 0.8109375 0.46093750000000017
0 0.8125 0.4703125000000002 0.7703125 0.4703125000000002 0.7703125 0.5078125000000002 0.8125 0.5078125000000002
0 0.3421875000000001 0.6390625 0.30156250000000007 0.6390625 0.30156250000000007 0.678125 0.3421875000000001 0.678125