2 0.22812500000000008 0.6078125 0.05312500000000007 0.6078125 0.053125000000000075 0.6609375 0.22812500000000008 0.6609375
0 0.2312500000000001 0.559375 0.1906250000000001 0.559375 0.1906250000000001 0.5953125 0.2312500000000001 0.5953125
0 0.2875000000000001 0.565625 0.2453125000000001 0.565625 0.2453125000000001 0.6 0.2875000000000001 0.6
0 0.28593750000000007 0.61875 0.24375000000000008 0.61875 0.24375000000000008 0.65 0.28593750000000007 0.65
0 0.4828125 0.26250000000000007 0.4640625 0.26250000000000007 0.4640625 0.3359375000000001 0.4828125 0.3359375000000001
0 0.5453125 0.3968750000000001 0.521875 0.3968750000000001 0.521875 0.4765625 0.5453125 0.4765625
0 0.615625 0.3421875000000001 0.5828125 0.3421875000000001 0.5828125 0.3968750000000001 0.615625 0.3968750000000001
0 0.5328125000000001 0.6890625 0.5109375 0.6890625 0.5109375 0.7671875 0.5328125000000001 0.7671875
0 0.51875 0.15781250000000005 0.5015625 0.15781250000000005 0.5015625 0.2250000000000001 0.51875 0.2250000000000001
0 0.5296875 6.362422823695233e-17 0.509375 6.23804463315683e-17 0.509375 0.06406250000000006 0.5296875 0.06406250000000006
0 0.6437500000000002 0.7390625 0.6203125000000002 0.7390625 0.6203125000000002 0.8078125 0.6437500000000002 0.8078125
3 0.9390625 0.5984375000000002 0.8875 0.5984375000000002 0.8875 0.6343750000000001 0.9390625 0.6343750000000001
0 0.775 0.4390625000000002 0.734375 0.4390625000000002 0.734375 0.4734375000000002 0.775 0.4734375000000002
0 0.7734375 0.4781250000000002 0.7328125 0.4781250000000002 0.7328125 0.5109375000000002 0.7734375 0.5109375000000002
0 0.7859375 0.5218750000000002 0.7421875 0.5218750000000002 0.7421875 0.5562500000000001 0.7859375 0.5562500000000001
0 0.8375 0.4734375000000002 0.796875 0.4734375000000002 0.796875 0.5078125000000002 0.8375 0.5078125000000002
0 0.8359375 0.4343750000000002 0.79375 0.4343750000000002 0.79375 0.4656250000000002 0.8359375 0.4656250000000002
0 0.9078125 0.4656250000000002 0.8640625 0.4656250000000002 0.8640625 0.5000000000000002 0.9078125 0.5000000000000002
0 0.9640625 0.4734375000000002 0.9203125 0.4734375000000002 0.9203125 0.5078125000000002 0.9640625 0.5078125000000002