2 0.22812500000000008 0.6078125 0.05156250000000007 0.6078125 0.05156250000000008 0.6609375 0.22812500000000008 0.6609375
0 0.2312500000000001 0.559375 0.1906250000000001 0.559375 0.1906250000000001 0.59375 0.2312500000000001 0.59375
0 0.28593750000000007 0.565625 0.2453125000000001 0.565625 0.2453125000000001 0.6 0.28593750000000007 0.6
0 0.2843750000000001 0.6203125 0.24218750000000008 0.6203125 0.24218750000000008 0.653125 0.2843750000000001 0.653125
0 0.51875 0.528125 0.4984375 0.528125 0.4984375 0.603125 0.51875 0.603125
0 0.5390625 0.3421875000000001 0.521875 0.3421875000000001 0.521875 0.421875 0.5390625 0.421875
0 0.6359375 0.3781250000000001 0.6 0.3781250000000001 0.6 0.4265625 0.6359375 0.4265625
0 0.4875 0.14375000000000004 0.46875 0.14375000000000004 0.46875 0.2218750000000001 0.4875 0.2218750000000001
0 0.521875 0.08281250000000007 0.503125 0.08281250000000007 0.503125 0.15312500000000004 0.521875 0.15312500000000004
3 0.8765625 0.5984375000000002 0.8265625 0.5984375000000002 0.8265625 0.6421875000000001 0.8765625 0.6421875000000001
0 0.775 0.44062500000000016 0.734375 0.44062500000000016 0.734375 0.47187500000000016 0.775 0.47187500000000016
0 0.7734375 0.4828125000000002 0.73125 0.4828125000000002 0.73125 0.5109375000000002 0.7734375 0.5109375000000002
0 0.784375 0.5250000000000001 0.7421875 0.5250000000000001 0.7421875 0.5562500000000001 0.784375 0.5562500000000001
0 0.8359375 0.47656250000000017 0.796875 0.47656250000000017 0.796875 0.5093750000000001 0.8359375 0.5093750000000001
0 0.8359375 0.4343750000000002 0.7953125 0.4343750000000002 0.7953125 0.46875000000000017 0.8359375 0.46875000000000017
0 0.9625 0.4734375000000002 0.9203125 0.4734375000000002 0.9203125 0.5093750000000001 0.9625 0.5093750000000001
0 0.9078125 0.46875000000000017 0.8640625 0.46875000000000017 0.8640625 0.5000000000000002 0.9078125 0.5000000000000002
0 0.6359375000000002 0.821875 0.6140625000000002 0.821875 0.6140625000000002 0.8921875 0.6359375000000002 0.8921875
0 0.5515625000000002 0.88125 0.5265625000000002 0.88125 0.5265625000000002 0.9625 0.5515625000000002 0.9625
0 0.5281250000000002 0.9328125 0.5031250000000002 0.9328125 0.5031250000000002 0.9984375 0.5281250000000002 0.9984375