0 0.10312500000000005 0.44375 0.057812500000000044 0.44375 0.05781250000000006 0.5328125 0.10312500000000005 0.5328125
0 0.95 0.48437500000000017 0.903125 0.48437500000000017 0.903125 0.5562500000000001 0.95 0.5562500000000001
0 0.8984375 0.2531250000000001 0.859375 0.2531250000000001 0.859375 0.3031250000000001 0.8984375 0.3031250000000001
0 0.89375 0.2000000000000001 0.8578125 0.2000000000000001 0.8578125 0.24375000000000008 0.89375 0.24375000000000008
0 0.9296875 0.1984375000000001 0.896875 0.1984375000000001 0.896875 0.24218750000000008 0.9296875 0.24218750000000008
0 0.9703125 0.19375000000000014 0.9328125 0.19375000000000014 0.9328125 0.24375000000000008 0.9703125 0.24375000000000008
0 0.5765625 0.21250000000000008 0.534375 0.21250000000000008 0.534375 0.2687500000000001 0.5765625 0.2687500000000001
0 0.615625 0.20312500000000008 0.5796875 0.20312500000000008 0.5796875 0.25468750000000007 0.615625 0.25468750000000007
0 0.678125 0.2687500000000001 0.6421875 0.2687500000000001 0.6421875 0.3187500000000001 0.678125 0.3187500000000001
0 0.8015625 0.30937500000000007 0.7640625 0.30937500000000007 0.7640625 0.3593750000000001 0.8015625 0.3593750000000001
0 0.65625 0.2015625000000001 0.6203125 0.2015625000000001 0.6203125 0.2515625000000001 0.65625 0.2515625000000001
0 0.6859375 0.2062500000000001 0.6546875 0.2062500000000001 0.6546875 0.2500000000000001 0.6859375 0.2500000000000001
0 0.721875 0.2078125000000001 0.684375 0.2078125000000001 0.684375 0.2515625000000001 0.721875 0.2515625000000001
0 0.7671875 0.2062500000000001 0.7328125 0.2062500000000001 0.7328125 0.2484375000000001 0.7671875 0.2484375000000001
0 0.43125 0.06250000000000004 0.4015625 0.06250000000000004 0.4015625 0.15312500000000004 0.43125 0.15312500000000004
0 0.4453125 5.2717217682046225e-17 0.415625 5.089938258956187e-17 0.415625 0.05312500000000005 0.4453125 0.05312500000000005
0 0.4953125 0.017187500000000057 0.465625 0.017187500000000057 0.465625 0.11875000000000005 0.4953125 0.11875000000000005
0 0.4171875 0.515625 0.37968750000000007 0.515625 0.37968750000000007 0.559375 0.4171875 0.559375
0 0.9109375 0.6000000000000002 0.871875 0.6000000000000002 0.871875 0.6187500000000001 0.9109375 0.6187500000000001
0 0.8765625 0.5906250000000002 0.8390625 0.5906250000000002 0.8390625 0.6187500000000001 0.8765625 0.6187500000000001
0 0.815625 0.5750000000000002 0.78125 0.5750000000000002 0.78125 0.6187500000000001 0.815625 0.6187500000000001
0 0.7828125 0.5734375000000002 0.746875 0.5734375000000002 0.746875 0.6187500000000001 0.7828125 0.6187500000000001
0 0.74375 0.5703125000000001 0.709375 0.5703125 0.709375 0.6187500000000001 0.74375 0.6187500000000001
0 0.7046875 0.5703125 0.6640625 0.5703125 0.6640625 0.61875 0.7046875 0.61875
0 0.6671875 0.575 0.6328125 0.575 0.6328125 0.61875 0.6671875 0.61875
0 0.6234375 0.5796875 0.590625 0.5796875 0.590625 0.61875 0.6234375 0.61875
0 0.5921875 0.5734375 0.565625 0.5734375 0.565625 0.61875 0.5921875 0.61875
0 0.5703125 0.5765625 0.53125 0.5765625 0.53125 0.61875 0.5703125 0.61875
0 0.5265625 0.575 0.4875 0.575 0.4875 0.61875 0.5265625 0.61875
0 0.45 0.5828125 0.41875 0.5828125 0.41875 0.61875 0.45 0.61875
3 0.790625 0.3734375000000001 0.746875 0.3734375000000001 0.746875 0.4343750000000002 0.790625 0.4343750000000002
0 0.6859375 0.628125 0.671875 0.628125 0.671875 0.653125 0.6859375 0.653125
0 0.61875 0.696875 0.60625 0.696875 0.60625 0.7234375 0.61875 0.7234375
0 0.5890625000000002 0.7515625 0.5765625000000002 0.7515625 0.5765625000000002 0.7765625 0.5890625000000002 0.7765625
0 0.5734375000000002 0.8234375 0.5593750000000002 0.8234375 0.5593750000000002 0.8515625 0.5734375000000002 0.8515625
0 0.5656250000000002 0.8578125 0.5531250000000002 0.8578125 0.5531250000000002 0.884375 0.5656250000000002 0.884375
0 0.5578125000000002 0.8953125 0.5453125000000002 0.8953125 0.5453125000000002 0.9234375 0.5578125000000002 0.9234375
0 0.6828125000000002 0.8515625 0.6625000000000002 0.8515625 0.6625000000000002 0.865625 0.6828125000000002 0.865625
0 0.6796875000000002 0.8625 0.6593750000000002 0.8625 0.6593750000000002 0.878125 0.6796875000000002 0.878125
0 0.6750000000000002 0.878125 0.6578125000000001 0.878125 0.6578125000000001 0.8921875 0.6750000000000002 0.8921875
0 0.6734375000000001 0.890625 0.6531250000000002 0.890625 0.6531250000000002 0.9046875 0.6734375000000001 0.9046875
0 0.6718750000000002 0.9046875 0.6515625000000002 0.9046875 0.6515625000000002 0.91875 0.6718750000000002 0.91875
0 0.6687500000000002 0.91875 0.6484375000000002 0.91875 0.6484375000000002 0.93125 0.6687500000000002 0.93125
0 0.6640625000000002 0.93125 0.6453125000000002 0.93125 0.6453125000000002 0.94375 0.6640625000000002 0.94375
0 0.6578125000000001 0.94375 0.6375000000000002 0.94375 0.6375000000000002 0.959375 0.6578125000000001 0.959375