2 0.4875 5.204748896376252e-17 0.3625 4.4393446469091554e-17 0.3625 0.03437500000000005 0.4875 0.03437500000000006
2 0.3265625 0.0015625000000000372 0.278125 0.001562500000000034 0.278125 0.040625000000000036 0.3265625 0.04062500000000004
2 0.375 0.042187500000000044 0.321875 0.042187500000000044 0.321875 0.08593750000000004 0.375 0.08593750000000004
0 0.9984375 0.14062500000000014 0.9734375 0.14062500000000014 0.9734375 0.18125000000000013 0.9984375 0.18125000000000013
0 0.959375 0.14843750000000014 0.9296875 0.14843750000000014 0.9296875 0.19218750000000012 0.959375 0.19218750000000012
0 0.5671875 0.2015625000000001 0.559375 0.2015625000000001 0.559375 0.2453125000000001 0.5671875 0.2453125000000001
0 0.59375 0.2000000000000001 0.571875 0.2000000000000001 0.571875 0.2375000000000001 0.59375 0.2375000000000001
0 0.621875 0.18750000000000008 0.5953125 0.18750000000000008 0.5953125 0.2296875000000001 0.621875 0.2296875000000001
0 0.6859375 0.1765625000000001 0.6625 0.1765625000000001 0.6625 0.2140625000000001 0.6859375 0.2140625000000001
0 0.8203125 0.1375000000000001 0.796875 0.1375000000000001 0.796875 0.17343750000000008 0.8203125 0.17343750000000008
0 0.840625 0.13281250000000008 0.8171875 0.13281250000000008 0.8171875 0.17187500000000008 0.840625 0.17187500000000008
0 0.8640625 0.12500000000000008 0.8359375 0.12500000000000008 0.8359375 0.1671875000000001 0.8640625 0.1671875000000001
0 0.8875 0.12031250000000009 0.8625 0.12031250000000009 0.8625 0.1609375000000001 0.8875 0.1609375000000001
0 0.90625 0.11875000000000009 0.8875 0.11875000000000009 0.8875 0.1531250000000001 0.90625 0.1531250000000001
0 0.928125 0.1109375000000001 0.90625 0.11093750000000009 0.90625 0.14687500000000012 0.928125 0.14687500000000014
0 0.9546875 0.10156250000000014 0.928125 0.10156250000000014 0.928125 0.14218750000000013 0.9546875 0.14218750000000013
0 0.98125 0.09687500000000011 0.95625 0.09687500000000011 0.95625 0.13437500000000013 0.98125 0.13437500000000013
0 1 0.09062500000000012 0.9796875 0.09062500000000011 0.9796875 0.12812500000000013 1 0.12812500000000013
0 0.35625000000000007 0.30625 0.31875 0.30625 0.31875000000000003 0.3640625 0.35625000000000007 0.3640625
0 0.3453125000000001 0.3703125 0.3000000000000001 0.3703125 0.3000000000000001 0.44375 0.3453125000000001 0.44375
0 0.2562500000000001 0.44375 0.2171875000000001 0.44375 0.2171875000000001 0.50625 0.2562500000000001 0.50625
0 0.11250000000000009 0.6859375 0.08437500000000009 0.6859375 0.08437500000000009 0.74375 0.11250000000000009 0.74375
0 0.13593750000000013 0.9125 0.09375000000000011 0.9125 0.09375000000000011 0.98125 0.13593750000000013 0.98125
0 0.46875000000000017 0.978125 0.42968750000000017 0.978125 0.42968750000000017 1 0.46875000000000017 1
3 1 0.4578125000000002 0.96875 0.4578125000000002 0.96875 0.5687500000000002 1 0.5687500000000002
0 0.9 0.5453125000000002 0.85625 0.5453125000000002 0.85625 0.6250000000000002 0.9 0.6250000000000002
0 0.9625 0.815625 0.91875 0.815625 0.91875 0.853125 0.9625 0.853125
3 0.928125 0.95 0.878125 0.95 0.878125 1 0.928125 1
0 0.803125 0.865625 0.7609375000000002 0.865625 0.7609375000000002 0.9015625 0.803125 0.9015625
0 0.8921875 0.8671875 0.846875 0.8671875 0.846875 0.90625 0.8921875 0.90625
0 0.7796875000000002 0.8046875 0.7343750000000002 0.8046875 0.7343750000000002 0.8421875 0.7796875000000002 0.8421875
3 0.7265625000000002 0.8125 0.6718750000000002 0.8125 0.6718750000000002 0.8546875 0.7265625000000002 0.8546875
0 0.6906250000000002 0.775 0.6437500000000002 0.775 0.6437500000000002 0.8109375 0.6906250000000002 0.8109375
0 0.8859375 0.7421875000000002 0.8390625 0.7421875000000002 0.8390625 0.7812500000000002 0.8859375 0.7812500000000002
0 0.7015625000000002 0.8671875 0.6578125000000001 0.8671875 0.6578125000000001 0.9046875 0.7015625000000002 0.9046875
2 0.6671875000000002 0.9203125 0.5593750000000002 0.9203125 0.5593750000000002 0.984375 0.6671875000000002 0.984375
0 0.9109375 0.3000000000000001 0.8796875 0.3000000000000001 0.8796875 0.34843750000000007 0.9109375 0.34843750000000007