0 0.09531250000000006 0.5890625 0.07187500000000006 0.5890625 0.07187500000000006 0.6234375 0.09531250000000006 0.6234375
0 0.09218750000000006 0.575 0.07187500000000006 0.575 0.07187500000000006 0.6046875 0.09218750000000006 0.6046875
0 0.04687500000000007 0.53125 0.025000000000000067 0.53125 0.025000000000000067 0.5671875 0.04687500000000007 0.5671875
0 0.018750000000000065 0.5078125 6.218909526920153e-17 0.5078125 6.410260589286927e-17 0.5390625 0.018750000000000065 0.5390625
0 0.007812500000000064 0.503125 6.161504208210122e-17 0.503125 6.343287717458556e-17 0.5328125 0.007812500000000066 0.5328125
0 0.015625000000000073 0.5890625 7.213935051227377e-17 0.5890625 7.319178135529103e-17 0.60625 0.015625000000000073 0.60625
0 0.009375000000000074 0.6 7.347880794884119e-17 0.6 7.462691432304183e-17 0.61875 0.009375000000000074 0.61875
1 1 0.00937500000000012 0.9421875 0.009375000000000116 0.9421875 0.19531250000000014 1 0.19531250000000014
0 0.9375 0.11250000000000011 0.8984375 0.11250000000000009 0.8984375 0.1671875000000001 0.9375 0.16718750000000013
0 0.934375 0.2828125000000001 0.8859375 0.2828125000000001 0.8859375 0.34843750000000007 0.934375 0.34843750000000007
0 0.6640625000000002 0.98125 0.6328125000000002 0.98125 0.6328125000000002 1 0.6640625000000002 1
0 0.5640625000000001 0.96875 0.5312500000000002 0.96875 0.5312500000000002 1 0.5640625000000001 1
0 0.5031250000000002 0.9828125 0.4734375000000002 0.9828125 0.4734375000000002 1 0.5031250000000002 1
0 0.4671875000000002 0.971875 0.4343750000000002 0.971875 0.4343750000000002 1 0.4671875000000002 1
0 0.43750000000000017 0.978125 0.41406250000000017 0.978125 0.41406250000000017 1 0.43750000000000017 1
0 0.4109375000000002 0.975 0.3828125000000001 0.975 0.3828125000000001 1 0.4109375000000002 1
0 0.3687500000000001 0.9703125 0.3390625000000001 0.9703125 0.3390625000000001 1 0.3687500000000001 1
0 0.1609375000000001 0.63125 0.12656250000000008 0.63125 0.12656250000000008 0.7078125 0.1609375000000001 0.7078125
0 0.01093750000000011 0.8828125 1.0811335023722728e-16 0.8828125 1.1069658957917873e-16 0.925 0.010937500000000114 0.925
0 0.04062500000000011 0.8859375 0.012500000000000112 0.8859375 0.012500000000000113 0.93125 0.04062500000000011 0.93125
0 0.10781250000000012 0.8890625 0.0796875000000001 0.8890625 0.0796875000000001 0.934375 0.10781250000000013 0.934375
0 0.2453125000000001 0.915625 0.21875000000000008 0.915625 0.21875000000000008 0.95625 0.2453125000000001 0.95625
0 0.26250000000000007 0.91875 0.2390625000000001 0.91875 0.2390625000000001 0.9609375 0.26250000000000007 0.9609375
0 0.2921875000000001 0.909375 0.2609375000000001 0.909375 0.2609375000000001 0.9640625 0.2921875000000001 0.9640625
0 0.3140625000000001 0.925 0.28593750000000007 0.925 0.28593750000000007 0.96875 0.3140625000000001 0.96875
0 0.33281250000000007 0.9234375 0.3109375000000001 0.9234375 0.3109375000000001 0.9671875 0.33281250000000007 0.9671875
0 0.35625000000000007 0.925 0.3312500000000001 0.925 0.3312500000000001 0.965625 0.35625000000000007 0.965625
0 0.3843750000000001 0.921875 0.3546875000000001 0.921875 0.3546875000000001 0.971875 0.3843750000000001 0.971875
0 0.40937500000000016 0.9265625 0.3828125000000001 0.9265625 0.3828125000000001 0.9671875 0.40937500000000016 0.9671875
0 0.4343750000000002 0.93125 0.4078125000000002 0.93125 0.4078125000000002 0.9734375 0.4343750000000002 0.9734375
0 0.45625000000000016 0.9296875 0.4312500000000002 0.9296875 0.4312500000000002 0.975 0.45625000000000016 0.975
0 0.4812500000000002 0.93125 0.4578125000000002 0.93125 0.4578125000000002 0.975 0.4812500000000002 0.975
0 0.5046875000000002 0.934375 0.4781250000000002 0.934375 0.4781250000000002 0.9765625 0.5046875000000002 0.9765625
0 0.5265625000000002 0.934375 0.5031250000000002 0.934375 0.5031250000000002 0.9765625 0.5265625000000002 0.9765625
0 0.5500000000000002 0.934375 0.5250000000000001 0.934375 0.5250000000000001 0.9765625 0.5500000000000002 0.9765625
2 0.6359375000000002 0.9421875 0.5625000000000002 0.9421875 0.5625000000000002 1 0.6359375000000002 1
0 1 0.6718750000000002 0.9703125 0.6718750000000002 0.9703125 0.7375000000000002 1 0.7375000000000002
0 1 0.934375 0.9640625 0.934375 0.9640625 1 1 1