0 0.21250000000000008 0.4546875 0.19687500000000005 0.4546875 0.19687500000000005 0.475 0.21250000000000008 0.475
0 0.21875000000000008 0.4640625 0.20312500000000008 0.4640625 0.20312500000000008 0.4859375 0.21875000000000008 0.4859375
0 0.2250000000000001 0.478125 0.2093750000000001 0.478125 0.2093750000000001 0.496875 0.2250000000000001 0.496875
0 0.2312500000000001 0.4890625 0.2140625000000001 0.4890625 0.2140625000000001 0.509375 0.2312500000000001 0.509375
0 0.2375000000000001 0.5 0.21875000000000008 0.5 0.21875000000000008 0.5203125 0.2375000000000001 0.5203125
0 0.24375000000000008 0.5125 0.2250000000000001 0.5125 0.2250000000000001 0.5328125 0.24375000000000008 0.5328125
0 0.2484375000000001 0.5234375 0.2328125000000001 0.5234375 0.2328125000000001 0.54375 0.2484375000000001 0.54375
0 0.2593750000000001 0.53125 0.24375000000000008 0.53125 0.24375000000000008 0.553125 0.2593750000000001 0.553125
0 0.3812500000000001 0.5203125 0.3656250000000001 0.5203125 0.3656250000000001 0.5453125 0.3812500000000001 0.5453125
0 0.4703125 0.68125 0.4546875 0.68125 0.4546875 0.70625 0.4703125 0.70625
0 0.4515625 0.6515625 0.434375 0.6515625 0.434375 0.6765625 0.4515625 0.6765625
0 0.15781250000000005 0.24375 0.14218750000000005 0.24375 0.14218750000000005 0.265625 0.15781250000000005 0.265625
0 0.2671875 0.05468750000000002 0.25 0.05468750000000002 0.25 0.07500000000000002 0.2671875 0.07500000000000002
0 0.0453125 4.592425496802574e-18 0.0296875 3.6356701849687045e-18 0.0296875 0.017187500000000005 0.0453125 0.017187500000000005
0 0.271875 0.309375 0.25625 0.309375 0.25625 0.3375 0.271875 0.3375
0 0.3062500000000001 0.371875 0.2875000000000001 0.371875 0.2875000000000001 0.403125 0.3062500000000001 0.403125
0 0.3187500000000001 0.4015625 0.30156250000000007 0.4015625 0.30156250000000007 0.428125 0.3187500000000001 0.428125
0 0.3390625000000001 0.4359375 0.3218750000000001 0.4359375 0.3218750000000001 0.4625 0.3390625000000001 0.4625
0 0.7875 0.4265625000000002 0.76875 0.4265625000000002 0.76875 0.4890625000000002 0.7875 0.4890625000000002
0 1 0.4078125000000002 0.990625 0.4078125000000002 0.990625 0.4500000000000002 1 0.4500000000000002
0 0.60625 0.1703125000000001 0.584375 0.1703125000000001 0.584375 0.22031250000000008 0.60625 0.22031250000000008
0 0.6125 0.2250000000000001 0.59375 0.2250000000000001 0.59375 0.2750000000000001 0.6125 0.2750000000000001
0 0.609375 0.2875000000000001 0.590625 0.2875000000000001 0.590625 0.3281250000000001 0.609375 0.3281250000000001
0 0.6453125 0.24375000000000008 0.6296875 0.24375000000000008 0.6296875 0.2843750000000001 0.6453125 0.2843750000000001
0 0.6421875 0.2890625000000001 0.61875 0.2890625000000001 0.61875 0.3359375000000001 0.6421875 0.3359375000000001
0 0.5093750000000001 0.6578125 0.5 0.6578125 0.5000000000000001 0.7296875 0.5093750000000001 0.7296875
0 0.6765625 0.30156250000000007 0.6546875 0.30156250000000007 0.6546875 0.3421875000000001 0.6765625 0.3421875000000001
0 0.7046875 0.3062500000000001 0.6859375 0.3062500000000001 0.6859375 0.3468750000000001 0.7046875 0.3468750000000001
0 0.6796875 0.2406250000000001 0.65625 0.2406250000000001 0.65625 0.2843750000000001 0.6796875 0.2843750000000001
0 0.7078125 0.17968750000000008 0.6859375 0.17968750000000008 0.6859375 0.2296875000000001 0.7078125 0.2296875000000001
0 0.7625 0.19687500000000008 0.7421875 0.19687500000000008 0.7421875 0.2375000000000001 0.7625 0.2375000000000001
0 0.8015625 0.1921875000000001 0.778125 0.1921875000000001 0.778125 0.24218750000000008 0.8015625 0.24218750000000008
0 0.821875 0.2078125000000001 0.80625 0.2078125000000001 0.80625 0.2453125000000001 0.821875 0.2453125000000001
0 0.8546875 0.2093750000000001 0.8359375 0.2093750000000001 0.8359375 0.2500000000000001 0.8546875 0.2500000000000001
0 0.8984375 0.21093750000000008 0.8765625 0.21093750000000008 0.8765625 0.2515625000000001 0.8984375 0.2515625000000001
0 1 0.17968750000000014 0.9890625 0.17968750000000014 0.9890625 0.2171875000000001 1 0.2171875000000001
0 0.9859375 0.17343750000000013 0.965625 0.17343750000000013 0.965625 0.2171875000000001 0.9859375 0.2171875000000001
0 0.9609375 0.17656250000000012 0.9390625 0.17656250000000012 0.9390625 0.2140625000000001 0.9609375 0.2140625000000001
0 0.934375 0.17187500000000014 0.921875 0.17187500000000014 0.921875 0.2093750000000001 0.934375 0.2093750000000001
0 0.915625 0.16875000000000012 0.8984375 0.1687500000000001 0.8984375 0.20312500000000008 0.915625 0.20312500000000008
0 0.8921875 0.16562500000000008 0.871875 0.16562500000000008 0.871875 0.20312500000000008 0.8921875 0.20312500000000008
0 0.8640625 0.1625000000000001 0.8453125 0.1625000000000001 0.8453125 0.2000000000000001 0.8640625 0.2000000000000001
0 0.840625 0.1609375000000001 0.821875 0.1609375000000001 0.821875 0.19531250000000008 0.840625 0.19531250000000008
0 0.815625 0.1531250000000001 0.7984375 0.1531250000000001 0.7984375 0.1937500000000001 0.815625 0.1937500000000001
0 0.7921875 0.1515625000000001 0.7765625 0.1515625000000001 0.7765625 0.1921875000000001 0.7921875 0.1921875000000001
0 0.7703125 0.1468750000000001 0.7515625 0.1468750000000001 0.7515625 0.18750000000000008 0.7703125 0.18750000000000008
0 0.7453125 0.1453125000000001 0.7296875 0.1453125000000001 0.7296875 0.1828125000000001 0.7453125 0.1828125000000001
0 0.7234375 0.14062500000000008 0.70625 0.14062500000000008 0.70625 0.18125000000000008 0.7234375 0.18125000000000008
0 0.890625 0.4078125000000002 0.8734375 0.4078125000000002 0.8734375 0.44843750000000016 0.890625 0.44843750000000016
2 0.6765625 0.1453125000000001 0.6203125 0.1453125000000001 0.6203125 0.2296875000000001 0.6765625 0.2296875000000001
0 0.3343750000000001 0.9078125 0.3031250000000001 0.9078125 0.3031250000000001 0.9703125 0.3343750000000001 0.9703125
0 0.0515625000000001 0.771875 0.017187500000000095 0.771875 0.0171875000000001 0.8453125 0.05156250000000011 0.8453125
0 0.871875 0.7843750000000002 0.815625 0.7843750000000002 0.815625 0.8359375 0.871875 0.8359375
0 0.8046875 0.821875 0.7515625000000001 0.821875 0.7515625000000001 0.8734375 0.8046875 0.8734375
0 0.5406250000000001 0.9015625 0.5000000000000002 0.9015625 0.5000000000000002 0.9546875 0.5406250000000001 0.9546875
0 0.890625 0.83125 0.828125 0.83125 0.828125 0.8875 0.890625 0.8875