0 0.5953125 0.4953125 0.58125 0.4953125 0.58125 0.5328125 0.5953125 0.5328125
0 0.5796875 0.45625 0.56875 0.45625 0.56875 0.4921875 0.5796875 0.4921875
0 0.615625 0.4109375 0.6046875 0.4109375 0.6046875 0.44375 0.615625 0.44375
0 0.6296875 0.5515625 0.615625 0.5515625 0.615625 0.5921875 0.6296875 0.5921875
0 0.5750000000000002 0.7515625 0.5609375000000002 0.7515625 0.5609375000000002 0.8 0.5750000000000002 0.8
0 0.5906250000000002 0.83125 0.5781250000000002 0.83125 0.5781250000000002 0.884375 0.5906250000000002 0.884375
0 0.5531250000000002 0.815625 0.5390625000000002 0.815625 0.5390625000000002 0.8625 0.5531250000000002 0.8625
0 0.5750000000000002 0.8046875 0.5593750000000002 0.8046875 0.5593750000000002 0.85 0.5750000000000002 0.85
0 0.5734375000000002 0.85625 0.5593750000000002 0.85625 0.5593750000000002 0.8984375 0.5734375000000002 0.8984375
0 0.5515625000000002 0.878125 0.5359375000000002 0.878125 0.5359375000000002 0.9296875 0.5515625000000002 0.9296875
0 0.5703125000000002 0.9125 0.5562500000000001 0.9125 0.5562500000000001 0.9625 0.5703125000000002 0.9625
0 0.5484375000000001 0.9375 0.5328125000000001 0.9375 0.5328125000000001 0.9953125 0.5484375000000001 0.9953125
3 0.5312500000000002 0.8109375 0.5031250000000002 0.8109375 0.5031250000000002 0.8921875 0.5312500000000002 0.8921875
3 0.5234375 0.4828125 0.50625 0.4828125 0.50625 0.5390625 0.5234375 0.5390625
3 0.534375 0.3531250000000001 0.51875 0.3531250000000001 0.51875 0.4015625 0.534375 0.4015625