0 0.09687500000000004 0.3296875 0.08125000000000004 0.3296875 0.08125000000000004 0.35 0.09687500000000004 0.35
0 0.08906250000000004 0.3390625 0.07343750000000004 0.3390625 0.07343750000000004 0.3609375 0.08906250000000004 0.3609375
0 0.08437500000000005 0.353125 0.06875000000000005 0.353125 0.06875000000000005 0.371875 0.08437500000000005 0.371875
0 0.07968750000000005 0.3640625 0.06250000000000004 0.3640625 0.06250000000000004 0.384375 0.07968750000000005 0.384375
0 0.07343750000000004 0.375 0.05468750000000004 0.375 0.05468750000000004 0.3953125 0.07343750000000004 0.3953125
0 0.06718750000000004 0.3875 0.04843750000000004 0.3875 0.04843750000000004 0.4078125 0.06718750000000004 0.4078125
0 0.059375000000000046 0.3984375 0.043750000000000046 0.3984375 0.04375000000000005 0.41875 0.059375000000000046 0.41875
0 0.050000000000000044 0.40625 0.034375000000000044 0.40625 0.03437500000000005 0.428125 0.050000000000000044 0.428125
0 0.15 0.11875 0.134375 0.11875 0.134375 0.140625 0.15 0.140625
0 0.03750000000000002 0.184375 0.021875000000000023 0.184375 0.021875000000000026 0.2125 0.03750000000000002 0.2125
0 0.004687500000000033 0.246875 3.023346785395028e-17 0.246875 3.2146978477618024e-17 0.278125 0.0046875000000000345 0.278125
2 1 0.2718750000000001 0.9765625 0.2718750000000001 0.9765625 0.3125000000000001 1 0.3125000000000001
2 0.890625 0.35625000000000007 0.721875 0.35625000000000007 0.721875 0.3968750000000001 0.890625 0.3968750000000001
3 0.8390625 0.4656250000000002 0.7859375 0.4656250000000002 0.7859375 0.5000000000000002 0.8390625 0.5000000000000002
3 0.628125 0.3500000000000001 0.5953125 0.3500000000000001 0.5953125 0.409375 0.628125 0.409375
0 1 0.4437500000000002 0.9859375 0.4437500000000002 0.9859375 0.46875000000000017 1 0.46875000000000017
0 0.91875 0.4421875000000002 0.8890625 0.4421875000000002 0.8890625 0.4671875000000002 0.91875 0.4671875000000002
0 0.875 0.44843750000000016 0.8421875 0.44843750000000016 0.8421875 0.4750000000000002 0.875 0.4750000000000002
0 0.9546875 0.3140625000000001 0.9234375 0.3140625000000001 0.9234375 0.3359375000000001 0.9546875 0.3359375000000001
0 0.778125 0.2921875000000001 0.75 0.2921875000000001 0.75 0.31718750000000007 0.778125 0.31718750000000007
0 0.596875 0.24218750000000008 0.571875 0.24218750000000008 0.571875 0.2671875000000001 0.596875 0.2671875000000001
0 0.5171875 0.2562500000000001 0.5 0.2562500000000001 0.5 0.2765625000000001 0.5171875 0.2765625000000001
0 0.5203125 0.27812500000000007 0.5 0.27812500000000007 0.5 0.30156250000000007 0.5203125 0.30156250000000007
0 0.7734375 0.4390625000000002 0.7453125 0.4390625000000002 0.7453125 0.4625000000000002 0.7734375 0.4625000000000002
0 0.721875 0.4390625 0.690625 0.4390625 0.690625 0.4609375 0.721875 0.4609375
0 0.6875 0.4796875 0.65625 0.4796875 0.65625 0.5 0.6875 0.5
3 0.971875 0.44062500000000016 0.93125 0.44062500000000016 0.93125 0.46875000000000017 0.971875 0.46875000000000017
0 0.3578125000000001 0.8015625 0.3421875000000001 0.8015625 0.3421875000000001 0.9015625 0.3578125000000001 0.9015625
0 0.3906250000000001 0.615625 0.3750000000000001 0.615625 0.3750000000000001 0.7140625 0.3906250000000001 0.7140625
0 0.2843750000000001 0.75625 0.2531250000000001 0.75625 0.2531250000000001 0.7984375 0.2843750000000001 0.7984375
0 0.2468750000000001 0.7546875 0.21875000000000008 0.7546875 0.21875000000000008 0.796875 0.2468750000000001 0.796875
0 0.1859375000000001 0.75 0.1609375000000001 0.75 0.1609375000000001 0.7921875 0.1859375000000001 0.7921875
0 0.1546875000000001 0.75 0.12656250000000008 0.75 0.12656250000000008 0.796875 0.1546875000000001 0.796875
0 0.11562500000000009 0.75625 0.0906250000000001 0.75625 0.0906250000000001 0.8015625 0.11562500000000009 0.8015625
0 0.07812500000000008 0.765625 0.04687500000000009 0.765625 0.0468750000000001 0.8109375 0.07812500000000008 0.8109375
0 0.0390625000000001 0.775 0.015625000000000094 0.775 0.015625000000000097 0.821875 0.0390625000000001 0.821875
3 0.2890625000000001 0.515625 0.25468750000000007 0.515625 0.25468750000000007 0.575 0.2890625000000001 0.575
3 0.775 0.5312500000000001 0.721875 0.53125 0.721875 0.565625 0.775 0.5656250000000002
0 0.9578125 0.5109375000000002 0.9234375 0.5109375000000002 0.9234375 0.5359375000000002 0.9578125 0.5359375000000002
0 0.8546875 0.5078125000000002 0.825 0.5078125000000002 0.825 0.5328125000000001 0.8546875 0.5328125000000001
0 0.8109375 0.5140625000000002 0.778125 0.5140625000000002 0.778125 0.5406250000000001 0.8109375 0.5406250000000001
0 0.709375 0.5046875 0.68125 0.5046875 0.68125 0.528125 0.709375 0.528125
0 0.6578125 0.5046875 0.6265625 0.5046875 0.6265625 0.5265625 0.6578125 0.5265625
0 0.625 0.546875 0.59375 0.546875 0.59375 0.58125 0.625 0.58125
0 0.571875 0.6375 0.55 0.6375 0.55 0.690625 0.571875 0.690625
0 0.5109375 0.5703125 0.5 0.5703125 0.5 0.6203125 0.5109375 0.6203125
0 0.5578125000000002 0.8 0.5421875000000002 0.8 0.5421875000000002 0.8625 0.5578125000000002 0.8625
3 0.9078125 0.5062500000000002 0.8671875 0.5062500000000002 0.8671875 0.5343750000000002 0.9078125 0.5343750000000002