0 0.08437500000000006 0.4765625 0.03593750000000005 0.4765625 0.03593750000000006 0.5125 0.08437500000000006 0.5125
0 0.2890625000000001 0.496875 0.2453125000000001 0.496875 0.2453125000000001 0.528125 0.2890625000000001 0.528125
2 0.4109375 0.665625 0.24375000000000008 0.665625 0.24375000000000008 0.7203125 0.4109375 0.7203125
2 0.5921875 0.465625 0.5640625 0.465625 0.5640625 0.65 0.5921875 0.65
0 0.6578125 0.4171875 0.6234375 0.4171875 0.6234375 0.459375 0.6578125 0.459375
0 0.7203125 0.634375 0.6796875 0.634375 0.6796875 0.678125 0.7203125 0.678125
0 0.778125 0.4890625000000002 0.7375 0.4890625000000002 0.7375 0.5234375000000002 0.778125 0.5234375000000002
0 0.8640625 0.4859375000000002 0.825 0.4859375000000002 0.825 0.5171875000000001 0.8640625 0.5171875000000001
3 0.8484375 0.4500000000000002 0.8078125 0.4500000000000002 0.8078125 0.47968750000000016 0.8484375 0.47968750000000016
0 0.98125 0.47968750000000016 0.9390625 0.47968750000000016 0.9390625 0.5109375000000002 0.98125 0.5109375000000002
0 0.5984375000000002 0.7609375 0.5750000000000002 0.7609375 0.5750000000000002 0.840625 0.5984375000000002 0.840625
0 0.5062500000000002 0.8203125 0.4750000000000002 0.8203125 0.4750000000000002 0.8953125 0.5062500000000002 0.8953125
0 0.5734375000000002 0.871875 0.5484375000000001 0.871875 0.5484375000000001 0.953125 0.5734375000000002 0.953125
0 0.6343750000000001 0.825 0.6125000000000002 0.825 0.6125000000000002 0.9046875 0.6343750000000001 0.9046875
0 0.5265625 0.015625000000000062 0.5046875 0.015625000000000062 0.5046875 0.09687500000000007 0.5265625 0.09687500000000007