0 0.2484375 0.2328125 0.2203125 0.2328125 0.2203125 0.2609375 0.2484375 0.2609375
0 0.2078125 0.234375 0.17656250000000004 0.234375 0.17656250000000004 0.25625 0.2078125 0.25625
0 0.19375000000000003 0.26875 0.16250000000000003 0.26875 0.16250000000000003 0.29375 0.19375000000000003 0.29375
0 0.08125000000000004 0.2734375 0.046875000000000035 0.2734375 0.046875000000000035 0.2984375 0.08125000000000004 0.2984375
0 0.10156250000000004 0.2453125 0.07343750000000002 0.2453125 0.07343750000000002 0.2671875 0.10156250000000004 0.2671875
3 0.16718750000000004 0.2265625 0.12968750000000004 0.2265625 0.12968750000000004 0.2578125 0.16718750000000004 0.2578125
2 0.2453125 0.16250000000000003 0.1453125 0.1625 0.1453125 0.2015625 0.2453125 0.2015625
0 0.1953125 0.12343750000000002 0.165625 0.1234375 0.165625 0.1453125 0.1953125 0.14531250000000004
0 0.459375 0.05781250000000006 0.43125 0.057812500000000044 0.43125 0.11718750000000004 0.459375 0.11718750000000004
0 0.5109375 0.02031250000000006 0.4765625 0.02031250000000006 0.4765625 0.08906250000000007 0.5109375 0.08906250000000007
0 0.609375 0.2328125000000001 0.578125 0.2328125000000001 0.578125 0.2812500000000001 0.609375 0.2812500000000001
0 0.7953125 9.108310568658439e-17 0.6921875 8.476852062848085e-17 0.6921875 0.050000000000000086 0.7953125 0.050000000000000086
0 0.83125 0.0093750000000001 0.8 0.009375000000000097 0.8 0.0562500000000001 0.83125 0.05625000000000011
0 0.778125 0.2078125000000001 0.7375 0.2078125000000001 0.7375 0.2609375000000001 0.778125 0.2609375000000001
0 0.07500000000000011 0.9796875 0.06250000000000011 0.9796875 0.06250000000000011 0.99375 0.07500000000000011 0.99375
0 0.08906250000000011 0.975 0.0796875000000001 0.975 0.0796875000000001 0.9921875 0.08906250000000011 0.9921875
0 0.09687500000000011 0.9734375 0.0875000000000001 0.9734375 0.0875000000000001 0.9890625 0.09687500000000011 0.9890625
0 0.0875000000000001 0.9625 0.08125000000000011 0.9625 0.08125000000000011 0.9796875 0.0875000000000001 0.9796875
0 0.0796875000000001 0.9625 0.07343750000000011 0.9625 0.07343750000000011 0.978125 0.0796875000000001 0.978125
0 0.0718750000000001 0.971875 0.05937500000000011 0.971875 0.05937500000000011 0.984375 0.0718750000000001 0.984375
0 0.07031250000000011 0.965625 0.057812500000000114 0.965625 0.057812500000000114 0.978125 0.07031250000000011 0.978125
0 0.08281250000000011 0.9453125 0.07343750000000011 0.9453125 0.07343750000000011 0.959375 0.08281250000000011 0.959375
0 0.07031250000000011 0.953125 0.057812500000000114 0.953125 0.057812500000000114 0.9671875 0.07031250000000011 0.9671875
0 0.5937500000000002 0.8609375 0.5750000000000002 0.8609375 0.5750000000000002 0.9328125 0.5937500000000002 0.9328125
0 0.8 0.8328125 0.7765625000000002 0.8328125 0.7765625000000002 0.8734375 0.8 0.8734375
0 0.8875 0.8828125 0.865625 0.8828125 0.865625 0.9234375 0.8875 0.9234375
0 0.421875 0.59375 0.4 0.59375 0.4 0.640625 0.421875 0.640625
0 0.8625 0.8875 0.85 0.8875 0.85 0.9203125 0.8625 0.9203125
0 0.428125 0.6484375 0.409375 0.6484375 0.409375 0.6953125 0.428125 0.6953125
0 0.4234375000000001 0.709375 0.4046875 0.709375 0.4046875000000001 0.75 0.4234375000000002 0.75
0 0.459375 0.665625 0.44375 0.665625 0.44375 0.7078125 0.459375 0.7078125
0 0.4546875000000001 0.7125 0.4328125 0.7125 0.4328125000000001 0.759375 0.4546875000000002 0.759375
0 0.4906250000000002 0.728125 0.46875000000000017 0.728125 0.46875000000000017 0.765625 0.4906250000000002 0.765625
0 0.5171875000000001 0.728125 0.5000000000000002 0.728125 0.5000000000000002 0.7703125 0.5171875000000001 0.7703125
0 0.4953125 0.6625 0.471875 0.6625 0.471875 0.709375 0.4953125 0.709375
0 0.521875 0.6 0.5 0.6 0.5 0.65 0.521875 0.65
0 0.578125 0.6203125 0.55625 0.6203125 0.55625 0.6640625 0.578125 0.6640625
0 0.6171875 0.61875 0.59375 0.61875 0.59375 0.66875 0.6171875 0.66875
0 0.6359375 0.63125 0.6203125 0.63125 0.6203125 0.66875 0.6359375 0.66875
0 0.66875 0.63125 0.6484375 0.63125 0.6484375 0.671875 0.66875 0.671875
0 0.7125 0.634375 0.690625 0.634375 0.690625 0.678125 0.7125 0.678125
0 0.9 0.9328125 0.88125 0.9328125 0.88125 0.9734375 0.9 0.9734375
0 0.921875 0.9359375 0.903125 0.9359375 0.903125 0.9734375 0.921875 0.9734375
0 0.9453125 0.934375 0.9296875 0.934375 0.9296875 0.9765625 0.9453125 0.9765625
0 0.9796875 0.934375 0.9578125 0.934375 0.9578125 0.9765625 0.9796875 0.9765625
0 1 0.940625 0.9828125 0.940625 0.9828125 0.98125 1 0.98125
0 0.9828125 0.6093750000000002 0.9640625 0.6093750000000002 0.9640625 0.6468750000000002 0.9828125 0.6468750000000002
0 0.8421875 0.6062500000000002 0.8234375 0.6062500000000002 0.8234375 0.6406250000000002 0.8421875 0.6406250000000002
0 0.8203125 0.6062500000000002 0.8046875 0.6062500000000002 0.8046875 0.6437500000000002 0.8203125 0.6437500000000002
0 0.8015625 0.5937500000000002 0.7796875 0.5937500000000002 0.7796875 0.6406250000000002 0.8015625 0.6406250000000002
0 0.775 0.6031250000000001 0.7546875 0.6031250000000001 0.7546875 0.6375000000000002 0.775 0.6375000000000002
0 0.75 0.5968750000000002 0.7375 0.5968750000000002 0.7375 0.6343750000000001 0.75 0.6343750000000001
0 0.7296875 0.5921875000000001 0.7125 0.5921875 0.7125 0.6296875000000001 0.7296875 0.6296875000000002
0 0.70625 0.5890625 0.6859375 0.5890625 0.6859375 0.6296875 0.70625 0.6296875
0 0.678125 0.5890625 0.659375 0.5890625 0.659375 0.621875 0.678125 0.621875
0 0.653125 0.5890625 0.634375 0.5890625 0.634375 0.61875 0.653125 0.61875
0 0.6296875 0.5890625 0.6125 0.5890625 0.6125 0.6171875 0.6296875 0.6171875
0 0.6046875 0.5890625 0.5890625 0.5890625 0.5890625 0.615625 0.6046875 0.615625
0 0.584375 0.5890625 0.565625 0.5890625 0.565625 0.6109375 0.584375 0.6109375
0 0.559375 0.5890625 0.54375 0.5890625 0.54375 0.60625 0.559375 0.60625
0 0.5390625 0.5890625 0.521875 0.5890625 0.521875 0.603125 0.5390625 0.603125
0 0.6796875000000002 0.834375 0.6625000000000002 0.834375 0.6625000000000002 0.871875 0.6796875000000002 0.871875
2 0.4890625 0.5890625 0.4328125 0.5890625 0.4328125 0.653125 0.4890625 0.653125