0 0.1515625 0.1046875 0.1234375 0.1046875 0.1234375 0.1671875 0.1515625 0.1671875
0 0.446875 5.204748896376252e-17 0.403125 4.9368574090627673e-17 0.403125 0.014062500000000052 0.446875 0.014062500000000056
0 0.4890625 5.778802083476573e-17 0.4546875 5.568315914873122e-17 0.4546875 0.017187500000000057 0.4890625 0.01718750000000006
2 0.80625 0.0468750000000001 0.6953125 0.04687500000000009 0.6953125 0.10781250000000009 0.80625 0.10781250000000009
0 0.6796875 0.00781250000000008 0.6390625 0.007812500000000078 0.6390625 0.04218750000000008 0.6796875 0.04218750000000008
0 0.5734375 0.034375000000000065 0.534375 0.034375000000000065 0.534375 0.06718750000000007 0.5734375 0.06718750000000007
0 0.86875 1.0380795133397485e-16 0.8265625 1.0122471199202341e-16 0.8265625 0.017187500000000102 0.86875 0.017187500000000105
0 0.91875 1.0993118532971163e-16 0.8765625 1.0734794598776019e-16 0.8765625 0.025000000000000112 0.91875 0.025000000000000112
0 0.5890625 0.3984375000000001 0.56875 0.3984375000000001 0.56875 0.46875 0.5890625 0.46875
0 0.5734375 0.4890625 0.515625 0.4890625 0.515625 0.5234375 0.5734375 0.5234375
0 0.671875 0.4859375 0.61875 0.4859375 0.61875 0.5203125 0.671875 0.5203125
0 0.925 0.6906250000000002 0.8640625 0.6906250000000002 0.8640625 0.7468750000000002 0.925 0.7468750000000002
0 0.6234375000000002 0.878125 0.5593750000000002 0.878125 0.5593750000000002 0.9390625 0.6234375000000002 0.9390625
0 0.878125 0.8578125 0.8484375 0.8578125 0.8484375 0.925 0.878125 0.925