2 0.4296875 0.21250000000000005 0.3546875 0.2125 0.3546875 0.27812500000000007 0.4296875 0.27812500000000007
2 0.2015625 0.035937500000000025 0.159375 0.035937500000000025 0.15937500000000002 0.221875 0.2015625 0.221875
0 0.128125 1.3394574365674177e-17 0.090625 1.1098361617272889e-17 0.090625 0.03593750000000001 0.128125 0.03593750000000001
0 0.08750000000000002 0.2125 0.04531250000000002 0.2125 0.045312500000000026 0.259375 0.08750000000000002 0.259375
0 0.01875000000000001 0.071875 8.802148868871602e-18 0.071875 1.1002686086089501e-17 0.1078125 0.01875000000000001 0.1078125
0 0.20312500000000006 0.3296875 0.17500000000000004 0.3296875 0.17500000000000004 0.3890625 0.20312500000000008 0.3890625
0 0.859375 0.21875000000000008 0.825 0.21875000000000008 0.825 0.2734375000000001 0.859375 0.2734375000000001
0 0.42968750000000017 0.915625 0.4109375000000002 0.915625 0.4109375000000002 0.971875 0.42968750000000017 0.971875
0 0.2656250000000001 0.4515625 0.2062500000000001 0.4515625 0.2062500000000001 0.4875 0.2656250000000001 0.4875
0 0.16562500000000005 0.453125 0.11093750000000005 0.453125 0.11093750000000005 0.4890625 0.16562500000000005 0.4890625
0 0.3750000000000001 0.8171875 0.3187500000000001 0.8171875 0.3187500000000001 0.8734375 0.3750000000000001 0.8734375
0 0.0984375000000001 0.7578125 0.03281250000000009 0.7578125 0.03281250000000009 0.8203125 0.09843750000000011 0.8203125
0 0.40625000000000017 0.9359375 0.34062500000000007 0.9359375 0.34062500000000007 0.996875 0.40625000000000017 0.996875
0 0.9796875 0.9265625 0.9625 0.9265625 0.9625 1 0.9796875 1
0 0.8421875 0.7515625000000001 0.8203125 0.7515625000000001 0.8203125 0.853125 0.8421875 0.853125
0 0.8625 0.5640625000000001 0.8390625 0.5640625000000001 0.8390625 0.6640625000000002 0.8625 0.6640625000000002
0 0.73125 0.3890625000000001 0.696875 0.3890625000000001 0.696875 0.4078125000000001 0.73125 0.4078125000000002
0 0.6796875 0.3890625000000001 0.6484375 0.3890625000000001 0.6484375 0.421875 0.6796875 0.421875
0 0.7171875 0.4203125 0.6859375 0.4203125 0.6859375 0.4671875 0.7171875 0.4671875
0 0.45 0.3890625000000001 0.4296875 0.3890625000000001 0.4296875 0.425 0.45 0.425
0 0.4828125 0.3890625000000001 0.45 0.3890625000000001 0.45 0.4171875 0.4828125 0.4171875
0 0.528125 0.3890625000000001 0.4953125 0.3890625000000001 0.4953125 0.4046875 0.528125 0.4046875
0 0.4625 0.4875 0.4296875 0.4875 0.4296875 0.5375 0.4625 0.5375
0 0.7609375 0.7125000000000001 0.728125 0.7125000000000001 0.7281250000000001 0.7562500000000002 0.7609375000000002 0.7562500000000002
0 0.7234375000000001 0.7125 0.69375 0.7125 0.6937500000000001 0.75625 0.7234375000000002 0.75625
0 0.6640625000000001 0.7125 0.6359375 0.7125 0.6359375 0.75625 0.6640625000000002 0.75625
0 0.6312500000000001 0.7140625 0.6 0.7140625 0.6000000000000001 0.7640625 0.6312500000000002 0.7640625
0 0.5937500000000001 0.7234375 0.565625 0.7234375 0.565625 0.7703125 0.5937500000000002 0.7703125
0 0.5562500000000001 0.7359375 0.5234375000000002 0.7359375 0.5234375000000002 0.7828125 0.5562500000000001 0.7828125
0 0.5187500000000002 0.746875 0.49218750000000017 0.746875 0.49218750000000017 0.7953125 0.5187500000000002 0.7953125
0 0.4781250000000002 0.759375 0.4500000000000002 0.759375 0.4500000000000002 0.8015625 0.4781250000000002 0.8015625
0 0.4468750000000002 0.7625 0.42968750000000017 0.7625 0.42968750000000017 0.8015625 0.4468750000000002 0.8015625
3 0.7515625 0.4718750000000001 0.7125 0.471875 0.7125 0.5328125000000001 0.7515625 0.5328125000000001