0 0.1328125 0.020312500000000015 0.084375 0.02031250000000001 0.084375 0.06406250000000001 0.1328125 0.06406250000000002
0 0.05 0.018750000000000003 2.296212748401287e-18 0.01875 5.070803152719509e-18 0.0640625 0.05 0.0640625
0 0.1796875 1.923078176786078e-17 0.134375 1.6456191363542558e-17 0.134375 0.01093750000000002 0.1796875 0.010937500000000022
0 0.2078125 0.018750000000000024 0.159375 0.018750000000000024 0.159375 0.06250000000000003 0.2078125 0.06250000000000003
0 0.2203125 0.06875000000000002 0.171875 0.06875000000000002 0.171875 0.11093750000000002 0.2203125 0.11093750000000005
0 0.271875 3.0520494447500445e-17 0.2265625 2.7745904043182222e-17 0.2265625 0.02343750000000003 0.271875 0.023437500000000035
0 0.2859375 0.02187500000000003 0.240625 0.021875000000000026 0.240625 0.06875000000000003 0.2859375 0.06875000000000005
0 0.409375 0.03593750000000005 0.3625 0.035937500000000046 0.3625 0.08281250000000004 0.409375 0.08281250000000004
1 0.1203125 0.06250000000000001 0.053125 0.0625 0.05312500000000001 0.1203125 0.1203125 0.1203125
3 0.0765625 5.1664786839028965e-18 0.0078125 9.567553118338697e-19 0.007812500000000002 0.020312500000000004 0.0765625 0.02031250000000001
3 0.35625 4.0375074159389303e-17 0.303125 3.7122106099154144e-17 0.303125 0.02812500000000004 0.35625 0.028125000000000046
3 0.4421875 4.975127621536122e-17 0.3703125 4.5350201780925416e-17 0.3703125 0.03593750000000005 0.4421875 0.03593750000000005
0 0.484375 0.30937500000000007 0.459375 0.30937500000000007 0.459375 0.3750000000000001 0.484375 0.3750000000000001
0 0.5015625 0.2671875000000001 0.4734375 0.2671875000000001 0.4734375 0.3343750000000001 0.5015625 0.3343750000000001
0 0.534375 0.22812500000000008 0.50625 0.22812500000000008 0.50625 0.2968750000000001 0.534375 0.2968750000000001
2 0.621875 0.2640625000000001 0.55 0.2640625000000001 0.55 0.41875 0.621875 0.41875
2 0.915625 0.36406250000000007 0.8078125 0.36406250000000007 0.8078125 0.4187500000000002 0.915625 0.4187500000000002
3 0.8109375 0.3843750000000001 0.7484375 0.3843750000000001 0.7484375 0.4187500000000002 0.8109375 0.4187500000000002
0 0.9625 0.3890625000000001 0.91875 0.3890625000000001 0.91875 0.4187500000000002 0.9625 0.4187500000000002
0 1 0.3906250000000001 0.9671875 0.3906250000000001 0.9671875 0.4187500000000002 1 0.4187500000000002
0 0.2562500000000001 0.6515625 0.2156250000000001 0.6515625 0.2156250000000001 0.7046875 0.2562500000000001 0.7046875
0 0.051562500000000046 0.41875 0.01093750000000005 0.41875 0.010937500000000053 0.4453125 0.051562500000000046 0.4453125
0 0.37187500000000007 0.41875 0.3296875000000001 0.41875 0.3296875000000001 0.459375 0.37187500000000007 0.459375
0 0.32500000000000007 0.41875 0.2906250000000001 0.41875 0.2906250000000001 0.4453125 0.32500000000000007 0.4453125
0 0.09062500000000005 0.453125 0.05312500000000005 0.453125 0.053125000000000054 0.503125 0.09062500000000007 0.503125
0 0.029687500000000068 0.503125 6.161504208210122e-17 0.503125 6.448530801760282e-17 0.55 0.029687500000000068 0.55
0 0.28593750000000007 0.41875 0.2515625000000001 0.41875 0.2515625000000001 0.4421875 0.28593750000000007 0.4421875
0 0.2531250000000001 0.41875 0.22031250000000008 0.41875 0.22031250000000008 0.4453125 0.2531250000000001 0.4453125
0 0.2234375000000001 0.41875 0.18750000000000006 0.41875 0.18750000000000006 0.4453125 0.2234375000000001 0.4453125
0 0.17656250000000004 0.41875 0.13906250000000003 0.41875 0.13906250000000003 0.446875 0.17656250000000004 0.446875
0 0.4265625 0.5265625 0.3843750000000001 0.5265625 0.3843750000000001 0.5875 0.4265625 0.5875
0 0.0437500000000001 0.7984375 0.004687500000000097 0.7984375 0.0046875000000001004 0.8453125 0.0437500000000001 0.8453125
0 0.0765625000000001 0.7890625 0.0406250000000001 0.7890625 0.0406250000000001 0.8359375 0.07656250000000012 0.8359375
0 0.13281250000000008 0.775 0.10000000000000009 0.775 0.10000000000000009 0.81875 0.13281250000000008 0.81875
0 0.1687500000000001 0.7734375 0.1359375000000001 0.7734375 0.1359375000000001 0.8171875 0.1687500000000001 0.8171875
0 0.2062500000000001 0.76875 0.17187500000000008 0.76875 0.17187500000000008 0.815625 0.2062500000000001 0.815625
0 0.2484375000000001 0.76875 0.2093750000000001 0.76875 0.2093750000000001 0.81875 0.2484375000000001 0.81875
0 0.2828125000000001 0.76875 0.2500000000000001 0.76875 0.2500000000000001 0.81875 0.2828125000000001 0.81875
0 0.3265625000000001 0.76875 0.2921875000000001 0.76875 0.2921875000000001 0.81875 0.3265625000000001 0.81875
0 0.34843750000000007 0.765625 0.3218750000000001 0.765625 0.3218750000000001 0.8109375 0.34843750000000007 0.8109375
0 0.3828125000000001 0.76875 0.3453125000000001 0.76875 0.3453125000000001 0.8140625 0.3828125000000001 0.8140625
0 0.4281250000000002 0.771875 0.3890625000000001 0.771875 0.3890625000000001 0.821875 0.4281250000000002 0.821875
3 0.01718750000000007 0.5625 6.888638245203862e-17 0.5625 7.280907923055748e-17 0.6265625 0.017187500000000078 0.6265625
0 0.49218750000000017 0.7421875 0.46093750000000017 0.7421875 0.46093750000000017 0.796875 0.49218750000000017 0.796875
0 0.4656250000000002 0.753125 0.4593750000000002 0.753125 0.4593750000000002 0.796875 0.4656250000000002 0.796875
0 0.478125 0.5109375 0.459375 0.5109375 0.459375 0.55625 0.478125 0.55625
0 0.521875 0.50625 0.490625 0.50625 0.490625 0.559375 0.521875 0.559375
0 0.7609375000000002 0.7562500000000002 0.7359375000000001 0.7562500000000002 0.7359375000000001 0.803125 0.7609375000000002 0.803125
0 0.7812500000000002 0.7546875000000002 0.7562500000000002 0.7546875000000002 0.7562500000000002 0.8 0.7812500000000002 0.8
0 0.80625 0.7500000000000002 0.7812500000000002 0.7500000000000002 0.7812500000000002 0.7984375000000001 0.80625 0.7984375000000001
0 0.8390625 0.7468750000000002 0.809375 0.7468750000000002 0.809375 0.7953125000000002 0.8390625 0.7953125000000002
0 0.865625 0.7484375000000002 0.8375 0.7484375000000002 0.8375 0.7953125000000002 0.865625 0.7953125000000002
0 0.8859375 0.7484375000000002 0.8609375 0.7484375000000002 0.8609375 0.7953125000000002 0.8859375 0.7953125000000002
0 1 0.4234375000000002 0.978125 0.4234375000000002 0.978125 0.4734375000000002 1 0.4734375000000002
0 0.9828125 0.42500000000000016 0.9546875 0.42500000000000016 0.9546875 0.47187500000000016 0.9828125 0.47187500000000016
0 0.95625 0.4234375000000002 0.928125 0.4234375000000002 0.928125 0.4734375000000002 0.95625 0.4734375000000002
0 0.93125 0.4265625000000002 0.90625 0.4265625000000002 0.90625 0.4734375000000002 0.93125 0.4734375000000002
0 0.9078125 0.42187500000000017 0.8765625 0.42187500000000017 0.8765625 0.4781250000000002 0.9078125 0.4781250000000002
0 0.8765625 0.42968750000000017 0.85 0.42968750000000017 0.85 0.47656250000000017 0.8765625 0.47656250000000017
0 0.8484375 0.4359375000000002 0.821875 0.4359375000000002 0.821875 0.4781250000000002 0.8484375 0.4781250000000002
0 0.7828125 0.4343750000000002 0.75625 0.4343750000000002 0.75625 0.48437500000000017 0.7828125 0.48437500000000017
0 0.6421875 0.459375 0.615625 0.459375 0.615625 0.5015625 0.6421875 0.5015625
0 0.621875 0.459375 0.5984375 0.459375 0.5984375 0.503125 0.621875 0.503125
0 0.603125 0.45 0.571875 0.45 0.571875 0.50625 0.603125 0.50625
0 0.575 0.465625 0.5484375 0.465625 0.5484375 0.5078125 0.575 0.5078125
0 0.55 0.4625 0.528125 0.4625 0.528125 0.509375 0.55 0.509375
0 0.5296875 0.4640625 0.50625 0.4640625 0.50625 0.5046875 0.5296875 0.5046875
0 0.5078125 0.4578125 0.4796875 0.4578125 0.4796875 0.5078125 0.5078125 0.5078125
0 0.4765625 0.4609375 0.459375 0.4609375 0.459375 0.50625 0.4765625 0.50625