2 0.22031250000000008 0.615625 0.10156250000000008 0.615625 0.10156250000000008 0.66875 0.22031250000000008 0.66875
0 0.3078125000000001 0.6265625 0.26250000000000007 0.6265625 0.26250000000000007 0.659375 0.3078125000000001 0.659375
0 0.3125000000000001 0.58125 0.2656250000000001 0.58125 0.2656250000000001 0.615625 0.3125000000000001 0.615625
0 0.2468750000000001 0.571875 0.2000000000000001 0.571875 0.2000000000000001 0.609375 0.2468750000000001 0.609375
0 0.1843750000000001 0.56875 0.1437500000000001 0.56875 0.1437500000000001 0.603125 0.1843750000000001 0.603125
3 0.10000000000000009 0.565625 0.04531250000000007 0.565625 0.045312500000000075 0.603125 0.10000000000000009 0.603125
3 0.2500000000000001 0.4875 0.19843750000000004 0.4875 0.19843750000000004 0.5234375 0.2500000000000001 0.5234375
0 0.3546875000000001 0.4375 0.3140625000000001 0.4375 0.3140625000000001 0.48125 0.3546875000000001 0.48125
0 0.58125 0.4296875 0.5625 0.4296875 0.5625 0.4875 0.58125 0.4875
0 0.540625 0.4046875 0.5234375 0.4046875 0.5234375 0.478125 0.540625 0.478125
0 0.4515625 0.3343750000000001 0.4140625 0.3343750000000001 0.4140625 0.4078125 0.4515625 0.4078125
0 0.48125 0.2171875000000001 0.4578125 0.2171875000000001 0.4578125 0.2875000000000001 0.48125 0.2875000000000001
0 0.503125 0.026562500000000062 0.48125 0.026562500000000055 0.48125 0.09843750000000007 0.503125 0.09843750000000007
0 0.18750000000000008 0.671875 0.14062500000000008 0.671875 0.14062500000000008 0.70625 0.18750000000000008 0.70625
0 0.7015625 0.59375 0.6625 0.59375 0.6625 0.6296875 0.7015625 0.6296875
0 0.7765625 0.5515625000000002 0.7359375 0.5515625000000002 0.7359375 0.5828125000000002 0.7765625 0.5828125000000002
0 0.7515625 0.5046875000000001 0.7109375 0.5046875 0.7109375 0.5375000000000001 0.7515625 0.5375000000000002
0 0.76875 0.4656250000000002 0.7296875 0.4656250000000002 0.7296875 0.49531250000000016 0.76875 0.49531250000000016
0 0.821875 0.4671875000000002 0.7796875 0.4671875000000002 0.7796875 0.4968750000000002 0.821875 0.4968750000000002
0 0.815625 0.5031250000000002 0.771875 0.5031250000000002 0.771875 0.5343750000000002 0.815625 0.5343750000000002
0 0.871875 0.5031250000000002 0.8265625 0.5031250000000002 0.8265625 0.5375000000000002 0.871875 0.5375000000000002
0 0.9296875 0.5015625000000001 0.884375 0.5015625000000001 0.884375 0.5343750000000002 0.9296875 0.5343750000000002