0 0.521875 0.2453125000000001 0.4875 0.2453125000000001 0.4875 0.2750000000000001 0.521875 0.2750000000000001
0 0.7046875 0.24375000000000008 0.6640625 0.24375000000000008 0.6640625 0.27812500000000007 0.7046875 0.27812500000000007
0 0.7375 0.12343750000000009 0.7 0.12343750000000009 0.7 0.1828125000000001 0.7375 0.1828125000000001
0 0.3484375 0.2921875 0.3078125 0.2921875 0.3078125 0.3203125 0.3484375 0.3203125
0 0.23125 0.2390625 0.19218750000000004 0.2390625 0.19218750000000004 0.2734375 0.23125 0.2734375
0 0.17968750000000008 0.65625 0.1281250000000001 0.65625 0.1281250000000001 0.7078125 0.17968750000000008 0.7078125
0 0.16250000000000003 0.5 0.11250000000000004 0.5 0.11250000000000004 0.5328125 0.16250000000000003 0.5328125
0 0.020312500000000115 0.9046875 1.1079226511036212e-16 0.9046875 1.146192863576976e-16 0.9671875 0.020312500000000115 0.9671875
0 0.99375 0.7265625000000002 0.9765625 0.7265625000000002 0.9765625 0.821875 0.99375 0.821875
0 0.9078125 0.5515625000000002 0.8859375 0.5515625000000002 0.8859375 0.6640625000000002 0.9078125 0.6640625000000002
0 0.8125 0.7312500000000002 0.7781250000000002 0.7312500000000002 0.7781250000000002 0.7968750000000002 0.8125 0.7968750000000002
0 0.721875 0.5109375 0.690625 0.5109375 0.690625 0.55625 0.721875 0.55625
0 0.709375 0.4578125 0.6796875 0.4578125 0.6796875 0.4984375 0.709375 0.4984375
0 0.7421875 0.45000000000000007 0.7171875 0.45 0.7171875 0.4906250000000001 0.7421875 0.4906250000000002
0 0.7828125 0.44062500000000016 0.753125 0.44062500000000016 0.753125 0.4859375000000002 0.7828125 0.4859375000000002
0 0.3984375000000001 0.528125 0.36406250000000007 0.528125 0.36406250000000007 0.578125 0.3984375000000001 0.578125
0 0.434375 0.509375 0.40625 0.509375 0.40625 0.55625 0.434375 0.55625
0 0.5078125 0.5640625 0.4796875 0.5640625 0.4796875 0.609375 0.5078125 0.609375
0 0.6359375 0.5828125 0.60625 0.5828125 0.60625 0.628125 0.6359375 0.628125
0 0.475 0.5015625 0.446875 0.5015625 0.446875 0.546875 0.475 0.546875
0 0.5046875 0.5 0.4796875 0.5 0.4796875 0.540625 0.5046875 0.540625
0 0.540625 0.496875 0.509375 0.496875 0.509375 0.5375 0.540625 0.5375
0 0.584375 0.4859375 0.55625 0.4859375 0.55625 0.5234375 0.584375 0.5234375
0 0.22812500000000008 0.4015625 0.2140625000000001 0.4015625 0.2140625000000001 0.4921875 0.22812500000000008 0.4921875
0 0.22500000000000003 0.3296875 0.209375 0.3296875 0.20937500000000003 0.3890625 0.2250000000000001 0.3890625
0 0.2828125 0.3453125 0.2703125 0.3453125 0.27031250000000007 0.4453125 0.2828125000000001 0.4453125
0 0.29375000000000007 0.8515625 0.26250000000000007 0.8515625 0.26250000000000007 0.8921875 0.29375000000000007 0.8921875
0 0.7953125000000002 0.8515625 0.7640625000000002 0.8515625 0.7640625000000002 0.89375 0.7953125000000002 0.89375
0 0.7593750000000001 0.846875 0.7281250000000001 0.846875 0.7281250000000001 0.8875 0.7593750000000001 0.8875
0 0.6984375000000002 0.8421875 0.6703125000000002 0.8421875 0.6703125000000002 0.884375 0.6984375000000002 0.884375
0 0.6640625000000002 0.846875 0.6359375000000002 0.846875 0.6359375000000002 0.8890625 0.6640625000000002 0.8890625
0 0.6265625000000001 0.85 0.5984375000000002 0.85 0.5984375000000002 0.8953125 0.6265625000000001 0.8953125
0 0.5890625000000002 0.8578125 0.5546875000000002 0.8578125 0.5546875000000002 0.9046875 0.5890625000000002 0.9046875
0 0.5500000000000002 0.8671875 0.5250000000000001 0.8671875 0.5250000000000001 0.9140625 0.5500000000000002 0.9140625
0 0.5093750000000001 0.8796875 0.4812500000000002 0.8796875 0.4812500000000002 0.9171875 0.5093750000000001 0.9171875
0 0.47656250000000017 0.878125 0.4578125000000002 0.878125 0.4578125000000002 0.9234375 0.47656250000000017 0.9234375
0 0.45625000000000016 0.8859375 0.4234375000000002 0.8859375 0.4234375000000002 0.928125 0.45625000000000016 0.928125
0 0.4125000000000002 0.89375 0.3812500000000001 0.89375 0.3812500000000001 0.940625 0.4125000000000002 0.940625
0 0.3375000000000001 0.9125 0.3140625000000001 0.9125 0.3140625000000001 0.9578125 0.3375000000000001 0.9578125
3 0.6375 0.6484375 0.603125 0.6484375 0.603125 0.7046875 0.6375 0.7046875