2 0.4453125 0.010937500000000051 0.3953125 0.010937500000000048 0.3953125 0.2078125000000001 0.4453125 0.2078125000000001
3 0.334375 0.06406250000000005 0.30625 0.06406250000000005 0.30625 0.13906250000000003 0.334375 0.13906250000000003
0 0.9328125 0.017187500000000112 0.896875 0.017187500000000112 0.896875 0.06562500000000011 0.9328125 0.06562500000000011
0 0.5 0.04375000000000006 0.4890625 0.04375000000000005 0.4890625 0.08906250000000007 0.5 0.08906250000000007
0 0.68125 8.208960575534602e-17 0.659375 8.075014831877861e-17 0.659375 0.018750000000000083 0.68125 0.018750000000000083
0 0.8234375 0.14062500000000008 0.7890625 0.14062500000000008 0.7890625 0.1859375000000001 0.8234375 0.1859375000000001
0 0.8578125 0.1359375000000001 0.825 0.1359375000000001 0.825 0.1781250000000001 0.8578125 0.1781250000000001
0 0.915625 0.1250000000000001 0.884375 0.12500000000000008 0.884375 0.16875000000000012 0.915625 0.16875000000000012
0 0.95 0.12500000000000014 0.9203125 0.12500000000000014 0.9203125 0.16875000000000012 0.95 0.16875000000000012
0 0.9875 0.12656250000000013 0.9578125 0.12656250000000013 0.9578125 0.17656250000000012 0.9875 0.17656250000000012
0 0.4359375000000002 0.775 0.3984375000000001 0.775 0.3984375000000001 0.825 0.4359375000000002 0.825
0 0.0796875000000001 0.7859375 0.057812500000000086 0.7859375 0.0578125000000001 0.86875 0.0796875000000001 0.86875
0 0.18750000000000008 0.55 0.1531250000000001 0.55 0.1531250000000001 0.5921875 0.18750000000000008 0.5921875
0 0.2593750000000001 0.4984375 0.2218750000000001 0.4984375 0.2218750000000001 0.5484375 0.2593750000000001 0.5484375
0 0.2171875000000001 0.4953125 0.18906250000000005 0.4953125 0.18906250000000008 0.5453125 0.2171875000000001 0.5453125
0 0.18281250000000004 0.4921875 0.15000000000000005 0.4921875 0.15000000000000005 0.540625 0.18281250000000004 0.540625
0 0.2906250000000001 0.5609375 0.2578125000000001 0.5609375 0.2578125000000001 0.609375 0.2906250000000001 0.609375
0 0.22656250000000008 0.60625 0.19531250000000008 0.60625 0.19531250000000008 0.65 0.22656250000000008 0.65
0 0.4890625 0.525 0.4609375 0.525 0.4609375 0.56875 0.4890625 0.56875
0 0.459375 0.525 0.43125 0.525 0.43125 0.56875 0.459375 0.56875
0 0.4296875 0.5265625 0.3968750000000001 0.5265625 0.3968750000000001 0.5671875 0.4296875 0.5671875
0 0.3828125000000001 0.5171875 0.3500000000000001 0.5171875 0.3500000000000001 0.5625 0.3828125000000001 0.5625
0 0.2078125000000001 0.9 0.17343750000000008 0.9 0.1734375000000001 0.9453125 0.2078125000000001 0.9453125
0 0.24218750000000008 0.8953125 0.21093750000000008 0.8953125 0.21093750000000008 0.9390625 0.24218750000000008 0.9390625
0 0.3000000000000001 0.884375 0.2718750000000001 0.884375 0.2718750000000001 0.9265625 0.3000000000000001 0.9265625
0 0.3359375000000001 0.8875 0.3062500000000001 0.8875 0.3062500000000001 0.9296875 0.3359375000000001 0.9296875
0 0.3734375000000001 0.8875 0.3437500000000001 0.8875 0.3437500000000001 0.93125 0.3734375000000001 0.93125
0 0.4156250000000002 0.890625 0.3812500000000001 0.890625 0.3812500000000001 0.9390625 0.4156250000000002 0.9390625
0 0.44843750000000016 0.896875 0.4203125000000002 0.896875 0.4203125000000002 0.94375 0.44843750000000016 0.94375
0 0.4890625000000002 0.8984375 0.4625000000000002 0.8984375 0.4625000000000002 0.9453125 0.4890625000000002 0.9453125
3 0.2062500000000001 0.6625 0.1687500000000001 0.6625 0.1687500000000001 0.7234375 0.2062500000000001 0.7234375