0 0.384375 0.20312500000000006 0.340625 0.203125 0.340625 0.24218750000000006 0.384375 0.24218750000000008
0 0.15156250000000004 0.1921875 0.10937500000000004 0.1921875 0.10937500000000004 0.234375 0.15156250000000004 0.234375
0 1 0.09843750000000012 0.990625 0.09843750000000011 0.990625 0.13437500000000013 1 0.13437500000000013
0 0.975 0.015625000000000118 0.9328125 0.015625000000000118 0.9328125 0.05156250000000011 0.975 0.05156250000000011
0 0.925 0.2953125000000001 0.878125 0.2953125000000001 0.878125 0.3281250000000001 0.925 0.3281250000000001
0 0.6296875 0.1281250000000001 0.5890625 0.1281250000000001 0.5890625 0.1625000000000001 0.6296875 0.1625000000000001
0 0.5578125 0.2015625000000001 0.5171875 0.2015625000000001 0.5171875 0.2484375000000001 0.5578125 0.2484375000000001
0 0.434375 0.37968750000000007 0.409375 0.37968750000000007 0.409375 0.4046875 0.434375 0.4046875
0 0.3109375000000001 0.6703125 0.29375000000000007 0.6703125 0.29375000000000007 0.753125 0.3109375000000001 0.753125
0 0.18750000000000006 0.45 0.15625000000000006 0.45 0.15625000000000006 0.490625 0.18750000000000006 0.490625
0 0.11250000000000004 0.40625 0.07812500000000004 0.40625 0.07812500000000006 0.4546875 0.11250000000000004 0.4546875
0 0.14531250000000004 0.3984375 0.11875000000000005 0.3984375 0.11875000000000005 0.446875 0.14531250000000004 0.446875
0 0.18281250000000004 0.390625 0.15156250000000004 0.390625 0.15156250000000004 0.4375 0.18281250000000004 0.4375
0 0.08437500000000006 0.4734375 0.05312500000000007 0.4734375 0.05312500000000007 0.5203125 0.08437500000000006 0.5203125
0 0.15312500000000007 0.509375 0.12343750000000005 0.509375 0.12343750000000006 0.553125 0.1531250000000001 0.553125
0 0.2093750000000001 0.7984375 0.1765625000000001 0.7984375 0.1765625000000001 0.8421875 0.2093750000000001 0.8421875
0 0.17187500000000008 0.7984375 0.14218750000000008 0.7984375 0.14218750000000008 0.8421875 0.17187500000000008 0.8421875
0 0.10937500000000008 0.796875 0.0828125000000001 0.796875 0.0828125000000001 0.8375 0.10937500000000008 0.8375
0 0.0765625000000001 0.803125 0.050000000000000086 0.803125 0.0500000000000001 0.84375 0.07656250000000012 0.84375
0 0.0406250000000001 0.80625 0.0125000000000001 0.80625 0.012500000000000103 0.85 0.0406250000000001 0.85
3 0.1859375000000001 0.5625 0.1515625000000001 0.5625 0.1515625000000001 0.621875 0.1859375000000001 0.621875
0 0.53125 0.528125 0.4796875 0.528125 0.4796875 0.584375 0.53125 0.584375
0 0.8359375 0.7156250000000002 0.771875 0.7156250000000002 0.7718750000000001 0.7765625000000002 0.8359375 0.7765625000000002
0 0.5484375000000001 0.6953125 0.51875 0.6953125 0.51875 0.7625 0.5484375000000001 0.7625
0 0.5687500000000002 0.8921875 0.5390625000000002 0.8921875 0.5390625000000002 0.95625 0.5687500000000002 0.95625
0 0.5343750000000002 0.8484375 0.5031250000000002 0.8484375 0.5031250000000002 0.9265625 0.5343750000000002 0.9265625
0 0.5046875000000002 0.859375 0.47968750000000016 0.859375 0.47968750000000016 0.9390625 0.5046875000000002 0.9390625