0 0.4015625 0.24375000000000005 0.3625 0.24375 0.3625 0.275 0.4015625 0.2750000000000001
0 0.2640625 0.225 0.2234375 0.225 0.2234375 0.265625 0.2640625 0.265625
0 0.3828125000000001 0.37812500000000004 0.3390625000000001 0.378125 0.3390625000000001 0.41875 0.3828125000000001 0.41875
0 0.3296875000000001 0.3765625 0.2812500000000001 0.3765625 0.2812500000000001 0.4171875 0.3296875000000001 0.4171875
0 0.37031250000000004 0.33593750000000006 0.33125 0.3359375 0.33125000000000004 0.37500000000000006 0.3703125000000001 0.3750000000000001
0 0.321875 0.3359375 0.2859375 0.3359375 0.28593750000000007 0.3703125 0.3218750000000001 0.3703125
0 0.8734375 0.1906250000000001 0.8328125 0.1906250000000001 0.8328125 0.2484375000000001 0.8734375 0.2484375000000001
0 0.9828125 0.3937500000000001 0.94375 0.3937500000000001 0.94375 0.4187500000000002 0.9828125 0.4187500000000002
0 0.3125000000000001 0.840625 0.2765625000000001 0.840625 0.2765625000000001 0.865625 0.3125000000000001 0.865625
0 0.23593750000000008 0.8328125 0.19687500000000008 0.8328125 0.19687500000000008 0.8609375 0.23593750000000008 0.8609375
0 0.2718750000000001 0.8671875 0.23593750000000008 0.8671875 0.23593750000000008 0.896875 0.2718750000000001 0.896875
0 0.1281250000000001 0.853125 0.09375000000000011 0.853125 0.09375000000000011 0.8828125 0.1281250000000001 0.8828125
0 0.1609375000000001 0.8234375 0.12500000000000008 0.8234375 0.12500000000000008 0.8515625 0.1609375000000001 0.8515625
0 0.0765625000000001 0.809375 0.0421875000000001 0.809375 0.0421875000000001 0.8375 0.07656250000000012 0.8375
0 0.1390625000000001 0.6859375 0.1062500000000001 0.6859375 0.1062500000000001 0.7140625 0.1390625000000001 0.7140625
3 0.01875000000000008 0.6453125 7.902798875747763e-17 0.6453125 8.103717491232877e-17 0.678125 0.018750000000000083 0.678125
0 0.04062500000000011 0.890625 0.007812500000000108 0.890625 0.007812500000000113 0.94375 0.04062500000000011 0.94375
2 1 0.5453125000000002 0.9046875 0.5453125000000002 0.9046875 0.7093750000000002 1 0.7093750000000002
0 0.875 0.7578125000000002 0.8421875 0.7578125000000002 0.8421875 0.821875 0.875 0.821875
0 0.615625 0.590625 0.56875 0.590625 0.56875 0.6328125 0.615625 0.6328125
0 0.5640625 0.5890625 0.51875 0.5890625 0.51875 0.628125 0.5640625 0.628125