2 0.4546875000000001 0.6703125 0.3218750000000001 0.6703125 0.3218750000000001 0.7328125 0.4546875000000002 0.7328125
3 0.5140625 0.13906250000000003 0.4921875 0.13906250000000003 0.4921875 0.21875000000000008 0.5140625 0.21875000000000008
0 0.2453125000000001 0.584375 0.2000000000000001 0.584375 0.2000000000000001 0.621875 0.2453125000000001 0.621875
0 0.31718750000000007 0.5828125 0.27031250000000007 0.5828125 0.27031250000000007 0.6234375 0.31718750000000007 0.6234375
0 0.3031250000000001 0.6328125 0.2593750000000001 0.6328125 0.2593750000000001 0.6734375 0.3031250000000001 0.6734375
0 0.23437500000000008 0.63125 0.1921875000000001 0.63125 0.1921875000000001 0.665625 0.23437500000000008 0.665625
0 0.7234375 0.6234375 0.6796875 0.6234375 0.6796875 0.675 0.7234375 0.675
0 0.4828125 0.3140625000000001 0.4609375 0.3140625000000001 0.4609375 0.39531250000000007 0.4828125 0.39531250000000007
0 0.509375 0.4078125 0.4890625 0.4078125 0.4890625 0.4765625 0.509375 0.4765625
0 0.546875 0.46875 0.5265625 0.46875 0.5265625 0.5421875 0.546875 0.5421875
0 0.5328125000000001 0.684375 0.5125 0.684375 0.5125000000000001 0.75 0.5328125000000001 0.75
0 0.653125 0.4125 0.60625 0.4125 0.60625 0.4625 0.653125 0.4625
0 0.6375000000000002 0.83125 0.6125000000000002 0.83125 0.6125000000000002 0.9046875 0.6375000000000002 0.9046875
0 0.5546875000000002 0.9296875 0.5312500000000002 0.9296875 0.5312500000000002 1 0.5546875000000002 1
0 0.875 0.5671875000000002 0.834375 0.5671875000000002 0.834375 0.6015625000000002 0.875 0.6015625000000002
0 0.7875 0.5281250000000002 0.746875 0.5281250000000002 0.746875 0.5578125000000002 0.7875 0.5578125000000002
0 0.778125 0.47968750000000016 0.7359375 0.47968750000000016 0.7359375 0.5140625000000002 0.778125 0.5140625000000002
0 0.828125 0.47656250000000017 0.7890625 0.47656250000000017 0.7890625 0.5078125000000002 0.828125 0.5078125000000002
0 0.90625 0.46875000000000017 0.8625 0.46875000000000017 0.8625 0.5031250000000002 0.90625 0.5031250000000002
0 0.96875 0.46406250000000016 0.921875 0.46406250000000016 0.921875 0.4984375000000002 0.96875 0.4984375000000002
0 0.9484375 0.5109375000000002 0.9046875 0.5109375000000002 0.9046875 0.5453125000000002 0.9484375 0.5453125000000002