2 0.3015625 0.234375 0.19687500000000005 0.234375 0.19687500000000005 0.2953125 0.3015625 0.2953125
3 0.4578125 0.3156250000000001 0.4125 0.3156250000000001 0.4125 0.3390625000000001 0.4578125 0.3390625000000001
0 0.609375 0.2953125000000001 0.584375 0.2953125000000001 0.584375 0.32500000000000007 0.609375 0.32500000000000007
0 0.453125 0.2078125000000001 0.421875 0.2078125000000001 0.421875 0.2375000000000001 0.453125 0.2375000000000001
0 0.203125 0.13281250000000003 0.1703125 0.1328125 0.1703125 0.1609375 0.203125 0.16093750000000004
0 0.2453125 0.16718750000000004 0.209375 0.16718750000000004 0.209375 0.2 0.2453125 0.2
0 0.2828125 0.17812500000000003 0.25 0.17812500000000003 0.25 0.2078125 0.2828125 0.2078125
0 0.334375 0.19218750000000004 0.3015625 0.19218750000000004 0.3015625 0.221875 0.334375 0.221875
0 0.3734375 0.20312500000000006 0.340625 0.203125 0.340625 0.22968750000000004 0.3734375 0.2296875000000001
0 0.371875 0.22500000000000003 0.3359375 0.225 0.3359375 0.25468750000000007 0.371875 0.25468750000000007
0 0.17343750000000005 0.2953125 0.14062500000000006 0.2953125 0.14062500000000006 0.325 0.17343750000000005 0.325
0 0.02343750000000003 0.246875 3.023346785395028e-17 0.246875 3.2146978477618024e-17 0.278125 0.023437500000000035 0.278125
0 0.06718750000000004 0.2671875 0.03437500000000003 0.2671875 0.03437500000000003 0.296875 0.06718750000000004 0.296875
0 1 0.11250000000000013 0.9796875 0.11250000000000013 0.9796875 0.16093750000000012 1 0.16093750000000012
0 0.96875 0.10781250000000013 0.934375 0.10781250000000013 0.934375 0.16093750000000012 0.96875 0.16093750000000012
0 0.6390625 0.02656250000000008 0.6109375 0.02656250000000008 0.6109375 0.07187500000000008 0.6390625 0.07187500000000009
0 0.70625 0.029687500000000082 0.678125 0.02968750000000008 0.678125 0.07656250000000009 0.70625 0.07656250000000009
0 0.84375 0.0562500000000001 0.815625 0.05625000000000009 0.815625 0.10000000000000009 0.84375 0.10000000000000009
0 0.8625 0.057812500000000114 0.8375 0.057812500000000114 0.8375 0.10312500000000009 0.8625 0.10312500000000009
0 0.8890625 0.05156250000000011 0.85625 0.05156250000000011 0.85625 0.10781250000000009 0.8890625 0.10781250000000009
0 0.9125 0.06562500000000011 0.8828125 0.06562500000000011 0.8828125 0.1109375000000001 0.9125 0.11093750000000013
0 0.9296875 0.0640625000000001 0.9078125 0.0640625000000001 0.9078125 0.10625000000000014 0.9296875 0.10625000000000014
0 0.953125 0.06718750000000011 0.9296875 0.06718750000000011 0.9296875 0.10781250000000013 0.953125 0.10781250000000013
0 0.98125 0.06250000000000011 0.9515625 0.06250000000000011 0.9515625 0.11093750000000013 0.98125 0.11093750000000013
0 1 0.06250000000000012 0.9796875 0.06250000000000011 0.9796875 0.11406250000000014 1 0.11406250000000014
0 0.609375 0.4171875 0.5953125 0.4171875 0.5953125 0.53125 0.609375 0.53125
0 0.5078125 0.56875 0.459375 0.56875 0.459375 0.640625 0.5078125 0.640625
0 0.6093750000000002 0.9515625 0.5781250000000002 0.9515625 0.5781250000000002 1 0.6093750000000002 1
0 0.46875 0.3390625000000001 0.428125 0.3390625000000001 0.428125 0.3859375000000001 0.46875 0.3859375000000001
0 0.25000000000000006 0.3390625 0.2109375 0.3390625 0.21093750000000006 0.3890625 0.2500000000000001 0.3890625
0 0.3703125000000001 0.38593750000000004 0.3312500000000001 0.3859375 0.3312500000000001 0.4375 0.3703125000000001 0.4375
0 0.4640625000000001 0.6828125 0.4234375 0.6828125 0.4234375000000001 0.73125 0.46406250000000016 0.73125
0 0.43125 0.671875 0.3921875000000001 0.671875 0.3921875000000001 0.7171875 0.43125 0.7171875
0 0.37187500000000007 0.653125 0.3359375000000001 0.653125 0.3359375000000001 0.7 0.37187500000000007 0.7
0 0.3390625000000001 0.65 0.30156250000000007 0.65 0.30156250000000007 0.696875 0.3390625000000001 0.696875
0 0.30156250000000007 0.64375 0.2640625000000001 0.64375 0.2640625000000001 0.69375 0.30156250000000007 0.69375
0 0.26250000000000007 0.6421875 0.21875000000000008 0.6421875 0.21875000000000008 0.696875 0.26250000000000007 0.696875
0 0.2234375000000001 0.6453125 0.18750000000000008 0.6453125 0.18750000000000008 0.696875 0.2234375000000001 0.696875
0 0.17968750000000008 0.646875 0.1453125000000001 0.646875 0.1453125000000001 0.6890625 0.17968750000000008 0.6890625
0 0.15000000000000008 0.6390625 0.12031250000000009 0.6390625 0.12031250000000009 0.6875 0.15000000000000008 0.6875
0 0.12656250000000008 0.640625 0.08437500000000009 0.640625 0.08437500000000009 0.6890625 0.12656250000000008 0.6890625
0 0.0828125000000001 0.6375 0.04218750000000008 0.6375 0.042187500000000086 0.690625 0.0828125000000001 0.690625
3 0.35625000000000007 0.4484375 0.30937500000000007 0.4484375 0.30937500000000007 0.5109375 0.35625000000000007 0.5109375
0 0.8921875 0.5265625000000002 0.853125 0.5265625000000002 0.853125 0.6046875000000002 0.8921875 0.6046875000000002
0 0.690625 0.5609375 0.640625 0.5609375 0.640625 0.6078125 0.690625 0.6078125
0 0.68125 0.51875 0.634375 0.51875 0.634375 0.559375 0.68125 0.559375
0 0.903125 0.3390625000000001 0.86875 0.3390625000000001 0.86875 0.3546875000000001 0.903125 0.3546875000000001
0 1 0.4265625000000002 0.95625 0.4265625000000002 0.95625 0.5015625000000001 1 0.5015625000000001
0 0.65625 0.5984375 0.609375 0.5984375 0.609375 0.6390625 0.65625 0.6390625
0 0.6296875 0.546875 0.609375 0.546875 0.609375 0.5859375 0.6296875 0.5859375
0 0.6578125 0.6546875 0.6140625 0.6546875 0.6140625 0.69375 0.6578125 0.69375