0 0.2296875 0.33125 0.18281250000000004 0.33125 0.18281250000000004 0.35 0.2296875 0.35
0 0.3796875 0.14843750000000006 0.3390625 0.14843750000000006 0.3390625 0.19218750000000004 0.3796875 0.19218750000000004
0 0.3796875 0.19687500000000005 0.35 0.19687500000000005 0.35 0.24687500000000004 0.3796875 0.2468750000000001
0 0.3796875 0.259375 0.359375 0.259375 0.359375 0.30156250000000007 0.3796875 0.30156250000000007
0 0.640625 0.07031250000000008 0.6078125 0.07031250000000007 0.6078125 0.1359375000000001 0.640625 0.1359375000000001
0 0.8546875 1.0265984495977421e-16 0.821875 1.0065065880492308e-16 0.821875 0.0468750000000001 0.8546875 0.0468750000000001
0 0.95 0.03281250000000011 0.91875 0.03281250000000011 0.91875 0.07812500000000011 0.95 0.07812500000000011
0 0.9234375 0.042187500000000114 0.9046875 0.042187500000000114 0.9046875 0.07656250000000012 0.9234375 0.07656250000000012
0 0.43125 5.109073365192865e-17 0.403125 4.9368574090627673e-17 0.403125 0.017187500000000053 0.43125 0.017187500000000057
0 0.4640625 5.482207936808073e-17 0.43125 5.281289321322961e-17 0.43125 0.018750000000000055 0.4640625 0.018750000000000055
0 0.4984375 5.922315380251653e-17 0.46875 5.740531871003217e-17 0.46875 0.017187500000000057 0.4984375 0.01718750000000006
0 0.5265625 6.285882398748523e-17 0.5 6.123233995736766e-17 0.5 0.014062500000000065 0.5265625 0.014062500000000066
0 0.9453125 0.08437500000000012 0.9203125 0.08437500000000012 0.9203125 0.12500000000000014 0.9453125 0.12500000000000014
0 0.9671875 0.08125000000000011 0.940625 0.08125000000000011 0.940625 0.12187500000000014 0.9671875 0.12187500000000014
0 0.990625 0.07343750000000011 0.965625 0.07343750000000011 0.965625 0.11875000000000013 0.990625 0.11875000000000013
0 1 0.06718750000000012 0.9921875 0.06718750000000011 0.9921875 0.11093750000000013 1 0.11093750000000013
0 0.7328125 0.02968750000000009 0.7078125 0.02968750000000009 0.7078125 0.07187500000000009 0.7328125 0.07187500000000009
0 0.1062500000000001 0.7671875 0.05625000000000009 0.7671875 0.05625000000000009 0.80625 0.1062500000000001 0.80625
0 0.37968750000000007 0.8421875 0.3500000000000001 0.8421875 0.3500000000000001 0.93125 0.37968750000000007 0.93125
0 0.6218750000000002 0.9328125 0.5890625000000002 0.9328125 0.5890625000000002 0.9859375 0.6218750000000002 0.9859375
0 0.7265625000000002 0.953125 0.6937500000000002 0.953125 0.6937500000000002 1 0.7265625000000002 1
0 0.7000000000000002 0.9609375 0.6781250000000002 0.9609375 0.6781250000000002 1 0.7000000000000002 1
0 0.4031250000000002 0.8015625 0.37968750000000007 0.8015625 0.37968750000000007 0.8515625 0.4031250000000002 0.8515625
0 0.41406250000000017 0.8546875 0.3828125000000001 0.8546875 0.3828125000000001 0.9078125 0.41406250000000017 0.9078125
0 0.4390625000000002 0.809375 0.4125000000000002 0.809375 0.4125000000000002 0.85625 0.4390625000000002 0.85625
0 0.4468750000000002 0.8515625 0.4125000000000002 0.8515625 0.4125000000000002 0.9109375 0.4468750000000002 0.9109375
0 0.4812500000000002 0.8625 0.4500000000000002 0.8625 0.4500000000000002 0.9109375 0.4812500000000002 0.9109375
0 0.5078125000000002 0.859375 0.4812500000000002 0.859375 0.4812500000000002 0.90625 0.5078125000000002 0.90625
0 0.4703125000000002 0.8 0.43750000000000017 0.8 0.43750000000000017 0.8515625 0.4703125000000002 0.8515625
0 0.4859375000000002 0.73125 0.4515625000000002 0.73125 0.4515625000000002 0.7921875 0.4859375000000002 0.7921875
0 0.5437500000000002 0.74375 0.5125000000000002 0.74375 0.5125000000000002 0.7921875 0.5437500000000002 0.7921875
0 0.5828125000000002 0.734375 0.5484375000000001 0.734375 0.5484375000000001 0.7921875 0.5828125000000002 0.7921875
0 0.6015625000000002 0.74375 0.5781250000000002 0.74375 0.5781250000000002 0.7859375 0.6015625000000002 0.7859375
0 0.6343750000000001 0.7375 0.6062500000000002 0.7375 0.6062500000000002 0.78125 0.6343750000000001 0.78125
0 0.6796875000000002 0.7296875 0.6468750000000002 0.7296875 0.6468750000000002 0.7796875 0.6796875000000002 0.7796875
0 0.7875 0.3500000000000001 0.7625 0.3500000000000001 0.7625 0.40625000000000017 0.7875 0.40625000000000017
0 0.8859375 0.3906250000000001 0.8515625 0.3906250000000001 0.8515625 0.46875000000000017 0.8859375 0.46875000000000017
0 0.9265625 0.9734375 0.9 0.9734375 0.9 1 0.9265625 1
0 0.946875 0.971875 0.9203125 0.971875 0.9203125 1 0.946875 1
0 0.971875 0.9640625 0.9453125 0.9640625 0.9453125 1 0.971875 1
0 1 0.9578125 0.971875 0.9578125 0.971875 1 1 1
0 1 0.6421875000000001 0.9734375 0.6421875000000001 0.9734375 0.6875000000000002 1 0.6875000000000002
0 0.9359375 0.6468750000000002 0.9078125 0.6468750000000002 0.9078125 0.6937500000000002 0.9359375 0.6937500000000002
0 0.796875 0.6750000000000002 0.7703125 0.6750000000000002 0.7703125 0.7187500000000002 0.796875 0.7187500000000002
0 0.7765625 0.6765625000000002 0.7515625 0.6765625000000002 0.7515625 0.7218750000000002 0.7765625 0.7218750000000002
0 0.7578125000000001 0.6718750000000001 0.725 0.671875 0.7250000000000001 0.7265625000000001 0.7578125000000002 0.7265625000000002
0 0.7296875 0.6875000000000001 0.7015625 0.6875 0.7015625000000001 0.7281250000000001 0.7296875000000002 0.7281250000000001
0 0.70625 0.684375 0.684375 0.684375 0.6843750000000001 0.7265625 0.7062500000000002 0.7265625
0 0.6843750000000001 0.684375 0.659375 0.684375 0.659375 0.7265625 0.6843750000000002 0.7265625
0 0.6625000000000001 0.68125 0.63125 0.68125 0.6312500000000001 0.734375 0.6625000000000002 0.734375
0 0.6328125000000001 0.6890625 0.60625 0.6890625 0.6062500000000001 0.7328125 0.6328125000000002 0.7328125
0 0.6093750000000001 0.690625 0.58125 0.690625 0.58125 0.7359375 0.6093750000000002 0.7359375
0 0.5859375000000001 0.690625 0.559375 0.690625 0.5593750000000001 0.7375 0.5859375000000002 0.7375
0 0.5593750000000001 0.6921875 0.534375 0.6921875 0.534375 0.7390625 0.5593750000000002 0.7390625
0 0.5375000000000001 0.69375 0.5109375 0.69375 0.5109375 0.7390625 0.5375000000000002 0.7390625
0 0.5140625000000001 0.6953125 0.4890625 0.6953125 0.48906250000000007 0.7421875 0.5140625000000002 0.7421875
0 0.4906250000000001 0.696875 0.465625 0.696875 0.46562500000000007 0.7390625 0.4906250000000002 0.7390625
0 0.5296875000000002 0.959375 0.5031250000000002 0.959375 0.5031250000000002 1 0.5296875000000002 1
2 0.4562500000000001 0.6984375 0.37968750000000007 0.6984375 0.37968750000000007 0.80625 0.45625000000000016 0.80625