0 0.0984375 0.01718750000000001 0.0484375 0.017187500000000005 0.04843750000000001 0.06718750000000001 0.0984375 0.06718750000000002
0 0.2109375 0.06718750000000002 0.15625 0.06718750000000002 0.15625 0.13906250000000003 0.2109375 0.13906250000000003
0 0.051562500000000025 0.1515625 0.003125000000000018 0.1515625 0.003125000000000021 0.190625 0.051562500000000025 0.190625
0 0.06406250000000002 0.1953125 0.017187500000000022 0.1953125 0.017187500000000026 0.2390625 0.06406250000000002 0.2390625
0 0.5125 5.960585592725007e-17 0.4609375 5.644856339819831e-17 0.4609375 0.03125000000000006 0.5125 0.03125000000000007
0 0.903125 1.0658254173829309e-16 0.8375 1.0256416942859082e-16 0.8375 0.020312500000000105 0.903125 0.02031250000000011
0 0.896875 0.1984375000000001 0.85625 0.1984375000000001 0.85625 0.2687500000000001 0.896875 0.2687500000000001
0 0.9078125 0.3046875000000001 0.865625 0.3046875000000001 0.865625 0.3390625000000001 0.9078125 0.3390625000000001
0 0.21093750000000008 0.5125 0.17343750000000005 0.5125 0.17343750000000008 0.5484375 0.21093750000000008 0.5484375
0 0.2921875000000001 0.4828125 0.2500000000000001 0.4828125 0.2500000000000001 0.534375 0.2921875000000001 0.534375
0 0.3671875000000001 0.4171875 0.34062500000000007 0.4171875 0.34062500000000007 0.4703125 0.3671875000000001 0.4703125
0 0.5171875 0.55625 0.4765625 0.55625 0.4765625 0.5984375 0.5171875 0.5984375
0 0.559375 0.5640625 0.55 0.5640625 0.55 0.596875 0.559375 0.596875
0 0.3000000000000001 0.7 0.2593750000000001 0.7 0.2593750000000001 0.73125 0.3000000000000001 0.73125
0 0.2234375000000001 0.715625 0.18125000000000008 0.715625 0.18125000000000008 0.7484375 0.2234375000000001 0.7484375
0 0.1859375000000001 0.640625 0.14843750000000008 0.640625 0.14843750000000008 0.6734375 0.1859375000000001 0.6734375
0 0.5281250000000002 0.9015625 0.49531250000000016 0.9015625 0.49531250000000016 0.96875 0.5281250000000002 0.96875
0 0.559375 0.4859375 0.546875 0.4859375 0.546875 0.515625 0.559375 0.515625
0 0.559375 0.446875 0.5390625 0.446875 0.5390625 0.48125 0.559375 0.48125
1 0.3296875 0.3390625 0.2765625 0.3390625 0.27656250000000004 0.428125 0.3296875000000001 0.428125
3 0.2390625000000001 0.63125 0.1937500000000001 0.63125 0.1937500000000001 0.66875 0.2390625000000001 0.66875
2 0.2375000000000001 0.6640625 0.1218750000000001 0.6640625 0.1218750000000001 0.7265625 0.2375000000000001 0.7265625
0 0.975 0.6718750000000002 0.9359375 0.6718750000000002 0.9359375 0.7250000000000002 0.975 0.7250000000000002
0 0.6781250000000002 0.8046875 0.6468750000000002 0.8046875 0.6468750000000002 0.890625 0.6781250000000002 0.890625
0 0.7375 0.4703125000000001 0.6984375 0.4703125 0.6984375 0.5203125000000001 0.7375 0.5203125000000002
0 0.8 0.4125000000000002 0.7609375 0.4125000000000002 0.7609375 0.4656250000000002 0.8 0.4656250000000002
0 0.7578125 0.4156250000000001 0.725 0.415625 0.725 0.4625000000000001 0.7578125 0.4625000000000002
0 0.7234375 0.4125 0.6859375 0.4125 0.6859375 0.4625 0.7234375 0.4625
0 0.853125 0.47187500000000016 0.815625 0.47187500000000016 0.815625 0.5187500000000002 0.853125 0.5187500000000002
0 0.7875 0.5218750000000002 0.75 0.5218750000000002 0.75 0.5734375000000002 0.7875 0.5734375000000002
0 1 0.4109375000000002 0.96875 0.4109375000000002 0.96875 0.4578125000000002 1 0.4578125000000002
0 0.9734375 0.4187500000000002 0.9375 0.4187500000000002 0.9375 0.46406250000000016 0.9734375 0.46406250000000016
0 0.9265625 0.4156250000000002 0.8890625 0.4156250000000002 0.8890625 0.46093750000000017 0.9265625 0.46093750000000017
0 0.7937500000000002 0.81875 0.7546875000000002 0.81875 0.7546875000000002 0.865625 0.7937500000000002 0.865625
0 0.8265625 0.8078125 0.7906250000000001 0.8078125 0.7906250000000001 0.853125 0.8265625 0.853125
0 0.8828125 0.7921875000000002 0.8484375 0.7921875000000002 0.8484375 0.8390625 0.8828125 0.8390625
0 0.9171875 0.7875000000000002 0.8828125 0.7875000000000002 0.8828125 0.83125 0.9171875 0.83125
0 0.9546875 0.7843750000000002 0.9203125 0.7843750000000002 0.9203125 0.834375 0.9546875 0.834375
0 1 0.7875000000000002 0.9609375 0.7875000000000002 0.9609375 0.834375 1 0.834375
3 0.775 0.5812500000000002 0.7296875 0.5812500000000002 0.7296875 0.6453125000000002 0.775 0.6453125000000002