2 0.22656250000000008 0.6078125 0.050000000000000065 0.6078125 0.05000000000000008 0.6578125 0.22656250000000008 0.6578125
0 0.2312500000000001 0.559375 0.18906250000000008 0.559375 0.18906250000000008 0.59375 0.2312500000000001 0.59375
0 0.2875000000000001 0.5640625 0.2453125000000001 0.5640625 0.2453125000000001 0.596875 0.2875000000000001 0.596875
0 0.2843750000000001 0.6171875 0.2406250000000001 0.6171875 0.2406250000000001 0.6546875 0.2843750000000001 0.6546875
0 0.5125 0.3859375000000001 0.49375 0.3859375000000001 0.49375 0.4609375 0.5125 0.4609375
0 0.521875 0.6390625 0.4953125 0.6390625 0.4953125 0.7203125 0.521875 0.7203125
0 0.540625 0.2656250000000001 0.5203125 0.2656250000000001 0.5203125 0.3437500000000001 0.540625 0.3437500000000001
0 0.646875 0.3921875000000001 0.6109375 0.3921875000000001 0.6109375 0.440625 0.646875 0.440625
0 0.5171875000000001 0.85625 0.4890625000000002 0.85625 0.4890625000000002 0.934375 0.5171875000000001 0.934375
3 0.8140625 0.6046875000000002 0.7625 0.6046875000000002 0.7625 0.6484375000000002 0.8140625 0.6484375000000002
0 0.775 0.4390625000000002 0.734375 0.4390625000000002 0.734375 0.4781250000000002 0.775 0.4781250000000002
0 0.7734375 0.47968750000000016 0.73125 0.47968750000000016 0.73125 0.5140625000000002 0.7734375 0.5140625000000002
0 0.8359375 0.4781250000000002 0.7953125 0.4781250000000002 0.7953125 0.5093750000000001 0.8359375 0.5093750000000001
0 0.834375 0.4359375000000002 0.79375 0.4359375000000002 0.79375 0.4656250000000002 0.834375 0.4656250000000002
0 0.90625 0.46875000000000017 0.8625 0.46875000000000017 0.8625 0.5031250000000002 0.90625 0.5031250000000002
0 0.784375 0.5250000000000001 0.7421875 0.5250000000000001 0.7421875 0.5593750000000002 0.784375 0.5593750000000002
0 0.9625 0.4750000000000002 0.91875 0.4750000000000002 0.91875 0.5109375000000002 0.9625 0.5109375000000002
0 0.6421875000000001 0.91875 0.6187500000000001 0.91875 0.6187500000000001 0.9859375 0.6421875000000001 0.9859375