2 0.15625 0.1109375 0.04531250000000001 0.1109375 0.04531250000000002 0.1609375 0.15625 0.1609375
0 0.07812500000000003 0.221875 0.042187500000000024 0.221875 0.04218750000000003 0.25 0.07812500000000003 0.25
0 0.11406250000000004 0.2515625 0.07812500000000003 0.2515625 0.07812500000000003 0.28125 0.11406250000000004 0.28125
0 0.2140625 0.2328125 0.18125000000000005 0.2328125 0.18125000000000005 0.2609375 0.2140625 0.2609375
0 0.25625 0.2640625 0.2203125 0.2640625 0.2203125 0.2953125 0.25625 0.2953125
0 0.2984375 0.2359375 0.2640625 0.2359375 0.2640625 0.2640625 0.2984375 0.2640625
0 0.3328125 0.28125 0.2953125 0.28125 0.2953125 0.31875 0.3328125 0.31875
0 0.3671875000000001 0.36718750000000006 0.3437500000000001 0.3671875 0.3437500000000001 0.4140625 0.3671875000000001 0.4140625
0 1 0.3812500000000001 0.9671875 0.3812500000000001 0.9671875 0.4187500000000002 1 0.4187500000000002
0 0.5296875000000002 0.8859375 0.5078125000000002 0.8859375 0.5078125000000002 0.925 0.5296875000000002 0.925
0 0.828125 0.8953125 0.8015625 0.8953125 0.8015625 0.934375 0.828125 0.934375
0 0.8953125 0.9546875 0.8703125 0.9546875 0.8703125 0.9984375 0.8953125 0.9984375
0 0.86875 0.95625 0.8546875 0.95625 0.8546875 0.990625 0.86875 0.990625
0 0.4046875000000002 0.75 0.3890625000000001 0.75 0.3890625000000001 0.7890625 0.4046875000000002 0.7890625
0 0.4343750000000002 0.7578125 0.41406250000000017 0.7578125 0.41406250000000017 0.796875 0.4343750000000002 0.796875
0 0.4156250000000001 0.6890625 0.3890625000000001 0.6890625 0.3890625000000001 0.7328125 0.4156250000000002 0.7328125
0 0.4484375 0.6296875 0.421875 0.6296875 0.421875 0.678125 0.4484375 0.678125
0 0.503125 0.6484375 0.478125 0.6484375 0.478125 0.6953125 0.503125 0.6953125
0 0.540625 0.653125 0.5140625 0.653125 0.5140625 0.7046875 0.540625 0.7046875
0 0.5609375 0.6640625 0.5421875 0.6640625 0.5421875 0.7078125 0.5609375 0.7078125
0 0.59375 0.6703125 0.5703125 0.6703125 0.5703125 0.709375 0.59375 0.709375
0 0.6359375 0.6734375 0.6109375 0.6734375 0.6109375 0.7203125 0.6359375 0.7203125
0 0.9328125 0.4187500000000002 0.9078125 0.4187500000000002 0.9078125 0.4781250000000002 0.9328125 0.4781250000000002
0 0.7968750000000002 0.990625 0.7750000000000001 0.990625 0.7750000000000001 1 0.7968750000000002 1
0 1 0.6906250000000002 0.9796875 0.6906250000000002 0.9796875 0.7265625000000002 1 0.7265625000000002
0 0.9734375 0.6828125000000002 0.95 0.6828125000000002 0.95 0.7234375000000002 0.9734375 0.7234375000000002
0 0.9078125 0.6734375000000001 0.8859375 0.6734375000000001 0.8859375 0.7093750000000002 0.9078125 0.7093750000000002
0 0.7671875 0.6578125000000001 0.7453125 0.6578125000000001 0.7453125 0.6921875000000002 0.7671875 0.6921875000000002
0 0.746875 0.6562500000000002 0.7265625 0.6562500000000002 0.7265625 0.6953125000000002 0.746875 0.6953125000000002
0 0.728125 0.6421875000000001 0.703125 0.6421875 0.703125 0.6890625000000001 0.728125 0.6890625000000001
0 0.7 0.6453125 0.678125 0.6453125 0.678125 0.6828125 0.7 0.6828125
0 0.6765625 0.640625 0.6609375 0.640625 0.6609375 0.6765625 0.6765625 0.6765625
0 0.6578125 0.6359375 0.6375 0.6359375 0.6375 0.6703125 0.6578125 0.6703125
0 0.634375 0.6296875 0.6109375 0.6296875 0.6109375 0.66875 0.634375 0.66875
0 0.60625 0.625 0.584375 0.625 0.584375 0.6625 0.60625 0.6625
0 0.5828125 0.6171875 0.5609375 0.6171875 0.5609375 0.65625 0.5828125 0.65625
0 0.559375 0.6140625 0.5390625 0.6140625 0.5390625 0.653125 0.559375 0.653125
0 0.534375 0.609375 0.515625 0.609375 0.515625 0.6484375 0.534375 0.6484375
0 0.5125 0.60625 0.4921875 0.60625 0.4921875 0.6421875 0.5125 0.6421875
0 0.490625 0.6 0.471875 0.6 0.471875 0.6359375 0.490625 0.6359375
0 0.4703125 0.5953125 0.4484375 0.5953125 0.4484375 0.63125 0.4703125 0.63125
0 0.6921875000000002 0.884375 0.6718750000000002 0.884375 0.6718750000000002 0.925 0.6921875000000002 0.925
2 0.4203125 0.5953125 0.3890625000000001 0.5953125 0.3890625000000001 0.6765625 0.4203125 0.6765625