0 0.29375000000000007 0.5765625 0.2515625000000001 0.5765625 0.2515625000000001 0.6078125 0.29375000000000007 0.6078125
0 0.2968750000000001 0.621875 0.25468750000000007 0.621875 0.25468750000000007 0.65625 0.2968750000000001 0.65625
0 0.3046875000000001 0.66875 0.2609375000000001 0.66875 0.2609375000000001 0.7 0.3046875000000001 0.7
0 0.775 0.4500000000000002 0.728125 0.4500000000000002 0.728125 0.48750000000000016 0.775 0.48750000000000016
0 0.8328125 0.44843750000000016 0.790625 0.44843750000000016 0.790625 0.4828125000000002 0.8328125 0.4828125000000002
0 0.9 0.44843750000000016 0.8515625 0.44843750000000016 0.8515625 0.48437500000000017 0.9 0.48437500000000017
0 0.9765625 0.44843750000000016 0.93125 0.44843750000000016 0.93125 0.4828125000000002 0.9765625 0.4828125000000002
0 0.9921875 0.49218750000000017 0.9453125 0.49218750000000017 0.9453125 0.5281250000000002 0.9921875 0.5281250000000002
0 0.940625 0.5406250000000001 0.896875 0.5406250000000001 0.896875 0.5703125000000002 0.940625 0.5703125000000002
2 0.8796875 0.5343750000000002 0.76875 0.5343750000000002 0.76875 0.5765625000000002 0.8796875 0.5765625000000002
0 0.83125 0.4906250000000002 0.7890625 0.4906250000000002 0.7890625 0.5203125000000002 0.83125 0.5203125000000002
0 0.7765625 0.5000000000000002 0.73125 0.5000000000000002 0.73125 0.5343750000000002 0.7765625 0.5343750000000002
0 0.8875 0.49218750000000017 0.8453125 0.49218750000000017 0.8453125 0.5265625000000002 0.8875 0.5265625000000002
0 0.9390625 0.49218750000000017 0.896875 0.49218750000000017 0.896875 0.5218750000000002 0.9390625 0.5218750000000002