0 0.059375000000000046 0.2953125 0.023437500000000038 0.2953125 0.023437500000000038 0.321875 0.059375000000000046 0.321875
2 0.22343750000000004 0.35 0.11562500000000005 0.35 0.11562500000000005 0.390625 0.2234375000000001 0.390625
0 0.15468750000000003 0.4609375 0.12031250000000004 0.4609375 0.12031250000000004 0.4859375 0.15468750000000003 0.4859375
0 0.19218750000000004 0.4875 0.15937500000000004 0.4875 0.15937500000000004 0.5140625 0.19218750000000004 0.5140625
0 0.2906250000000001 0.459375 0.2609375000000001 0.459375 0.2609375000000001 0.484375 0.2906250000000001 0.484375
0 0.3359375000000001 0.4875 0.30156250000000007 0.4875 0.30156250000000007 0.515625 0.3359375000000001 0.515625
0 0.3750000000000001 0.45625 0.3437500000000001 0.45625 0.3437500000000001 0.48125 0.3750000000000001 0.48125
0 0.4125 0.4984375 0.3781250000000001 0.4984375 0.3781250000000001 0.5328125 0.4125 0.5328125
0 0.45625 0.5796875 0.4359375 0.5796875 0.4359375 0.625 0.45625 0.625
0 0.45000000000000007 0.7234375 0.434375 0.7234375 0.43437500000000007 0.784375 0.4500000000000002 0.784375
0 0.496875 0.640625 0.48125 0.640625 0.48125 0.6921875 0.496875 0.6921875
0 0.4984375000000002 0.7328125 0.48437500000000017 0.7328125 0.48437500000000017 0.7890625 0.4984375000000002 0.7890625
0 0.5015625000000001 0.8109375 0.4890625000000002 0.8109375 0.4890625000000002 0.875 0.5015625000000001 0.875
0 0.5078125000000002 0.8984375 0.4890625000000002 0.8984375 0.4890625000000002 0.98125 0.5078125000000002 0.98125
0 0.5609375 0.4890625 0.5328125 0.4890625 0.5328125 0.5359375 0.5609375 0.5359375
0 0.5421875 0.4265625 0.5109375 0.4265625 0.5109375 0.453125 0.5421875 0.453125
0 0.50625 0.3156250000000001 0.4796875 0.3156250000000001 0.4796875 0.3546875000000001 0.50625 0.3546875000000001
0 0.8828125 0.40625000000000017 0.8546875 0.40625000000000017 0.8546875 0.4343750000000002 0.8828125 0.4343750000000002
0 0.840625 0.4078125000000002 0.8109375 0.4078125000000002 0.8109375 0.42968750000000017 0.840625 0.42968750000000017
0 0.828125 0.4421875000000002 0.796875 0.4421875000000002 0.796875 0.4671875000000002 0.828125 0.4671875000000002
0 0.715625 0.446875 0.6796875 0.446875 0.6796875 0.471875 0.715625 0.471875
0 0.7359375 0.41875000000000007 0.7078125 0.41875 0.7078125 0.4406250000000001 0.7359375 0.44062500000000016
3 0.8015625 0.4000000000000002 0.7640625 0.4000000000000002 0.7640625 0.4312500000000002 0.8015625 0.4312500000000002
2 0.8796875 0.3359375000000001 0.7796875 0.3359375000000001 0.7796875 0.3750000000000001 0.8796875 0.3750000000000001
0 0.8296875 0.2968750000000001 0.8 0.2968750000000001 0.8 0.31718750000000007 0.8296875 0.31718750000000007