3 0.534375 0.18437500000000004 0.5171875 0.18437500000000004 0.5171875 0.2484375000000001 0.534375 0.2484375000000001
3 0.5484375 0.040625000000000064 0.5328125 0.040625000000000064 0.5328125 0.09843750000000007 0.5484375 0.09843750000000007
3 0.5375 0.5125 0.5125 0.5125 0.5125 0.58125 0.5375 0.58125
3 0.5671875 0.440625 0.55 0.440625 0.55 0.5140625 0.5671875 0.5140625
0 0.5875 0.3968750000000001 0.5734375 0.3968750000000001 0.5734375 0.4375 0.5875 0.4375
0 0.5703125 0.3984375000000001 0.5578125 0.3984375000000001 0.5578125 0.440625 0.5703125 0.440625
0 0.5828125 0.459375 0.56875 0.459375 0.56875 0.5046875 0.5828125 0.5046875
0 0.5609375 0.51875 0.546875 0.51875 0.546875 0.5578125 0.5609375 0.5578125
0 0.58125 0.5078125 0.5671875 0.5078125 0.5671875 0.5484375 0.58125 0.5484375
0 0.5796875 0.553125 0.5640625 0.553125 0.5640625 0.5984375 0.5796875 0.5984375
0 0.559375 0.575 0.5421875 0.575 0.5421875 0.621875 0.559375 0.621875
0 0.575 0.6078125 0.5609375 0.6078125 0.5609375 0.65 0.575 0.65
0 0.553125 0.6296875 0.5390625 0.6296875 0.5390625 0.6828125 0.553125 0.6828125
0 0.5734375 0.6578125 0.559375 0.6578125 0.559375 0.709375 0.5734375 0.709375
0 0.5921875 0.65625 0.5765625 0.65625 0.5765625 0.7140625 0.5921875 0.7140625
0 0.5484375000000001 0.690625 0.5328125 0.690625 0.5328125000000001 0.7484375 0.5484375000000001 0.7484375
0 0.5687500000000002 0.740625 0.5531250000000002 0.740625 0.5531250000000002 0.8015625 0.5687500000000002 0.8015625
0 0.5906250000000002 0.7328125 0.5765625000000002 0.7328125 0.5765625000000002 0.7859375 0.5906250000000002 0.7859375
0 0.5453125000000002 0.7640625 0.5296875000000002 0.7640625 0.5296875000000002 0.8203125 0.5453125000000002 0.8203125
0 0.5640625000000001 0.81875 0.5484375000000001 0.81875 0.5484375000000001 0.8703125 0.5640625000000001 0.8703125
0 0.5906250000000002 0.8125 0.5718750000000001 0.8125 0.5718750000000001 0.8734375 0.5906250000000002 0.8734375
0 0.5421875000000002 0.8296875 0.5265625000000002 0.8296875 0.5265625000000002 0.8921875 0.5421875000000002 0.8921875
0 0.6453125 0.046875000000000076 0.6359375 0.046875000000000076 0.6359375 0.07656250000000009 0.6453125 0.07656250000000009