0 0.1140625 1.2246467991473533e-17 0.0859375 1.0524308430172567e-17 0.0859375 0.04375000000000001 0.1140625 0.04375000000000001
0 0.465625 0.3265625000000001 0.4421875 0.3265625000000001 0.4421875 0.3687500000000001 0.465625 0.3687500000000001
0 0.4984375 0.3234375000000001 0.46875 0.3234375000000001 0.46875 0.3687500000000001 0.4984375 0.3687500000000001
0 0.5765625 0.27812500000000007 0.5515625 0.27812500000000007 0.5515625 0.32500000000000007 0.5765625 0.32500000000000007
0 0.615625 0.27031250000000007 0.5859375 0.27031250000000007 0.5859375 0.3265625000000001 0.615625 0.3265625000000001
0 0.6359375 0.2796875000000001 0.615625 0.2796875000000001 0.615625 0.3218750000000001 0.6359375 0.3218750000000001
0 0.66875 0.2765625000000001 0.6421875 0.2765625000000001 0.6421875 0.32500000000000007 0.66875 0.32500000000000007
0 0.7125 0.2765625000000001 0.684375 0.2765625000000001 0.684375 0.3234375000000001 0.7125 0.3234375000000001
0 0.946875 1.1414090870178066e-16 0.9171875 1.123230736092963e-16 0.9171875 0.04062500000000011 0.946875 0.04062500000000011
0 0.978125 0.2218750000000001 0.953125 0.2218750000000001 0.953125 0.2687500000000001 0.978125 0.2687500000000001
0 0.8375 0.23437500000000008 0.8125 0.23437500000000008 0.8125 0.2765625000000001 0.8375 0.2765625000000001
0 0.815625 0.2375000000000001 0.79375 0.2375000000000001 0.79375 0.2796875000000001 0.815625 0.2796875000000001
0 0.7953125 0.22656250000000008 0.7671875 0.22656250000000008 0.7671875 0.2828125000000001 0.7953125 0.2828125000000001
0 0.7703125 0.2390625000000001 0.74375 0.2390625000000001 0.74375 0.2843750000000001 0.7703125 0.2843750000000001
0 0.74375 0.2375000000000001 0.7265625 0.2375000000000001 0.7265625 0.27812500000000007 0.74375 0.27812500000000007
0 0.7234375 0.2375000000000001 0.7015625 0.2375000000000001 0.7015625 0.2750000000000001 0.7234375 0.2750000000000001
0 0.7 0.2312500000000001 0.675 0.2312500000000001 0.675 0.27812500000000007 0.7 0.27812500000000007
0 0.671875 0.22812500000000008 0.646875 0.22812500000000008 0.646875 0.2750000000000001 0.671875 0.2750000000000001
0 0.646875 0.2296875000000001 0.621875 0.2296875000000001 0.621875 0.2734375000000001 0.646875 0.2734375000000001
0 0.6234375 0.2296875000000001 0.6015625 0.2296875000000001 0.6015625 0.2718750000000001 0.6234375 0.2718750000000001
0 0.5984375 0.2312500000000001 0.5765625 0.2312500000000001 0.5765625 0.2750000000000001 0.5984375 0.2750000000000001
0 0.575 0.2250000000000001 0.5515625 0.2250000000000001 0.5515625 0.2718750000000001 0.575 0.2718750000000001
0 0.5515625 0.2234375000000001 0.53125 0.2234375000000001 0.53125 0.27031250000000007 0.5515625 0.27031250000000007
0 0.5296875 0.22031250000000008 0.50625 0.22031250000000008 0.50625 0.2671875000000001 0.5296875 0.2671875000000001
2 0.4875 0.21250000000000008 0.4390625 0.21250000000000008 0.4390625 0.3234375000000001 0.4875 0.3234375000000001
3 0.5203125 0.25468750000000007 0.4890625 0.25468750000000007 0.4890625 0.3203125000000001 0.5203125 0.3203125000000001
0 0.2312500000000001 0.5265625 0.19218750000000004 0.5265625 0.19218750000000007 0.58125 0.2312500000000001 0.58125
0 0.2796875000000001 0.4 0.2406250000000001 0.4 0.2406250000000001 0.4546875 0.2796875000000001 0.4546875
0 0.3906250000000001 0.4375 0.3578125000000001 0.4375 0.3578125000000001 0.4921875 0.3906250000000001 0.4921875
0 0.03906250000000008 0.646875 0.00781250000000008 0.646875 0.007812500000000082 0.690625 0.03906250000000009 0.690625
0 0.07343750000000009 0.6421875 0.04218750000000008 0.6421875 0.042187500000000086 0.690625 0.07343750000000009 0.690625
0 0.10937500000000008 0.64375 0.07968750000000009 0.64375 0.07968750000000009 0.6921875 0.10937500000000008 0.6921875
0 0.1531250000000001 0.6484375 0.11718750000000008 0.6484375 0.11718750000000008 0.69375 0.1531250000000001 0.69375
0 0.1859375000000001 0.6484375 0.1546875000000001 0.6484375 0.1546875000000001 0.6984375 0.1859375000000001 0.6984375
0 0.2296875000000001 0.6515625 0.1984375000000001 0.6515625 0.1984375000000001 0.696875 0.2296875000000001 0.696875
0 0.2531250000000001 0.6515625 0.2312500000000001 0.6515625 0.2312500000000001 0.69375 0.2531250000000001 0.69375
0 0.2890625000000001 0.6515625 0.2531250000000001 0.6515625 0.2531250000000001 0.7 0.2890625000000001 0.7
0 0.3312500000000001 0.65625 0.2953125000000001 0.65625 0.2953125000000001 0.7046875 0.3312500000000001 0.7046875
0 0.4 0.6625 0.3703125000000001 0.6625 0.3703125000000001 0.7109375 0.4 0.7109375
0 0.5250000000000001 0.7703125 0.4968750000000002 0.7703125 0.4968750000000002 0.8515625 0.5250000000000001 0.8515625
0 0.6968750000000001 0.7 0.6671875 0.7 0.6671875 0.746875 0.6968750000000001 0.746875
0 0.7921875000000002 0.7406250000000002 0.7640625000000002 0.7406250000000002 0.7640625000000002 0.7859375000000002 0.7921875000000002 0.7859375000000002
0 0.7671875000000001 0.7500000000000002 0.7500000000000002 0.7500000000000002 0.7500000000000002 0.7859375000000002 0.7671875000000001 0.7859375000000002
0 0.475 0.521875 0.4484375 0.521875 0.4484375 0.5671875 0.475 0.5671875
0 0.5125 0.5125 0.4828125 0.5125 0.4828125 0.5640625 0.5125 0.5640625
0 0.534375 0.5234375 0.5140625 0.5234375 0.5140625 0.565625 0.534375 0.565625
0 0.565625 0.51875 0.540625 0.51875 0.540625 0.5609375 0.565625 0.5609375
0 0.6109375 0.5171875 0.5828125 0.5171875 0.5828125 0.5625 0.6109375 0.5625
0 0.8375 0.7843750000000002 0.8125 0.7843750000000002 0.8125 0.828125 0.8375 0.828125
0 0.8578125 0.7843750000000002 0.834375 0.7843750000000002 0.834375 0.8234375 0.8578125 0.8234375
0 0.8828125 0.7781250000000002 0.8609375 0.7781250000000002 0.8609375 0.825 0.8828125 0.825
0 0.915625 0.7765625000000002 0.8875 0.7765625000000002 0.8875 0.81875 0.915625 0.81875
0 0.9421875 0.7796875000000002 0.915625 0.7796875000000002 0.915625 0.821875 0.9421875 0.821875
0 0.9625 0.7812500000000002 0.940625 0.7812500000000002 0.940625 0.8203125 0.9625 0.8203125
0 1 0.44531250000000017 0.971875 0.44531250000000017 0.971875 0.4984375000000002 1 0.4984375000000002
0 0.9671875 0.45312500000000017 0.9453125 0.45312500000000017 0.9453125 0.49218750000000017 0.9671875 0.49218750000000017
0 0.940625 0.45312500000000017 0.915625 0.45312500000000017 0.915625 0.49531250000000016 0.940625 0.49531250000000016
0 0.8734375 0.45625000000000016 0.85 0.45625000000000016 0.85 0.49531250000000016 0.8734375 0.49531250000000016
0 0.7328125 0.4703125000000001 0.709375 0.4703125 0.709375 0.5093750000000001 0.7328125 0.5093750000000001
0 0.7125 0.4734375 0.6921875 0.4734375 0.6921875 0.5125 0.7125 0.5125
0 0.6921875 0.465625 0.6640625 0.465625 0.6640625 0.5125 0.6921875 0.5125
0 0.665625 0.4734375 0.640625 0.4734375 0.640625 0.5140625 0.665625 0.5140625
0 0.640625 0.4734375 0.621875 0.4734375 0.621875 0.5125 0.640625 0.5125
0 0.621875 0.4734375 0.6 0.4734375 0.6 0.5125 0.621875 0.5125
0 0.5984375 0.4703125 0.571875 0.4703125 0.571875 0.515625 0.5984375 0.515625
0 0.5703125 0.4734375 0.5453125 0.4734375 0.5453125 0.5140625 0.5703125 0.5140625
0 0.5453125 0.471875 0.521875 0.471875 0.521875 0.5109375 0.5453125 0.5109375
0 0.521875 0.46875 0.4984375 0.46875 0.4984375 0.5125 0.521875 0.5125
0 0.496875 0.4703125 0.475 0.4703125 0.475 0.5140625 0.496875 0.5140625
0 0.4734375 0.4703125 0.45 0.4703125 0.45 0.5125 0.4734375 0.5125
0 0.4484375 0.465625 0.4390625 0.465625 0.4390625 0.509375 0.4484375 0.509375
0 0.5796875000000001 0.7203125 0.5578125 0.7203125 0.5578125 0.7625 0.5796875000000001 0.7625