0 0.03593750000000006 0.4921875 0.0015625000000000604 0.4921875 0.0015625000000000617 0.5171875 0.03593750000000007 0.5171875
0 0.15625000000000006 0.4828125 0.12031250000000004 0.4828125 0.12031250000000004 0.509375 0.15625000000000006 0.509375
0 0.3546875000000001 0.509375 0.3218750000000001 0.509375 0.3218750000000001 0.534375 0.3546875000000001 0.534375
0 0.3671875000000001 0.4734375 0.3359375000000001 0.4734375 0.3359375000000001 0.5 0.3671875000000001 0.5
0 0.453125 0.4703125 0.421875 0.4703125 0.421875 0.4953125 0.453125 0.4953125
0 0.571875 0.4625 0.540625 0.4625 0.540625 0.4890625 0.571875 0.4890625
0 0.5390625 0.515625 0.515625 0.515625 0.515625 0.5609375 0.5390625 0.5609375
0 0.4375 0.56875 0.4140625 0.56875 0.4140625 0.61875 0.4375 0.61875
0 0.4625000000000001 0.7046875 0.4453125 0.7046875 0.4453125000000001 0.76875 0.4625000000000002 0.76875
0 0.4921875000000001 0.6984375 0.475 0.6984375 0.4750000000000001 0.759375 0.49218750000000017 0.759375
0 0.49531250000000016 0.790625 0.4781250000000002 0.790625 0.4781250000000002 0.85 0.49531250000000016 0.85
0 0.5015625000000001 0.9265625 0.4859375000000002 0.9265625 0.4859375000000002 0.990625 0.5015625000000001 0.990625
0 0.91875 0.4078125000000002 0.8890625 0.4078125000000002 0.8890625 0.43281250000000016 0.91875 0.43281250000000016
0 0.8578125 0.4156250000000002 0.828125 0.4156250000000002 0.828125 0.43750000000000017 0.8578125 0.43750000000000017
0 0.7640625 0.4203125000000002 0.7328125 0.4203125000000002 0.7328125 0.4421875000000002 0.7640625 0.4421875000000002
0 0.7 0.421875 0.665625 0.421875 0.665625 0.4515625 0.7 0.4515625
2 0.609375 0.3812500000000001 0.5109375 0.3812500000000001 0.5109375 0.425 0.609375 0.425