3 0.16562500000000005 0.2015625 0.09843750000000002 0.2015625 0.09843750000000004 0.278125 0.16562500000000005 0.278125
0 0.045312500000000054 0.409375 5.013397834009477e-17 0.409375 5.2334515557312676e-17 0.4453125 0.045312500000000054 0.4453125
0 0.6625 0.43125 0.6234375 0.43125 0.6234375 0.465625 0.6625 0.465625
0 0.953125 0.48750000000000016 0.91875 0.48750000000000016 0.91875 0.5406250000000001 0.953125 0.5406250000000001
0 0.721875 0.20312500000000008 0.690625 0.20312500000000008 0.690625 0.2500000000000001 0.721875 0.2500000000000001
0 0.68125 0.1984375000000001 0.66875 0.1984375000000001 0.66875 0.24218750000000008 0.68125 0.24218750000000008
0 0.99375 0.24218750000000008 0.965625 0.24218750000000008 0.965625 0.2890625000000001 0.99375 0.2890625000000001
0 0.7265625 0.26250000000000007 0.6953125 0.26250000000000007 0.6953125 0.30937500000000007 0.7265625 0.30937500000000007
0 0.6765625 0.3062500000000001 0.66875 0.3062500000000001 0.66875 0.3500000000000001 0.6765625 0.3500000000000001
0 0.9546875 0.2375000000000001 0.9265625 0.2375000000000001 0.9265625 0.2812500000000001 0.9546875 0.2812500000000001
0 0.921875 0.23437500000000008 0.8953125 0.23437500000000008 0.8953125 0.2812500000000001 0.921875 0.2812500000000001
0 0.89375 0.23437500000000008 0.8625 0.23437500000000008 0.8625 0.27812500000000007 0.89375 0.27812500000000007
0 0.846875 0.22656250000000008 0.8140625 0.22656250000000008 0.8140625 0.27031250000000007 0.846875 0.27031250000000007
0 1 0.36406250000000007 0.978125 0.36406250000000007 0.978125 0.41718750000000016 1 0.41718750000000016
0 0.6921875 0.596875 0.66875 0.596875 0.66875 0.640625 0.6921875 0.640625
0 0.753125 0.5921875000000001 0.725 0.5921875 0.725 0.6328125000000001 0.753125 0.6328125000000002
0 0.7875 0.5890625000000002 0.759375 0.5890625000000002 0.759375 0.6359375000000002 0.7875 0.6359375000000002
0 0.8234375 0.5937500000000002 0.796875 0.5937500000000002 0.796875 0.6406250000000002 0.8234375 0.6406250000000002
0 0.8671875 0.6015625000000002 0.834375 0.6015625000000002 0.834375 0.6453125000000002 0.8671875 0.6453125000000002
0 0.8984375 0.6046875000000002 0.8703125 0.6046875000000002 0.8703125 0.6531250000000002 0.8984375 0.6531250000000002
0 0.9421875 0.6109375000000001 0.9140625 0.6109375000000001 0.9140625 0.6546875000000002 0.9421875 0.6546875000000002
0 0.9640625 0.6140625000000002 0.9453125 0.6140625000000002 0.9453125 0.6546875000000002 0.9640625 0.6546875000000002
0 1 0.6171875000000002 0.9671875 0.6171875000000002 0.9671875 0.6640625000000002 1 0.6640625000000002
2 0.4546875000000002 0.8 0.37968750000000007 0.8 0.37968750000000007 0.8578125 0.4546875000000002 0.8578125