0 0.34375 0.09062500000000004 0.3203125 0.09062500000000004 0.3203125 0.16562500000000005 0.34375 0.16562500000000005
0 0.15468750000000003 0.1734375 0.1125 0.1734375 0.11250000000000002 0.2109375 0.15468750000000003 0.2109375
0 0.1359375 0.1359375 0.09531250000000002 0.1359375 0.09531250000000002 0.1671875 0.1359375 0.1671875
0 0.4296875 5.0612355996011717e-17 0.396875 4.860316984116058e-17 0.396875 0.03906250000000005 0.4296875 0.039062500000000056
0 0.4984375 0.06718750000000007 0.4546875 0.06718750000000007 0.4546875 0.12343750000000005 0.4984375 0.12343750000000005
0 0.6203125 0.12031250000000009 0.5796875 0.12031250000000009 0.5796875 0.15625000000000008 0.6203125 0.15625000000000008
0 0.6640625 0.24218750000000008 0.6171875 0.24218750000000008 0.6171875 0.27812500000000007 0.6640625 0.27812500000000007
0 0.596875 0.2515625000000001 0.5515625 0.2515625000000001 0.5515625 0.28593750000000007 0.596875 0.28593750000000007
2 0.66875 0.28593750000000007 0.64375 0.28593750000000007 0.64375 0.3359375000000001 0.66875 0.3359375000000001
2 0.6 0.2968750000000001 0.55625 0.2968750000000001 0.55625 0.3281250000000001 0.6 0.3281250000000001
2 0.640625 0.3437500000000001 0.59375 0.3437500000000001 0.59375 0.3812500000000001 0.640625 0.3812500000000001
0 0.13125000000000003 0.2203125 0.08750000000000002 0.2203125 0.08750000000000002 0.2515625 0.13125000000000003 0.2515625
0 0.09375000000000003 0.175 0.050000000000000024 0.175 0.050000000000000024 0.2046875 0.09375000000000003 0.2046875
0 0.03750000000000002 0.171875 2.1048616860345134e-17 0.171875 2.3344829608746417e-17 0.209375 0.03750000000000002 0.209375
0 0.14375000000000004 0.271875 0.10625000000000004 0.271875 0.10625000000000004 0.303125 0.14375000000000004 0.303125
0 0.840625 0.05468750000000011 0.83125 0.05468750000000011 0.83125 0.12656250000000008 0.840625 0.12656250000000008
0 0.76875 0.1359375000000001 0.75 0.1359375000000001 0.75 0.2078125000000001 0.76875 0.2078125000000001
0 0.675 0.4171875 0.66875 0.4171875 0.66875 0.4546875 0.675 0.4546875
0 0.70625 0.4140625 0.684375 0.4140625 0.684375 0.4515625 0.70625 0.4515625
0 0.7703125 0.4078125000000002 0.7515625 0.4078125000000002 0.7515625 0.44531250000000017 0.7703125 0.44531250000000017
0 0.9125 0.4031250000000002 0.89375 0.4031250000000002 0.89375 0.44062500000000016 0.9125 0.44062500000000016
0 0.9296875 0.4031250000000002 0.9125 0.4031250000000002 0.9125 0.44062500000000016 0.9296875 0.44062500000000016
0 0.9546875 0.39531250000000007 0.934375 0.39531250000000007 0.934375 0.4390625000000002 0.9546875 0.4390625000000002
0 0.98125 0.3984375000000001 0.959375 0.3984375000000001 0.959375 0.4359375000000002 0.98125 0.4359375000000002
0 0.996875 0.3937500000000001 0.984375 0.3937500000000001 0.984375 0.4312500000000002 0.996875 0.4312500000000002
0 0.2656250000000001 0.6890625 0.22812500000000008 0.6890625 0.22812500000000008 0.7484375 0.2656250000000001 0.7484375
0 0.4359375000000002 0.7640625 0.4031250000000002 0.7640625 0.4031250000000002 0.8109375 0.4359375000000002 0.8109375
0 0.5875 0.6296875 0.559375 0.6296875 0.559375 0.665625 0.5875 0.665625
0 0.6718750000000001 0.7234375 0.66875 0.7234375 0.6687500000000001 0.7328125 0.6718750000000002 0.7328125