0 0.09531250000000005 0.35 0.057812500000000044 0.35 0.057812500000000044 0.384375 0.09531250000000005 0.384375
0 0.17500000000000004 0.325 0.13593750000000004 0.325 0.13593750000000004 0.375 0.17500000000000004 0.375
0 0.2546875 0.2625 0.23125 0.2625 0.23125 0.315625 0.2546875 0.315625
0 0.2296875 0.05468750000000002 0.20625 0.05468750000000002 0.20625 0.11562500000000005 0.2296875 0.11562500000000005
0 0.3968750000000001 0.409375 0.3578125000000001 0.409375 0.3578125000000001 0.45 0.3968750000000001 0.45
0 0.4671875 0.421875 0.4328125 0.421875 0.4328125 0.4546875 0.4671875 0.4546875
0 0.06406250000000006 0.4765625 0.026562500000000055 0.4765625 0.026562500000000062 0.5078125 0.06406250000000006 0.5078125
0 0.4734375 0.3781250000000001 0.4390625 0.3781250000000001 0.4390625 0.4109375 0.4734375 0.4109375
0 0.5140625 0.3703125000000001 0.475 0.3703125000000001 0.475 0.4046875 0.5140625 0.4046875
0 0.465625 0.3437500000000001 0.4328125 0.3437500000000001 0.4328125 0.37187500000000007 0.465625 0.37187500000000007
0 0.5078125 0.3312500000000001 0.4703125 0.3312500000000001 0.4703125 0.3671875000000001 0.5078125 0.3671875000000001
0 0.546875 0.3296875000000001 0.509375 0.3296875000000001 0.509375 0.3593750000000001 0.546875 0.3593750000000001
0 0.5921875 0.3218750000000001 0.5515625 0.3218750000000001 0.5515625 0.3515625000000001 0.5921875 0.3515625000000001
0 0.609375 0.3078125000000001 0.590625 0.3078125000000001 0.590625 0.34062500000000007 0.609375 0.34062500000000007
0 0.465625 0.3046875000000001 0.428125 0.3046875000000001 0.428125 0.3375000000000001 0.465625 0.3375000000000001
0 0.5078125 0.2968750000000001 0.4703125 0.2968750000000001 0.4703125 0.3312500000000001 0.5078125 0.3312500000000001
0 0.553125 0.2921875000000001 0.5109375 0.2921875000000001 0.5109375 0.32500000000000007 0.553125 0.32500000000000007
0 0.5890625 0.28593750000000007 0.55 0.28593750000000007 0.55 0.3156250000000001 0.5890625 0.3156250000000001
1 0.2203125 0.17500000000000002 0.171875 0.175 0.17187500000000003 0.2703125 0.2203125 0.2703125
3 0.11562500000000005 0.46875 0.07187500000000006 0.46875 0.07187500000000006 0.5046875 0.11562500000000005 0.5046875
3 0.209375 0.007812500000000024 0.1796875 0.007812500000000023 0.1796875 0.07968750000000002 0.209375 0.07968750000000002
2 0.609375 0.34843750000000007 0.5203125 0.34843750000000007 0.5203125 0.3984375000000001 0.609375 0.3984375000000001
2 0.11250000000000004 0.5015625 6.142369101973443e-17 0.5015625 6.247612186275169e-17 0.51875 0.11250000000000004 0.51875
0 0.93125 0.3375000000000001 0.903125 0.3375000000000001 0.903125 0.4187500000000002 0.93125 0.4187500000000002
0 0.721875 0.08125000000000009 0.69375 0.08125000000000009 0.69375 0.1312500000000001 0.721875 0.1312500000000001
0 0.7375 0.1375000000000001 0.7109375 0.1375000000000001 0.7109375 0.1859375000000001 0.7375 0.1859375000000001
0 0.740625 0.19531250000000008 0.715625 0.19531250000000008 0.715625 0.2390625000000001 0.740625 0.2390625000000001
0 0.7703125 0.14843750000000008 0.7484375 0.14843750000000008 0.7484375 0.1906250000000001 0.7703125 0.1906250000000001
0 0.7734375 0.1921875000000001 0.74375 0.1921875000000001 0.74375 0.24375000000000008 0.7734375 0.24375000000000008
0 0.809375 0.20468750000000008 0.7828125 0.20468750000000008 0.7828125 0.2468750000000001 0.809375 0.2468750000000001
0 0.8375 0.20312500000000008 0.8140625 0.20312500000000008 0.8140625 0.2453125000000001 0.8375 0.2453125000000001
0 0.8046875 0.1390625000000001 0.775 0.1390625000000001 0.775 0.18906250000000008 0.8046875 0.18906250000000008
0 0.8234375 0.0750000000000001 0.7953125 0.0750000000000001 0.7953125 0.1281250000000001 0.8234375 0.1281250000000001
0 0.88125 0.08906250000000011 0.8546875 0.08906250000000011 0.8546875 0.13437500000000008 0.88125 0.13437500000000008
0 0.91875 0.0796875000000001 0.8890625 0.0796875000000001 0.8890625 0.13125000000000012 0.91875 0.13125000000000014
0 0.940625 0.09062500000000011 0.9203125 0.09062500000000011 0.9203125 0.13281250000000014 0.940625 0.13281250000000014
0 0.971875 0.08593750000000011 0.946875 0.08593750000000011 0.946875 0.12812500000000013 0.971875 0.12812500000000013
0 1 0.08281250000000012 0.9875 0.08281250000000011 0.9875 0.12812500000000013 1 0.12812500000000013
0 1 0.03593750000000012 0.978125 0.03593750000000012 0.978125 0.08125000000000013 1 0.08125000000000013
0 0.9765625 0.04062500000000012 0.9515625 0.04062500000000011 0.9515625 0.08125000000000011 0.9765625 0.08125000000000011
0 0.9515625 0.03906250000000011 0.928125 0.03906250000000011 0.928125 0.07812500000000011 0.9515625 0.07812500000000011
0 0.928125 0.03593750000000011 0.9046875 0.03593750000000011 0.9046875 0.0796875000000001 0.928125 0.0796875000000001
0 0.903125 0.03750000000000011 0.88125 0.03750000000000011 0.88125 0.08125000000000011 0.903125 0.08125000000000011
0 0.8796875 0.0375000000000001 0.85625 0.0375000000000001 0.85625 0.0796875000000001 0.8796875 0.0796875000000001
0 0.85625 0.0343750000000001 0.834375 0.0343750000000001 0.834375 0.07812500000000011 0.85625 0.07812500000000011
0 0.834375 0.0359375000000001 0.8125 0.0359375000000001 0.8125 0.0781250000000001 0.834375 0.07812500000000011
0 0.9859375 0.2875000000000001 0.9640625 0.2875000000000001 0.9640625 0.3296875000000001 0.9859375 0.3296875000000001
2 0.7921875 0.045312500000000096 0.7234375 0.04531250000000009 0.7234375 0.1390625000000001 0.7921875 0.1390625000000001
0 0.14687500000000014 0.9453125 0.10156250000000014 0.9453125 0.10156250000000014 1 0.14687500000000014 1
0 0.1750000000000001 0.8796875 0.1390625000000001 0.8796875 0.13906250000000012 0.934375 0.17500000000000013 0.934375
0 0.884375 0.9328125 0.8203125 0.9328125 0.8203125 0.99375 0.884375 0.99375
0 0.8203125 0.9828125 0.7593750000000001 0.9828125 0.7593750000000001 1 0.8203125 1
0 0.753125 0.6203125 0.7046875 0.6203125 0.7046875 0.6953125000000001 0.753125 0.6953125000000002
0 0.7203125 0.6375 0.6640625 0.6375 0.6640625 0.71875 0.7203125 0.71875
0 0.65625 0.5484375 0.609375 0.5484375 0.609375 0.6234375 0.65625 0.6234375
0 0.6640625000000001 0.6796875 0.6265625 0.6796875 0.6265625000000001 0.7296875 0.6640625000000002 0.7296875
0 1 0.8796875 0.9515625 0.8796875 0.9515625 0.940625 1 0.940625