2 0.3359375 0.2046875 0.21875 0.2046875 0.21875 0.28125 0.3359375 0.28125
0 0.2171875 0.15625000000000003 0.171875 0.15625 0.17187500000000003 0.19687500000000002 0.2171875 0.19687500000000005
0 0.10781250000000002 0.165625 0.06562500000000002 0.165625 0.06562500000000002 0.2046875 0.10781250000000005 0.2046875
0 0.4375 0.05312500000000005 0.3890625 0.05312500000000005 0.3890625 0.09531250000000005 0.4375 0.09531250000000005
0 0.4328125 0.10312500000000005 0.378125 0.10312500000000005 0.378125 0.15156250000000004 0.4328125 0.15156250000000004
0 0.409375 0.16093750000000004 0.3625 0.16093750000000004 0.3625 0.20156250000000003 0.409375 0.2015625000000001
0 0.4578125 0.17812500000000003 0.4109375 0.17812500000000003 0.4109375 0.21875000000000008 0.4578125 0.21875000000000008
0 0.4796875 0.13750000000000004 0.43125 0.13750000000000004 0.43125 0.18125000000000005 0.4796875 0.18125000000000005
0 0.509375 0.09843750000000007 0.475 0.09843750000000007 0.475 0.14687500000000003 0.509375 0.14687500000000003
0 0.509375 0.15312500000000004 0.484375 0.15312500000000004 0.484375 0.19531250000000006 0.509375 0.19531250000000006
0 0.478125 0.07500000000000005 0.434375 0.07500000000000004 0.434375 0.11718750000000004 0.478125 0.11718750000000004
0 0.06562500000000007 0.53125 0.034375000000000065 0.53125 0.034375000000000065 0.55 0.06562500000000007 0.55
0 0.5484375 0.3000000000000001 0.5109375 0.3000000000000001 0.5109375 0.3656250000000001 0.5484375 0.3656250000000001
0 0.8625 0.2156250000000001 0.8125 0.2156250000000001 0.8125 0.2609375000000001 0.8625 0.2609375000000001
0 0.9109375 0.2296875000000001 0.8625 0.2296875000000001 0.8625 0.2718750000000001 0.9109375 0.2718750000000001
0 0.29375000000000007 0.975 0.21875000000000008 0.975 0.21875000000000008 1 0.29375000000000007 1
0 0.2500000000000001 0.8375 0.18750000000000008 0.8375 0.1875000000000001 0.9078125 0.2500000000000001 0.9078125
0 0.1843750000000001 0.7125 0.12500000000000008 0.7125 0.12500000000000008 0.796875 0.1843750000000001 0.796875
0 0.15625000000000008 0.6109375 0.10312500000000009 0.6109375 0.10312500000000009 0.6875 0.15625000000000008 0.6875
0 0.2171875000000001 0.55 0.1625000000000001 0.55 0.1625000000000001 0.559375 0.2171875000000001 0.559375
0 0.12343750000000009 0.7359375 0.08437500000000009 0.7359375 0.08437500000000009 0.7890625 0.12343750000000009 0.7890625
0 0.09843750000000007 0.5703125 0.056250000000000064 0.5703125 0.056250000000000064 0.6265625 0.09843750000000007 0.6265625
0 0.5078125 0.603125 0.446875 0.603125 0.446875 0.65 0.5078125 0.65
0 0.5765625000000002 0.8484375 0.5390625000000002 0.8484375 0.5390625000000002 0.925 0.5765625000000002 0.925
0 0.7640625000000002 0.9640625 0.7156250000000002 0.9640625 0.7156250000000002 1 0.7640625000000002 1
0 0.7890625000000002 0.93125 0.7421875000000002 0.93125 0.7421875000000002 0.9703125 0.7890625000000002 0.9703125
0 0.6609375 0.625 0.628125 0.625 0.628125 0.6921875 0.6609375 0.6921875
0 0.5218750000000001 0.7140625 0.509375 0.7140625 0.5093750000000001 0.7875 0.5218750000000002 0.7875
0 0.5828125 0.55 0.5484375 0.55 0.5484375 0.6140625 0.5828125 0.6140625
0 0.825 0.9765625 0.7750000000000001 0.9765625 0.7750000000000001 1 0.825 1
0 0.88125 0.9859375 0.8296875 0.9859375 0.8296875 1 0.88125 1