0 0.44375 0.7046875 0.4265625 0.7046875 0.4265625 0.725 0.44375 0.725
0 0.45000000000000007 0.7140625 0.434375 0.7140625 0.43437500000000007 0.7359375 0.4500000000000002 0.7359375
0 0.45625000000000016 0.728125 0.44062500000000016 0.728125 0.44062500000000016 0.746875 0.45625000000000016 0.746875
0 0.4625000000000002 0.7390625 0.44531250000000017 0.7390625 0.44531250000000017 0.759375 0.4625000000000002 0.759375
0 0.46875000000000017 0.75 0.4500000000000002 0.75 0.4500000000000002 0.7703125 0.46875000000000017 0.7703125
0 0.4750000000000002 0.7625 0.45625000000000016 0.7625 0.45625000000000016 0.7828125 0.4750000000000002 0.7828125
0 0.47968750000000016 0.7734375 0.46406250000000016 0.7734375 0.46406250000000016 0.79375 0.47968750000000016 0.79375
0 0.4890625000000002 0.7796875 0.4750000000000002 0.7796875 0.4750000000000002 0.803125 0.4890625000000002 0.803125
0 0.6125000000000002 0.7703125 0.5968750000000002 0.7703125 0.5968750000000002 0.7953125 0.6125000000000002 0.7953125
0 0.7015625000000002 0.93125 0.6859375000000002 0.93125 0.6859375000000002 0.95625 0.7015625000000002 0.95625
0 0.6828125000000002 0.9 0.6656250000000001 0.9 0.6656250000000001 0.9265625 0.6828125000000002 0.9265625
0 0.3890625000000001 0.49375 0.3734375000000001 0.49375 0.3734375000000001 0.515625 0.3890625000000001 0.515625
0 0.4984375 0.3046875000000001 0.48125 0.3046875000000001 0.48125 0.32500000000000007 0.4984375 0.32500000000000007
0 0.484375 0.21093750000000008 0.465625 0.21093750000000008 0.465625 0.2328125000000001 0.484375 0.2328125000000001
0 0.503125 0.19375000000000003 0.484375 0.19375000000000003 0.484375 0.2156250000000001 0.503125 0.2156250000000001
0 0.5203125 0.17968750000000006 0.5046875 0.17968750000000006 0.5046875 0.19687500000000005 0.5203125 0.19687500000000005
0 0.5375 0.16562500000000005 0.5203125 0.16562500000000005 0.5203125 0.18593750000000003 0.5375 0.18593750000000003
0 0.5703125 0.1437500000000001 0.55 0.1437500000000001 0.55 0.16406250000000008 0.5703125 0.16406250000000008
2 0.75625 0.09531250000000009 0.709375 0.09531250000000009 0.709375 0.1453125000000001 0.75625 0.1453125000000001
0 0.74375 0.08750000000000009 0.7265625 0.08750000000000009 0.7265625 0.10468750000000009 0.74375 0.10468750000000009
0 0.8140625 0.07968750000000009 0.7953125 0.07968750000000009 0.7953125 0.0984375000000001 0.8140625 0.0984375000000001
0 0.728125 0.04531250000000009 0.7109375 0.04531250000000009 0.7109375 0.06406250000000009 0.728125 0.06406250000000009
0 0.746875 0.01093750000000009 0.73125 0.01093750000000009 0.73125 0.02968750000000009 0.746875 0.02968750000000009
0 0.7765625 0.009375000000000093 0.75625 0.009375000000000092 0.75625 0.029687500000000096 0.7765625 0.0296875000000001
0 0.2765625 0.2453125 0.2625 0.2453125 0.2625 0.26875 0.2765625 0.26875
0 0.3125 0.17187500000000006 0.303125 0.17187500000000006 0.303125 0.19375000000000003 0.3125 0.19375000000000003
0 0.2875 0.11875000000000005 0.275 0.11875000000000005 0.275 0.14218750000000005 0.2875 0.14218750000000005
0 0.2796875 0.09687500000000003 0.26875 0.09687500000000002 0.26875 0.12343750000000005 0.2796875 0.12343750000000005
0 0.271875 0.07968750000000002 0.2609375 0.07968750000000002 0.2609375 0.10312500000000005 0.271875 0.10312500000000005
0 0.2078125 0.09531250000000002 0.19375 0.09531250000000002 0.19375 0.12031250000000004 0.2078125 0.12031250000000004
3 0.2671875 0.06250000000000003 0.246875 0.06250000000000003 0.246875 0.10000000000000005 0.2671875 0.10000000000000005
0 0.2546875 0.03593750000000003 0.2390625 0.03593750000000003 0.2390625 0.057812500000000024 0.2546875 0.057812500000000024
0 0.2484375 0.021875000000000026 0.234375 0.021875000000000026 0.234375 0.04375000000000003 0.2484375 0.04375000000000003
1 0.24375 0.006250000000000029 0.2203125 0.006250000000000028 0.2203125 0.04062500000000003 0.24375 0.040625000000000036
0 0.2078125 0.014062500000000025 0.1921875 0.014062500000000023 0.1921875 0.03750000000000002 0.2078125 0.03750000000000002
0 0.165625 0.121875 0.1515625 0.121875 0.1515625 0.1484375 0.165625 0.1484375
0 0.159375 0.109375 0.1453125 0.109375 0.1453125 0.1359375 0.159375 0.1359375
0 0.1203125 0.015625000000000014 0.10625 0.01562500000000001 0.10625 0.04375000000000001 0.1203125 0.04375000000000001
0 0.1265625 0.03593750000000001 0.1125 0.03593750000000001 0.1125 0.06093750000000002 0.1265625 0.06093750000000002
0 0.134375 0.04531250000000001 0.1203125 0.04531250000000001 0.1203125 0.07500000000000002 0.134375 0.07500000000000002
0 0.90625 0.9125 0.8953125 0.9125 0.8953125 0.9359375 0.90625 0.9359375
0 0.90625 0.940625 0.8953125 0.940625 0.8953125 0.96875 0.90625 0.96875
0 0.93125 0.93125 0.9171875 0.93125 0.9171875 0.95625 0.93125 0.95625
0 0.940625 0.95625 0.9203125 0.95625 0.9203125 0.9734375 0.940625 0.9734375
0 0.9390625 0.8984375 0.921875 0.8984375 0.921875 0.91875 0.9390625 0.91875
0 0.946875 0.975 0.9296875 0.975 0.9296875 0.9859375 0.946875 0.9859375
0 0.909375 0.9734375 0.89375 0.9734375 0.89375 0.9984375 0.909375 0.9984375
0 0.9546875 0.984375 0.934375 0.984375 0.934375 0.996875 0.9546875 0.996875
3 0.63125 7.548799410369232e-17 0.6015625 7.367015901120797e-17 0.6015625 0.023437500000000076 0.63125 0.023437500000000076
0 0.503125 0.559375 0.4859375 0.559375 0.4859375 0.5859375 0.503125 0.5859375
0 0.5375 0.621875 0.51875 0.621875 0.51875 0.653125 0.5375 0.653125
0 0.55 0.6515625 0.5328125 0.6515625 0.5328125 0.678125 0.55 0.678125
0 0.5703125 0.6859375 0.553125 0.6859375 0.553125 0.7125 0.5703125 0.7125