0 0.3593750000000001 0.40625 0.3156250000000001 0.40625 0.3156250000000001 0.4390625 0.3593750000000001 0.4390625
0 0.5703125 0.3906250000000001 0.525 0.3906250000000001 0.525 0.4265625 0.5703125 0.4265625
0 0.5140625 0.53125 0.4734375 0.53125 0.4734375 0.565625 0.5140625 0.565625
2 0.060937500000000054 0.4484375 5.4917754899264124e-17 0.4484375 5.769234530358234e-17 0.49375 0.06093750000000007 0.49375
0 0.01250000000000005 0.396875 4.860316984116058e-17 0.396875 5.051668046482832e-17 0.428125 0.01250000000000005 0.428125
0 0.16406250000000006 0.5390625 0.12343750000000005 0.5390625 0.12343750000000006 0.56875 0.16406250000000008 0.56875
0 0.909375 0.3890625000000001 0.890625 0.3890625000000001 0.890625 0.40937500000000016 0.909375 0.40937500000000016
0 0.3453125000000001 0.571875 0.2875000000000001 0.571875 0.2875000000000001 0.6265625 0.3453125000000001 0.6265625
0 0.4109375 0.6140625 0.35625000000000007 0.6140625 0.35625000000000007 0.6640625 0.4109375 0.6640625
0 0.5234375 0.6109375 0.4578125 0.6109375 0.4578125 0.66875 0.5234375 0.66875
0 0.20468750000000008 0.56875 0.1437500000000001 0.56875 0.1437500000000001 0.5953125 0.20468750000000008 0.5953125
0 0.503125 0.7109375 0.4390625 0.7109375 0.4390625000000001 0.765625 0.5031250000000002 0.765625
0 0.5531250000000002 0.9796875 0.4984375000000002 0.9796875 0.4984375000000002 1 0.5531250000000002 1
0 0.1828125000000001 0.825 0.13281250000000008 0.825 0.13281250000000008 0.884375 0.1828125000000001 0.884375
0 0.1406250000000001 0.8734375 0.08281250000000011 0.8734375 0.08281250000000011 0.940625 0.14062500000000014 0.940625
0 0.09218750000000012 0.928125 0.03593750000000011 0.928125 0.035937500000000115 0.9890625 0.09218750000000012 0.9890625
0 0.045312500000000124 0.9703125 1.188290097297666e-16 0.9703125 1.2064684482225098e-16 1 0.045312500000000124 1
0 0.65 0.6703125 0.634375 0.6703125 0.634375 0.69375 0.65 0.69375