0 0.56875 6.745124948428782e-17 0.5328125 6.52507122670699e-17 0.5328125 0.06250000000000007 0.56875 0.06250000000000007
0 0.5390625 0.19218750000000004 0.5015625 0.19218750000000004 0.5015625 0.2734375000000001 0.5390625 0.2734375000000001
3 0.8640625 1.0237281836622407e-16 0.8078125 9.892849924362213e-17 0.8078125 0.025000000000000105 0.8640625 0.025000000000000112
0 0.6546875 0.27031250000000007 0.6234375 0.27031250000000007 0.6234375 0.3390625000000001 0.6546875 0.3390625000000001
2 0.06250000000000008 0.6390625 7.826258450801054e-17 0.6390625 8.849986634463295e-17 0.80625 0.06250000000000008 0.80625
0 0.0875000000000001 0.8796875 0.05312500000000011 0.8796875 0.05312500000000011 0.94375 0.0875000000000001 0.94375
0 0.18593750000000003 0.4671875 0.15937500000000004 0.4671875 0.15937500000000004 0.5390625 0.18593750000000003 0.5390625
0 0.3937500000000001 0.775 0.3468750000000001 0.775 0.3468750000000001 0.81875 0.3937500000000001 0.81875
0 0.4390625000000002 0.784375 0.3968750000000001 0.784375 0.3968750000000001 0.825 0.4390625000000002 0.825
0 0.940625 0.7234375000000002 0.903125 0.7234375000000002 0.903125 0.7750000000000001 0.940625 0.7750000000000001
0 0.45625 0.65 0.4390625 0.65 0.4390625 0.69375 0.45625 0.69375
0 0.6765625 0.3390625000000001 0.6515625 0.3390625000000001 0.6515625 0.4140625 0.6765625 0.4140625
0 0.6328125000000002 0.859375 0.6078125000000002 0.859375 0.6078125000000002 0.9421875 0.6328125000000002 0.9421875
0 0.8109375 0.46875000000000017 0.775 0.46875000000000017 0.775 0.5140625000000002 0.8109375 0.5140625000000002
0 0.884375 0.42968750000000017 0.8484375 0.42968750000000017 0.8484375 0.4781250000000002 0.884375 0.4781250000000002
0 0.846875 0.41718750000000016 0.815625 0.41718750000000016 0.815625 0.4625000000000002 0.846875 0.4625000000000002
0 0.8125 0.4031250000000002 0.7765625 0.4031250000000002 0.7765625 0.4546875000000002 0.8125 0.4546875000000002
0 0.93125 0.5078125000000002 0.8984375 0.5078125000000002 0.8984375 0.5531250000000002 0.93125 0.5531250000000002
0 0.8453125 0.5328125000000001 0.8109375 0.5328125000000001 0.8109375 0.5781250000000002 0.8453125 0.5781250000000002
0 1 0.47187500000000016 0.96875 0.47187500000000016 0.96875 0.5171875000000001 1 0.5171875000000001
0 0.7531250000000002 0.8109375 0.7171875000000002 0.8109375 0.7171875000000002 0.859375 0.7531250000000002 0.859375
0 0.7875000000000002 0.8125 0.7531250000000002 0.8125 0.7531250000000002 0.8578125 0.7875000000000002 0.8578125
0 0.846875 0.8140625 0.8140625 0.8140625 0.8140625 0.8625 0.846875 0.8625
0 0.88125 0.821875 0.8484375 0.821875 0.8484375 0.8703125 0.88125 0.8703125
0 0.915625 0.8359375 0.884375 0.8359375 0.884375 0.88125 0.915625 0.88125
0 0.9578125 0.846875 0.9203125 0.846875 0.9203125 0.8921875 0.9578125 0.8921875
0 0.9890625 0.859375 0.959375 0.859375 0.959375 0.9046875 0.9890625 0.9046875
3 0.8125 0.5812500000000002 0.771875 0.5812500000000002 0.771875 0.6437500000000002 0.8125 0.6437500000000002