2 0.5671875 6.228477080038492e-17 0.45 5.5109105961630896e-17 0.45 0.020312500000000063 0.5671875 0.020312500000000074
0 0.0625 4.496749965619187e-18 0.0109375 1.3394574365674175e-18 0.010937500000000001 0.012500000000000002 0.0625 0.012500000000000006
0 0.4328125 0.08125000000000004 0.3859375 0.08125000000000004 0.3859375 0.12343750000000005 0.4328125 0.12343750000000005
0 0.4421875 0.17500000000000004 0.4015625 0.17500000000000004 0.4015625 0.2500000000000001 0.4421875 0.2500000000000001
0 0.590625 0.01875000000000007 0.546875 0.018750000000000065 0.546875 0.057812500000000065 0.590625 0.057812500000000065
3 0.5453125000000002 0.9265625 0.5078125000000002 0.9265625 0.5078125000000002 0.971875 0.5453125000000002 0.971875
0 0.6156250000000002 0.9625 0.5968750000000002 0.9625 0.5968750000000002 0.996875 0.6156250000000002 0.996875
0 0.5984375000000002 0.8875 0.5828125000000002 0.8875 0.5828125000000002 0.9140625 0.5984375000000002 0.9140625
0 0.6046875000000002 0.86875 0.5921875000000002 0.86875 0.5921875000000002 0.89375 0.6046875000000002 0.89375
0 0.6156250000000002 0.90625 0.6015625000000002 0.90625 0.6015625000000002 0.9328125 0.6156250000000002 0.9328125
0 0.5453125000000002 0.7640625 0.5328125000000001 0.7640625 0.5328125000000001 0.7859375 0.5453125000000002 0.7859375
0 0.5609375000000002 0.7828125 0.5484375000000001 0.7828125 0.5484375000000001 0.80625 0.5609375000000002 0.80625
0 0.5484375000000001 0.7859375 0.5343750000000002 0.7859375 0.5343750000000002 0.809375 0.5484375000000001 0.809375
0 0.5 0.4921875 0.4921875 0.4921875 0.4921875 0.5046875 0.5 0.5046875
0 0.5 0.4578125 0.49375 0.4578125 0.49375 0.4671875 0.5 0.4671875
0 0.48125 0.4359375 0.475 0.4359375 0.475 0.4453125 0.48125 0.4453125
0 0.93125 0.3390625000000001 0.890625 0.3390625000000001 0.890625 0.3578125000000001 0.93125 0.3578125000000001
0 0.934375 0.8734375 0.89375 0.8734375 0.89375 0.93125 0.934375 0.93125