0 0.06406250000000005 0.4 0.01562500000000005 0.4 0.015625000000000052 0.440625 0.06406250000000005 0.440625
0 0.07187500000000006 0.4546875 0.023437500000000056 0.4546875 0.02343750000000006 0.4984375 0.07187500000000006 0.4984375
0 0.259375 0.18281250000000004 0.2265625 0.18281250000000004 0.2265625 0.259375 0.259375 0.259375
0 0.3187500000000001 0.4296875 0.2765625000000001 0.4296875 0.2765625000000001 0.5140625 0.3187500000000001 0.5140625
0 0.265625 0.059375000000000025 0.23125 0.059375000000000025 0.23125 0.13906250000000003 0.265625 0.13906250000000003
0 0.3890625 0.16250000000000003 0.34375 0.16250000000000003 0.34375 0.21718750000000003 0.3890625 0.2171875000000001
0 0.3546875000000001 0.6421875 0.3109375000000001 0.6421875 0.3109375000000001 0.725 0.3546875000000001 0.725
3 0.5890625 0.34062500000000007 0.53125 0.34062500000000007 0.53125 0.3921875000000001 0.5890625 0.3921875000000001
0 0.5203125 0.18593750000000003 0.4734375 0.18593750000000003 0.4734375 0.2312500000000001 0.5203125 0.2312500000000001
0 0.525 0.2250000000000001 0.478125 0.2250000000000001 0.478125 0.2671875000000001 0.525 0.2671875000000001
0 0.5875 0.21093750000000008 0.540625 0.21093750000000008 0.540625 0.2500000000000001 0.5875 0.2500000000000001
0 0.578125 0.17031250000000006 0.53125 0.17031250000000003 0.53125 0.2078125000000001 0.578125 0.2078125000000001
0 0.5453125 0.2671875000000001 0.496875 0.2671875000000001 0.496875 0.30937500000000007 0.5453125 0.30937500000000007
0 0.4875000000000001 0.68125 0.4515625 0.68125 0.4515625000000001 0.7515625 0.48750000000000016 0.7515625
0 0.8328125 0.1515625000000001 0.7703125 0.1515625000000001 0.7703125 0.21250000000000008 0.8328125 0.21250000000000008
0 0.7203125000000001 0.7015625 0.6640625 0.7015625 0.6640625000000001 0.7671875 0.7203125000000001 0.7671875
0 0.7828125000000001 0.7359375000000001 0.7125000000000001 0.7359375 0.7125000000000001 0.7796875000000001 0.7828125000000001 0.7796875000000002
0 0.9828125 0.2750000000000001 0.9421875 0.2750000000000001 0.9421875 0.3453125000000001 0.9828125 0.3453125000000001
0 0.99375 0.3812500000000001 0.9515625 0.3812500000000001 0.9515625 0.4625000000000002 0.99375 0.4625000000000002
0 1 0.4781250000000002 0.9640625 0.4781250000000002 0.9640625 0.5453125000000002 1 0.5453125000000002
0 1 0.6546875000000002 0.975 0.6546875000000002 0.975 0.7281250000000001 1 0.7281250000000001
0 1 0.4593750000000002 0.9875 0.4593750000000002 0.9875 0.5453125000000002 1 0.5453125000000002
0 0.3968750000000001 0.9796875 0.3859375000000001 0.9796875 0.3859375000000001 0.9984375 0.3968750000000001 0.9984375
0 0.38750000000000007 0.953125 0.3781250000000001 0.953125 0.3781250000000001 0.9703125 0.38750000000000007 0.9703125
0 0.3843750000000001 0.9390625 0.3750000000000001 0.9390625 0.3750000000000001 0.95625 0.3843750000000001 0.95625
0 0.37968750000000007 0.9234375 0.3703125000000001 0.9234375 0.3703125000000001 0.9390625 0.37968750000000007 0.9390625
0 0.3125000000000001 0.9421875 0.3031250000000001 0.9421875 0.3031250000000001 0.9578125 0.3125000000000001 0.9578125
0 0.2968750000000001 0.96875 0.2875000000000001 0.96875 0.2875000000000001 0.9859375 0.2968750000000001 0.9859375
3 0.3203125000000001 0.9109375 0.3109375000000001 0.9109375 0.3109375000000001 0.928125 0.3203125000000001 0.928125
0 0.2953125000000001 0.8765625 0.2875000000000001 0.8765625 0.2875000000000001 0.890625 0.2953125000000001 0.890625
0 0.3078125000000001 0.85 0.3000000000000001 0.85 0.3000000000000001 0.8625 0.3078125000000001 0.8625
0 0.2968750000000001 0.81875 0.2890625000000001 0.81875 0.2890625000000001 0.8296875 0.2968750000000001 0.8296875
0 0.3000000000000001 0.8421875 0.29375000000000007 0.8421875 0.29375000000000007 0.8546875 0.3000000000000001 0.8546875
0 0.3765625000000001 0.9109375 0.3687500000000001 0.9109375 0.3687500000000001 0.925 0.3765625000000001 0.925
0 0.3734375000000001 0.896875 0.36406250000000007 0.896875 0.36406250000000007 0.9125 0.3734375000000001 0.9125
0 0.3500000000000001 0.8640625 0.34062500000000007 0.8640625 0.34062500000000007 0.8796875 0.3500000000000001 0.8796875
0 0.3703125000000001 0.8578125 0.3578125000000001 0.8578125 0.3578125000000001 0.8703125 0.3703125000000001 0.8703125
0 0.3687500000000001 0.853125 0.35625000000000007 0.853125 0.35625000000000007 0.8640625 0.3687500000000001 0.8640625
0 0.34843750000000007 0.846875 0.3390625000000001 0.846875 0.3390625000000001 0.859375 0.34843750000000007 0.859375
0 0.3453125000000001 0.8375 0.3375000000000001 0.8375 0.3375000000000001 0.8484375 0.3453125000000001 0.8484375
0 0.3437500000000001 0.828125 0.3359375000000001 0.828125 0.3359375000000001 0.840625 0.3437500000000001 0.840625
0 0.3390625000000001 0.809375 0.33281250000000007 0.809375 0.33281250000000007 0.8203125 0.3390625000000001 0.8203125
0 0.5125000000000002 0.946875 0.4968750000000002 0.946875 0.4968750000000002 0.9625 0.5125000000000002 0.9625
0 0.5250000000000001 0.940625 0.5140625000000002 0.940625 0.5140625000000002 0.959375 0.5250000000000001 0.959375
0 0.5328125000000001 0.9375 0.5203125000000002 0.9375 0.5203125000000002 0.9546875 0.5328125000000001 0.9546875
0 0.5234375000000002 0.928125 0.5125000000000002 0.928125 0.5125000000000002 0.946875 0.5234375000000002 0.946875
0 0.5140625000000002 0.93125 0.5046875000000002 0.93125 0.5046875000000002 0.946875 0.5140625000000002 0.946875
0 0.5078125000000002 0.940625 0.49218750000000017 0.940625 0.49218750000000017 0.9546875 0.5078125000000002 0.9546875
0 0.5062500000000002 0.9359375 0.49218750000000017 0.9359375 0.49218750000000017 0.95 0.5062500000000002 0.95
0 0.5140625000000002 0.9125 0.5015625000000001 0.9125 0.5015625000000001 0.928125 0.5140625000000002 0.928125
0 0.5046875000000002 0.921875 0.4890625000000002 0.921875 0.4890625000000002 0.9375 0.5046875000000002 0.9375
0 0.7062500000000002 0.9421875 0.6953125000000002 0.9421875 0.6953125000000002 0.9640625 0.7062500000000002 0.9640625
0 0.7187500000000002 0.9453125 0.7062500000000002 0.9453125 0.7062500000000002 0.9703125 0.7187500000000002 0.9703125
0 0.7265625000000002 0.934375 0.7140625000000002 0.934375 0.7140625000000002 0.9578125 0.7265625000000002 0.9578125
0 0.7359375000000001 0.9375 0.7250000000000002 0.9375 0.7250000000000002 0.9625 0.7359375000000001 0.9625
0 0.7453125000000002 0.9328125 0.7328125000000002 0.9328125 0.7328125000000002 0.9578125 0.7453125000000002 0.9578125
3 0.7765625000000002 0.9578125 0.7562500000000002 0.9578125 0.7562500000000002 0.975 0.7765625000000002 0.975
0 0.8046875 0.9546875 0.7843750000000002 0.9546875 0.7843750000000002 0.9703125 0.8046875 0.9703125
0 0.8265625 0.953125 0.8078125 0.953125 0.8078125 0.965625 0.8265625 0.965625
0 0.8546875 0.9484375 0.8359375 0.9484375 0.8359375 0.9625 0.8546875 0.9625
0 0.996875 0.9875 0.975 0.9875 0.975 1 0.996875 1