1 0.5578125 0.4515625 0.515625 0.4515625 0.515625 0.490625 0.5578125 0.490625
3 0.5890625 0.3031250000000001 0.553125 0.3031250000000001 0.553125 0.3390625000000001 0.5890625 0.3390625000000001
3 0.22812500000000008 0.50625 0.19218750000000004 0.50625 0.19218750000000004 0.5359375 0.22812500000000008 0.5359375
0 0.05937500000000007 0.4734375 0.021875000000000054 0.4734375 0.021875000000000058 0.4984375 0.05937500000000007 0.4984375
0 0.14687500000000003 0.475 0.11093750000000005 0.475 0.11093750000000005 0.5015625 0.14687500000000003 0.5015625
0 0.29375000000000007 0.503125 0.2593750000000001 0.503125 0.2593750000000001 0.5328125 0.29375000000000007 0.5328125
0 0.3687500000000001 0.503125 0.3375000000000001 0.503125 0.3375000000000001 0.528125 0.3687500000000001 0.528125
0 0.43125 0.521875 0.4 0.521875 0.4 0.565625 0.43125 0.565625
0 0.4640625 0.628125 0.4453125 0.628125 0.4453125 0.684375 0.4640625 0.684375
0 0.503125 0.675 0.4859375 0.675 0.4859375000000001 0.7296875 0.5031250000000002 0.7296875
0 0.5062500000000002 0.8703125 0.49218750000000017 0.8703125 0.49218750000000017 0.9328125 0.5062500000000002 0.9328125
0 0.5000000000000002 0.7515625 0.4859375000000002 0.7515625 0.4859375000000002 0.8109375 0.5000000000000002 0.8109375
0 0.47968750000000016 0.8296875 0.4656250000000002 0.8296875 0.4656250000000002 0.890625 0.47968750000000016 0.890625
0 0.6421875 0.4359375 0.6109375 0.4359375 0.6109375 0.4640625 0.6421875 0.4640625
0 0.925 0.4187500000000002 0.890625 0.4187500000000002 0.890625 0.44531250000000017 0.925 0.44531250000000017
0 0.88125 0.4281250000000002 0.853125 0.4281250000000002 0.853125 0.4500000000000002 0.88125 0.4500000000000002
2 0.7578125 0.3515625000000001 0.6578125 0.3515625000000001 0.6578125 0.3921875000000001 0.7578125 0.3921875000000001