2 0.5578125 0.615625 0.4765625 0.615625 0.4765625000000001 0.790625 0.5578125000000002 0.790625
2 0.890625 0.6218750000000002 0.778125 0.6218750000000002 0.778125 0.6718750000000002 0.890625 0.6718750000000002
0 0.5984375 0.49375 0.5578125 0.49375 0.5578125 0.528125 0.5984375 0.528125
0 0.7125 0.5515625 0.6671875 0.5515625 0.6671875 0.590625 0.7125 0.590625
0 0.4515625 0.3218750000000001 0.41875 0.3218750000000001 0.41875 0.3921875000000001 0.4515625 0.3921875000000001
0 0.2390625000000001 0.4890625 0.19531250000000006 0.4890625 0.19531250000000006 0.5234375 0.2390625000000001 0.5234375
0 0.78125 0.49218750000000017 0.7453125 0.49218750000000017 0.7453125 0.5218750000000002 0.78125 0.5218750000000002
0 0.85625 0.5390625000000002 0.815625 0.5390625000000002 0.815625 0.5671875000000002 0.85625 0.5671875000000002
0 0.615625 0.6328125 0.578125 0.6328125 0.578125 0.6921875 0.615625 0.6921875
0 0.528125 0.010937500000000062 0.50625 0.010937500000000062 0.50625 0.08750000000000006 0.528125 0.08750000000000006
0 0.3031250000000001 0.675 0.2578125000000001 0.675 0.2578125000000001 0.70625 0.3031250000000001 0.70625