2 0.48125 0.3515625000000001 0.3828125 0.3515625000000001 0.38281250000000006 0.4296875 0.48125 0.4296875
2 0.18125000000000005 0.325 0.06406250000000005 0.325 0.06406250000000005 0.3859375 0.18125000000000005 0.3859375
0 0.4140625 0.22656250000000008 0.3703125 0.22656250000000008 0.3703125 0.2656250000000001 0.4140625 0.2656250000000001
0 0.2984375 0.2734375 0.25 0.2734375 0.25 0.315625 0.2984375 0.315625
0 0.5390625 0.07031250000000007 0.5296875 0.07031250000000007 0.5296875 0.14375000000000004 0.5390625 0.14375000000000004
0 0.228125 0.20625 0.18906250000000005 0.20625 0.18906250000000005 0.2390625 0.228125 0.2390625
0 0.15156250000000004 0.2453125 0.10937500000000004 0.2453125 0.10937500000000004 0.278125 0.15156250000000004 0.278125
0 0.37968750000000007 0.36406250000000007 0.3359375000000001 0.3640625 0.3359375000000001 0.4265625 0.37968750000000007 0.4265625
1 0.725 8.161122809942908e-17 0.6078125 7.443556326067507e-17 0.6078125 0.1437500000000001 0.725 0.1437500000000001
0 0.596875 0.07500000000000007 0.5625 0.07500000000000007 0.5625 0.1281250000000001 0.596875 0.1281250000000001
0 0.6109375 0.2468750000000001 0.56875 0.2468750000000001 0.56875 0.30937500000000007 0.6109375 0.30937500000000007
0 0.771875 0.3375000000000001 0.734375 0.3375000000000001 0.734375 0.38750000000000007 0.771875 0.38750000000000007
0 0.9015625 0.14843750000000008 0.8625 0.14843750000000008 0.8625 0.2171875000000001 0.9015625 0.2171875000000001
0 0.940625 0.2015625000000001 0.90625 0.2015625000000001 0.90625 0.2609375000000001 0.940625 0.2609375000000001
0 0.25468750000000007 0.7859375 0.21875000000000008 0.7859375 0.21875000000000008 0.8515625 0.25468750000000007 0.8515625
0 0.534375 0.671875 0.4953125 0.671875 0.4953125000000001 0.740625 0.5343750000000002 0.740625
0 0.22656250000000008 0.5015625 0.18593750000000003 0.5015625 0.18593750000000006 0.5640625 0.22656250000000008 0.5640625
0 0.7500000000000002 0.8546875 0.7140625000000002 0.8546875 0.7140625000000002 0.9046875 0.7500000000000002 0.9046875
0 0.80625 0.6125000000000002 0.7703125 0.6125000000000002 0.7703125 0.6625000000000002 0.80625 0.6625000000000002
0 0.8453125 0.5984375000000002 0.8140625 0.5984375000000002 0.8140625 0.6484375000000002 0.8453125 0.6484375000000002
0 0.884375 0.5921875000000002 0.8546875 0.5921875000000002 0.8546875 0.6406250000000002 0.884375 0.6406250000000002
0 0.915625 0.5937500000000002 0.8875 0.5937500000000002 0.8875 0.6375000000000002 0.915625 0.6375000000000002
0 0.95 0.5953125000000001 0.915625 0.5953125000000001 0.915625 0.6375000000000002 0.95 0.6375000000000002
0 0.996875 0.5890625000000002 0.9625 0.5890625000000002 0.9625 0.6312500000000002 0.996875 0.6312500000000002
0 0.653125 0.465625 0.63125 0.465625 0.63125 0.55625 0.653125 0.55625
0 0.659375 0.4296875 0.6390625 0.4296875 0.6390625 0.4546875 0.659375 0.4546875
0 0.934375 0.6968750000000001 0.8984375 0.6968750000000001 0.8984375 0.7468750000000002 0.934375 0.7468750000000002
0 0.8203125 0.7296875000000002 0.7890625000000002 0.7296875000000002 0.7890625000000002 0.7750000000000001 0.8203125 0.7750000000000001
0 0.7234375000000002 0.7546875 0.6812500000000001 0.7546875 0.6812500000000001 0.8171875 0.7234375000000002 0.8171875
0 0.5968750000000002 0.8140625 0.5578125000000002 0.8140625 0.5578125000000002 0.8734375 0.5968750000000002 0.8734375
0 0.6250000000000002 0.946875 0.5890625000000002 0.946875 0.5890625000000002 1 0.6250000000000002 1
0 0.99375 0.9578125 0.965625 0.9578125 0.965625 1 0.99375 1
0 0.95625 0.9625 0.921875 0.9625 0.921875 1 0.95625 1
0 0.9203125 0.9625 0.8890625 0.9625 0.8890625 1 0.9203125 1
0 0.8734375 0.9703125 0.8453125 0.9703125 0.8453125 1 0.8734375 1
0 0.8453125 0.96875 0.821875 0.96875 0.821875 1 0.8453125 1
0 0.8203125 0.971875 0.7859375000000002 0.971875 0.7859375000000002 1 0.8203125 1
0 0.7796875000000002 0.9765625 0.7437500000000001 0.9765625 0.7437500000000001 1 0.7796875000000002 1
0 0.7046875000000001 0.9859375 0.6750000000000002 0.9859375 0.6750000000000002 1 0.7046875000000001 1