0 0.04062500000000003 0.2046875 2.5066989170047385e-17 0.2046875 2.71718508560819e-17 0.2390625 0.040625000000000036 0.2390625
0 0.04218750000000003 0.25 3.061616997868383e-17 0.25 3.291238272708512e-17 0.2875 0.04218750000000003 0.2875
0 0.3265625 0.275 0.3015625 0.275 0.3015625 0.3515625 0.3265625 0.3515625
0 0.4078125 0.33281250000000007 0.371875 0.33281250000000007 0.37187500000000007 0.39531250000000007 0.4078125 0.39531250000000007
0 0.29375 0.017187500000000033 0.271875 0.017187500000000033 0.271875 0.08906250000000003 0.29375 0.08906250000000004
0 0.3671875000000001 0.4390625 0.34062500000000007 0.4390625 0.34062500000000007 0.5203125 0.3671875000000001 0.5203125
0 0.5484375 0.4046875 0.4953125 0.4046875 0.4953125 0.465625 0.5484375 0.465625
0 0.596875 0.4515625 0.534375 0.4515625 0.534375 0.5234375 0.596875 0.5234375
0 0.6421875 0.5078125 0.58125 0.5078125 0.58125 0.575 0.6421875 0.575
0 0.6890625 0.5515625 0.628125 0.5515625 0.628125 0.5796875 0.6890625 0.5796875
0 0.903125 0.05312500000000011 0.871875 0.05312500000000011 0.871875 0.12031250000000009 0.903125 0.12031250000000009
0 0.8875 0.1593750000000001 0.8546875 0.1593750000000001 0.8546875 0.2375000000000001 0.8875 0.2375000000000001
0 0.8765625 0.2578125000000001 0.8453125 0.2578125000000001 0.8453125 0.3187500000000001 0.8765625 0.3187500000000001
0 0.84375 0.4265625000000002 0.8109375 0.4265625000000002 0.8109375 0.4984375000000002 0.84375 0.4984375000000002
0 0.9109375 0.2484375000000001 0.86875 0.2484375000000001 0.86875 0.3312500000000001 0.9109375 0.3312500000000001
0 0.946875 0.2156250000000001 0.909375 0.2156250000000001 0.909375 0.3000000000000001 0.946875 0.3000000000000001
0 0.91875 0.3968750000000001 0.8828125 0.3968750000000001 0.8828125 0.4734375000000002 0.91875 0.4734375000000002
0 0.4296875000000001 0.6578125 0.4078125 0.6578125 0.4078125000000001 0.7328125 0.42968750000000017 0.7328125
0 0.3625000000000001 0.5796875 0.3265625000000001 0.5796875 0.3265625000000001 0.603125 0.3625000000000001 0.603125
0 0.30156250000000007 0.6265625 0.25468750000000007 0.6265625 0.25468750000000007 0.684375 0.30156250000000007 0.684375
0 0.17343750000000008 0.671875 0.1312500000000001 0.671875 0.1312500000000001 0.709375 0.17343750000000008 0.709375
0 0.1296875000000001 0.790625 0.08125000000000009 0.790625 0.0812500000000001 0.8296875 0.1296875000000001 0.8296875
0 0.19531250000000008 0.8046875 0.14843750000000008 0.8046875 0.14843750000000008 0.840625 0.19531250000000008 0.840625
0 0.0671875000000001 0.7859375 0.0250000000000001 0.7859375 0.0250000000000001 0.821875 0.06718750000000011 0.821875
0 0.07343750000000009 0.696875 0.017187500000000085 0.696875 0.017187500000000085 0.7390625 0.07343750000000009 0.7390625
2 0.10000000000000009 0.83125 1.0179876517912373e-16 0.83125 1.0524308430172568e-16 0.8875 0.10000000000000009 0.8875
2 0.18750000000000008 0.8484375 0.14218750000000008 0.8484375 0.14218750000000008 0.8828125 0.18750000000000008 0.8828125
2 0.1484375000000001 0.8953125 0.10000000000000009 0.8953125 0.10000000000000012 0.934375 0.14843750000000014 0.934375
0 0.878125 0.6265625000000001 0.85625 0.6265625000000001 0.85625 0.6828125000000002 0.878125 0.6828125000000002
0 0.8984375 0.853125 0.8625 0.853125 0.8625 0.91875 0.8984375 0.91875
0 0.5703125000000002 0.9609375 0.5375000000000002 0.9609375 0.5375000000000002 1 0.5703125000000002 1