2 0.765625 0.4156250000000001 0.66875 0.415625 0.66875 0.4984375000000001 0.765625 0.4984375000000002
0 1 0.42500000000000016 0.9890625 0.42500000000000016 0.9890625 0.48437500000000017 1 0.48437500000000017
0 0.8515625 0.0875000000000001 0.8171875 0.0875000000000001 0.8171875 0.17187500000000008 0.8515625 0.17187500000000008
0 0.8625 0.1843750000000001 0.83125 0.1843750000000001 0.83125 0.25468750000000007 0.8625 0.25468750000000007
0 0.8890625 0.2500000000000001 0.8578125 0.2500000000000001 0.8578125 0.32500000000000007 0.8890625 0.32500000000000007
0 0.8421875 0.4593750000000002 0.8125 0.4593750000000002 0.8125 0.5187500000000002 0.8421875 0.5187500000000002
0 1 0.2062500000000001 0.9484375 0.2062500000000001 0.9484375 0.2640625000000001 1 0.2640625000000001
2 0.38750000000000007 0.6921875 0.3140625000000001 0.6921875 0.3140625000000001 0.959375 0.38750000000000007 0.959375
2 0.48437500000000017 0.7984375 0.41718750000000016 0.7984375 0.41718750000000016 1 0.48437500000000017 1
0 0.4046875000000002 0.740625 0.3781250000000001 0.740625 0.3781250000000001 0.8078125 0.4046875000000002 0.8078125
0 0.3656250000000001 0.6078125 0.3390625000000001 0.6078125 0.3390625000000001 0.678125 0.3656250000000001 0.678125
0 0.09062500000000012 0.9578125 0.046875000000000125 0.9578125 0.046875000000000125 1 0.09062500000000014 1
3 0.17968750000000014 0.9234375 0.12031250000000013 0.9234375 0.12031250000000013 0.984375 0.17968750000000014 0.984375
0 0.16562500000000013 0.9890625 0.12031250000000013 0.9890625 0.12031250000000013 1 0.16562500000000013 1
0 0.6687500000000002 0.890625 0.6312500000000002 0.890625 0.6312500000000002 0.9296875 0.6687500000000002 0.9296875
0 0.7250000000000002 0.871875 0.6984375000000002 0.871875 0.6984375000000002 0.91875 0.7250000000000002 0.91875
0 0.7656250000000002 0.875 0.7343750000000002 0.875 0.7343750000000002 0.93125 0.7656250000000002 0.93125
0 0.7828125000000001 0.890625 0.7609375000000002 0.890625 0.7609375000000002 0.9328125 0.7828125000000001 0.9328125
0 0.815625 0.896875 0.7890625000000002 0.896875 0.7890625000000002 0.94375 0.815625 0.94375
0 0.8578125 0.909375 0.828125 0.909375 0.828125 0.959375 0.8578125 0.959375
0 0.9890625 0.903125 0.9640625 0.903125 0.9640625 0.9453125 0.9890625 0.9453125
0 0.96875 0.8984375 0.946875 0.8984375 0.946875 0.9453125 0.96875 0.9453125
0 0.9515625 0.88125 0.921875 0.88125 0.921875 0.9375 0.9515625 0.9375
0 0.921875 0.890625 0.896875 0.890625 0.896875 0.93125 0.921875 0.93125
0 0.9 0.8796875 0.88125 0.8796875 0.88125 0.9234375 0.9 0.9234375
0 0.88125 0.8734375 0.8578125 0.8734375 0.8578125 0.915625 0.88125 0.915625
0 0.859375 0.859375 0.83125 0.859375 0.83125 0.9109375 0.859375 0.9109375
0 0.8328125 0.85 0.80625 0.85 0.80625 0.9 0.8328125 0.9
0 0.8078125 0.8453125 0.7828125000000001 0.8453125 0.7828125000000001 0.890625 0.8078125 0.890625
0 0.7859375000000002 0.8375 0.7625000000000002 0.8375 0.7625000000000002 0.884375 0.7859375000000002 0.884375
0 0.7625000000000002 0.828125 0.7390625000000002 0.828125 0.7390625000000002 0.8765625 0.7625000000000002 0.8765625
0 0.7421875000000002 0.8234375 0.7171875000000002 0.8234375 0.7171875000000002 0.8671875 0.7421875000000002 0.8671875
0 0.7187500000000002 0.8140625 0.6968750000000001 0.8140625 0.6968750000000001 0.8609375 0.7187500000000002 0.8609375
0 0.6984375000000002 0.8078125 0.6734375000000001 0.8078125 0.6734375000000001 0.8515625 0.6984375000000002 0.8515625