0 0.00937500000000006 0.4671875 5.72139676476654e-17 0.4671875 5.922315380251653e-17 0.5 0.00937500000000006 0.5
0 0.4890625 0.3671875000000001 0.446875 0.3671875000000001 0.446875 0.40625 0.4890625 0.40625
0 0.4890625 0.4171875 0.446875 0.4171875 0.446875 0.453125 0.4890625 0.453125
0 0.54375 0.09218750000000006 0.5015625 0.09218750000000006 0.5015625 0.12500000000000006 0.54375 0.12500000000000006
0 0.5734375 0.17343750000000008 0.534375 0.17343750000000005 0.534375 0.2093750000000001 0.5734375 0.2093750000000001
0 0.6734375 0.1843750000000001 0.6328125 0.1843750000000001 0.6328125 0.21875000000000008 0.6734375 0.21875000000000008
3 0.7296875 0.3140625000000001 0.690625 0.3140625000000001 0.690625 0.4156250000000001 0.7296875 0.4156250000000002
0 0.8359375 0.2140625000000001 0.7984375 0.2140625000000001 0.7984375 0.2468750000000001 0.8359375 0.2468750000000001
0 0.7515625 0.22656250000000008 0.709375 0.22656250000000008 0.709375 0.2609375000000001 0.7515625 0.2609375000000001
0 0.8546875 0.1515625000000001 0.8125 0.1515625000000001 0.8125 0.1843750000000001 0.8546875 0.1843750000000001
3 0.91875 0.15312500000000012 0.8671875 0.1531250000000001 0.8671875 0.1890625000000001 0.91875 0.18906250000000013
0 0.940625 0.1109375000000001 0.896875 0.11093750000000009 0.896875 0.1421875000000001 0.940625 0.14218750000000013
0 0.7421875 0.10312500000000009 0.6984375 0.10312500000000009 0.6984375 0.1375000000000001 0.7421875 0.1375000000000001
0 0.9375 0.20468750000000008 0.896875 0.20468750000000008 0.896875 0.2375000000000001 0.9375 0.2375000000000001
2 1 0.2515625000000001 0.9390625 0.2515625000000001 0.9390625 0.30156250000000007 1 0.30156250000000007
0 0.15000000000000008 0.85 0.1296875000000001 0.85 0.1296875000000001 0.8890625 0.15000000000000008 0.8890625
0 0.006250000000000091 0.725 8.878689293818311e-17 0.725 9.098743015540102e-17 0.7609375 0.006250000000000094 0.7609375
0 0.017187500000000074 0.5984375 7.328745688647442e-17 0.5984375 7.606204729079263e-17 0.64375 0.017187500000000078 0.64375
0 0.07187500000000008 0.6125 0.050000000000000065 0.6125 0.05000000000000008 0.65625 0.07187500000000009 0.65625
0 0.11250000000000009 0.615625 0.08593750000000007 0.615625 0.08593750000000008 0.6640625 0.11250000000000009 0.6640625
0 0.1312500000000001 0.6234375 0.1140625000000001 0.6234375 0.1140625000000001 0.665625 0.1312500000000001 0.665625
0 0.16406250000000008 0.628125 0.14218750000000008 0.628125 0.14218750000000008 0.66875 0.16406250000000008 0.66875
0 0.2078125000000001 0.6328125 0.1843750000000001 0.6328125 0.1843750000000001 0.6734375 0.2078125000000001 0.6734375
0 0.37968750000000007 0.9484375 0.3593750000000001 0.9484375 0.3593750000000001 0.9875 0.37968750000000007 0.9875
0 0.4000000000000002 0.9484375 0.37968750000000007 0.9484375 0.37968750000000007 0.9890625 0.4000000000000002 0.9890625
0 0.4234375000000002 0.953125 0.4046875000000002 0.953125 0.4046875000000002 0.9921875 0.4234375000000002 0.9921875
0 0.4578125000000002 0.9546875 0.43281250000000016 0.9546875 0.43281250000000016 0.99375 0.4578125000000002 0.99375
0 0.4828125000000002 0.9578125 0.46093750000000017 0.9578125 0.46093750000000017 0.9984375 0.4828125000000002 0.9984375
0 0.4890625000000002 0.9625 0.4828125000000002 0.9625 0.4828125000000002 1 0.4890625000000002 1
0 0.478125 0.6234375 0.4578125 0.6234375 0.4578125 0.6578125 0.478125 0.6578125
0 0.3375000000000001 0.6109375 0.3156250000000001 0.6109375 0.3156250000000001 0.6421875 0.3375000000000001 0.6421875
0 0.3156250000000001 0.609375 0.2984375000000001 0.609375 0.2984375000000001 0.6453125 0.3156250000000001 0.6453125
0 0.2968750000000001 0.603125 0.2734375000000001 0.603125 0.2734375000000001 0.64375 0.2968750000000001 0.64375
0 0.2718750000000001 0.5984375 0.2500000000000001 0.5984375 0.2500000000000001 0.634375 0.2718750000000001 0.634375
0 0.2453125000000001 0.59375 0.2312500000000001 0.59375 0.2312500000000001 0.6265625 0.2453125000000001 0.6265625
0 0.22812500000000008 0.5875 0.2093750000000001 0.5875 0.2093750000000001 0.621875 0.22812500000000008 0.621875
0 0.20468750000000008 0.584375 0.1828125000000001 0.584375 0.1828125000000001 0.6234375 0.20468750000000008 0.6234375
0 0.1765625000000001 0.58125 0.1546875000000001 0.58125 0.1546875000000001 0.6171875 0.1765625000000001 0.6171875
0 0.1515625000000001 0.5765625 0.1312500000000001 0.5765625 0.1312500000000001 0.615625 0.1515625000000001 0.615625
0 0.1281250000000001 0.5765625 0.10937500000000008 0.5765625 0.10937500000000008 0.6125 0.1281250000000001 0.6125
0 0.10468750000000009 0.5734375 0.08593750000000007 0.5734375 0.08593750000000007 0.609375 0.10468750000000009 0.609375
0 0.08281250000000007 0.56875 0.06250000000000007 0.56875 0.06250000000000007 0.6046875 0.08281250000000007 0.6046875
0 0.057812500000000065 0.5640625 0.040625000000000064 0.5640625 0.04062500000000007 0.596875 0.057812500000000065 0.596875
0 0.037500000000000075 0.5625 0.017187500000000067 0.5625 0.01718750000000007 0.596875 0.037500000000000075 0.596875
0 0.37968750000000007 0.853125 0.3609375000000001 0.853125 0.3609375000000001 0.8921875 0.37968750000000007 0.8921875
0 0.5640625 0.5796875 0.5453125 0.5796875 0.5453125 0.64375 0.5640625 0.64375
0 0.6250000000000002 0.8703125 0.6046875000000002 0.8703125 0.6046875000000002 0.9359375 0.6250000000000002 0.9359375
0 0.5828125000000002 0.7796875 0.5640625000000001 0.7796875 0.5640625000000001 0.8359375 0.5828125000000002 0.8359375
0 0.5203125000000002 0.7984375 0.4937500000000002 0.7984375 0.4937500000000002 0.8625 0.5203125000000002 0.8625
0 0.5546875000000002 0.928125 0.5359375000000002 0.928125 0.5359375000000002 0.9875 0.5546875000000002 0.9875
3 0.865625 0.9234375 0.8078125 0.9234375 0.8078125 0.9625 0.865625 0.9625
0 0.85625 0.9734375 0.815625 0.9734375 0.815625 1 0.85625 1
0 0.9171875 0.9828125 0.878125 0.9828125 0.878125 1 0.9171875 1
0 1 0.9671875 0.971875 0.9671875 0.971875 1 1 1
2 0.96875 0.925 0.865625 0.925 0.865625 0.9875 0.96875 0.9875