3 0.3000000000000001 0.4828125 0.2515625000000001 0.4828125 0.2515625000000001 0.521875 0.3000000000000001 0.521875
3 0.3890625000000001 0.48125 0.34062500000000007 0.48125 0.34062500000000007 0.521875 0.3890625000000001 0.521875
0 0.446875 0.5390625 0.4203125 0.5390625 0.4203125 0.5875 0.446875 0.5875
0 0.4531250000000001 0.6796875 0.4375 0.6796875 0.4375000000000001 0.7375 0.45312500000000017 0.7375
0 0.5015625 0.6671875 0.4859375 0.6671875 0.4859375 0.721875 0.5015625 0.721875
0 0.5015625000000001 0.740625 0.48437500000000017 0.740625 0.48437500000000017 0.803125 0.5015625000000001 0.803125
0 0.5062500000000002 0.8609375 0.49218750000000017 0.8609375 0.49218750000000017 0.925 0.5062500000000002 0.925
3 0.4515625000000002 0.9234375 0.43750000000000017 0.9234375 0.43750000000000017 0.9984375 0.4515625000000002 0.9984375
0 0.2375000000000001 0.5 0.20312500000000008 0.5 0.20312500000000008 0.521875 0.2375000000000001 0.521875
0 0.17656250000000004 0.4984375 0.14531250000000004 0.4984375 0.14531250000000004 0.525 0.17656250000000004 0.525
0 0.07968750000000006 0.50625 0.042187500000000065 0.50625 0.042187500000000065 0.5375 0.07968750000000006 0.5375
0 0.7859375 0.43750000000000017 0.75625 0.43750000000000017 0.75625 0.4656250000000002 0.7859375 0.4656250000000002
0 0.925 0.4109375000000002 0.890625 0.4109375000000002 0.890625 0.43750000000000017 0.925 0.43750000000000017
3 0.5953125 0.2968750000000001 0.5609375 0.2968750000000001 0.5609375 0.3312500000000001 0.5953125 0.3312500000000001