0 0.27031250000000007 0.521875 0.2156250000000001 0.521875 0.2156250000000001 0.56875 0.27031250000000007 0.56875
0 0.2250000000000001 0.5453125 0.1750000000000001 0.5453125 0.1750000000000001 0.56875 0.2250000000000001 0.56875
0 0.18437500000000007 0.5109375 0.12656250000000005 0.5109375 0.12656250000000008 0.5640625 0.1843750000000001 0.5640625
0 0.2218750000000001 0.4828125 0.17031250000000003 0.4828125 0.17031250000000003 0.5390625 0.2218750000000001 0.5390625
0 0.16875000000000004 0.4390625 0.11250000000000004 0.4390625 0.11250000000000004 0.4953125 0.16875000000000004 0.4953125
0 0.11250000000000007 0.534375 0.06406250000000006 0.534375 0.06406250000000006 0.56875 0.11250000000000009 0.56875
0 0.86875 0.21875000000000008 0.8046875 0.21875000000000008 0.8046875 0.2796875000000001 0.86875 0.2796875000000001
0 1 0.32500000000000007 0.9859375 0.32500000000000007 0.9859375 0.3843750000000001 1 0.3843750000000001
0 0.5890625 0.020312500000000067 0.51875 0.02031250000000006 0.51875 0.08593750000000007 0.5890625 0.08593750000000007
0 0.8828125 0.06250000000000011 0.8265625 0.06250000000000011 0.8265625 0.10468750000000009 0.8828125 0.10468750000000009
0 0.659375 0.428125 0.5953125 0.428125 0.5953125 0.5 0.659375 0.5
0 0.6046875 0.465625 0.5375 0.465625 0.5375 0.540625 0.6046875 0.540625
0 0.5515625 0.503125 0.4796875 0.503125 0.4796875 0.56875 0.5515625 0.56875
0 0.4921875 0.5359375 0.425 0.5359375 0.425 0.56875 0.4921875 0.56875
0 0.28593750000000007 0.828125 0.2593750000000001 0.828125 0.2593750000000001 0.86875 0.28593750000000007 0.86875
0 0.37968750000000007 0.6078125 0.3531250000000001 0.6078125 0.3531250000000001 0.65625 0.37968750000000007 0.65625
0 0.34843750000000007 0.603125 0.3156250000000001 0.603125 0.3156250000000001 0.65625 0.34843750000000007 0.65625
0 0.31718750000000007 0.6078125 0.29375000000000007 0.6078125 0.29375000000000007 0.6515625 0.31718750000000007 0.6515625
0 0.2906250000000001 0.603125 0.26250000000000007 0.603125 0.26250000000000007 0.64375 0.2906250000000001 0.64375
0 0.2500000000000001 0.5953125 0.22031250000000008 0.5953125 0.22031250000000008 0.64375 0.2500000000000001 0.64375
0 0.1437500000000001 0.56875 0.12031250000000009 0.56875 0.12031250000000009 0.584375 0.1437500000000001 0.584375
0 0.1703125000000001 0.56875 0.14062500000000008 0.56875 0.14062500000000008 0.5859375 0.1703125000000001 0.5859375
0 0.1937500000000001 0.56875 0.1671875000000001 0.56875 0.1671875000000001 0.5875 0.1937500000000001 0.5875
0 0.21250000000000008 0.56875 0.1921875000000001 0.56875 0.1921875000000001 0.5859375 0.21250000000000008 0.5859375
0 0.23593750000000008 0.56875 0.21250000000000008 0.56875 0.21250000000000008 0.5875 0.23593750000000008 0.5875
0 0.26250000000000007 0.56875 0.23437500000000008 0.56875 0.23437500000000008 0.59375 0.26250000000000007 0.59375
0 0.2890625000000001 0.56875 0.26250000000000007 0.56875 0.26250000000000007 0.5953125 0.2890625000000001 0.5953125
0 0.3125000000000001 0.56875 0.2875000000000001 0.56875 0.2875000000000001 0.596875 0.3125000000000001 0.596875
0 0.3359375000000001 0.56875 0.3109375000000001 0.56875 0.3109375000000001 0.6 0.3359375000000001 0.6
0 0.3593750000000001 0.56875 0.3359375000000001 0.56875 0.3359375000000001 0.6015625 0.3593750000000001 0.6015625
0 0.37968750000000007 0.56875 0.3578125000000001 0.56875 0.3578125000000001 0.603125 0.37968750000000007 0.603125
0 0.1312500000000001 0.7796875 0.1062500000000001 0.7796875 0.1062500000000001 0.821875 0.1312500000000001 0.821875
0 0.8859375 0.834375 0.8234375 0.834375 0.8234375 0.91875 0.8859375 0.91875
0 0.9484375 0.7500000000000002 0.8921875 0.7500000000000002 0.8921875 0.8265625 0.9484375 0.8265625
0 0.9390625 0.6171875000000002 0.884375 0.6171875000000002 0.884375 0.6890625000000001 0.9390625 0.6890625000000001
0 0.9171875 0.884375 0.8796875 0.884375 0.8796875 0.9328125 0.9171875 0.9328125
0 0.646875 0.61875 0.584375 0.61875 0.584375 0.6625 0.646875 0.6625
0 0.5484375 0.5921875 0.490625 0.5921875 0.490625 0.6359375 0.5484375 0.6359375
0 0.5078125000000002 0.984375 0.4359375000000002 0.984375 0.4359375000000002 1 0.5078125000000002 1