0 0.39843750000000006 0.3296875 0.3515625 0.3296875 0.35156250000000006 0.37187500000000007 0.3984375000000001 0.37187500000000007
0 0.334375 0.3 0.290625 0.3 0.290625 0.3390625 0.334375 0.3390625
0 0.32812500000000006 0.353125 0.28125 0.353125 0.28125000000000006 0.3953125 0.3281250000000001 0.3953125
0 0.33281250000000007 0.403125 0.28593750000000007 0.403125 0.28593750000000007 0.4390625 0.33281250000000007 0.4390625
0 0.2515625 0.340625 0.2078125 0.340625 0.20781250000000004 0.3828125 0.2515625000000001 0.3828125
0 0.25468750000000007 0.384375 0.2093750000000001 0.384375 0.2093750000000001 0.4296875 0.25468750000000007 0.4296875
1 0.41875 0.3609375000000001 0.378125 0.3609375000000001 0.37812500000000004 0.4171875 0.41875 0.4171875
3 0.41875 0.2593750000000001 0.3859375 0.2593750000000001 0.3859375 0.3078125000000001 0.41875 0.3078125000000001
3 0.17812500000000003 0.3640625 0.12656250000000005 0.3640625 0.12656250000000005 0.4140625 0.17812500000000003 0.4140625
3 0.11875000000000005 0.3921875 0.04687500000000004 0.3921875 0.04687500000000005 0.4390625 0.11875000000000005 0.4390625
2 0.65 0.3984375000000001 0.5421875 0.3984375000000001 0.5421875 0.4390625 0.65 0.4390625
0 0.528125 0.2921875000000001 0.4828125 0.2921875000000001 0.4828125 0.33281250000000007 0.528125 0.33281250000000007
0 0.4296875 0.3656250000000001 0.41875 0.3656250000000001 0.41875 0.4109375 0.4296875 0.4109375
0 0.6453125 0.10000000000000009 0.6015625 0.10000000000000009 0.6015625 0.1750000000000001 0.6453125 0.1750000000000001
0 0.8875 0.2296875000000001 0.8390625 0.2296875000000001 0.8390625 0.27031250000000007 0.8875 0.27031250000000007
0 0.8515625 0.4234375000000002 0.803125 0.4234375000000002 0.803125 0.4390625000000002 0.8515625 0.4390625000000002
0 0.08750000000000005 0.4390625 0.018750000000000055 0.4390625 0.018750000000000055 0.4734375 0.08750000000000006 0.4734375
0 0.15937500000000007 0.53125 0.09062500000000007 0.53125 0.09062500000000007 0.5953125 0.1593750000000001 0.5953125
0 0.41875 0.4625 0.38750000000000007 0.4625 0.38750000000000007 0.503125 0.41875 0.503125
0 0.37187500000000007 0.8859375 0.3109375000000001 0.8859375 0.3109375000000001 0.95625 0.37187500000000007 0.95625
0 0.33281250000000007 0.940625 0.2671875000000001 0.940625 0.2671875000000001 1 0.33281250000000007 1
0 0.010937500000000098 0.7734375 9.47187758715531e-17 0.7734375 9.91198503059889e-17 0.8453125 0.010937500000000103 0.8453125
0 0.060937500000000124 0.9375 0.017187500000000116 0.9375 0.01718750000000012 1 0.06093750000000013 1
0 0.7906250000000001 0.915625 0.7515625000000001 0.915625 0.7515625000000001 0.9703125 0.7906250000000001 0.9703125
0 0.9546875 0.5906250000000002 0.91875 0.5906250000000002 0.91875 0.6406250000000002 0.9546875 0.6406250000000002
0 0.9875 0.5781250000000002 0.9546875 0.5781250000000002 0.9546875 0.6234375000000002 0.9875 0.6234375000000002
0 1 0.5656250000000002 0.9890625 0.5656250000000002 0.9890625 0.6125000000000002 1 0.6125000000000002
0 0.6609375000000001 0.70625 0.6203125 0.70625 0.6203125 0.765625 0.6609375000000002 0.765625
0 0.6921875000000001 0.6859375 0.659375 0.6859375 0.659375 0.734375 0.6921875000000002 0.734375
0 0.9609375 0.6484375000000002 0.925 0.6484375000000002 0.925 0.6984375000000002 0.9609375 0.6984375000000002
0 1 0.6828125000000002 0.98125 0.6828125000000002 0.98125 0.7281250000000001 1 0.7281250000000001
0 0.7296875 0.6718750000000001 0.696875 0.671875 0.696875 0.7171875000000001 0.7296875 0.7171875000000002
0 0.759375 0.6625000000000002 0.728125 0.6625000000000002 0.728125 0.7109375000000002 0.759375 0.7109375000000002
0 0.7921875 0.6562500000000002 0.75625 0.6562500000000002 0.75625 0.7031250000000002 0.7921875 0.7031250000000002
0 0.8359375 0.6375000000000002 0.8 0.6375000000000002 0.8 0.6843750000000002 0.8359375 0.6843750000000002
0 0.4796875 0.6078125 0.453125 0.6078125 0.453125 0.6984375 0.4796875 0.6984375
0 0.4609375 0.515625 0.4375 0.515625 0.4375 0.596875 0.4609375 0.596875
0 0.5265625 0.553125 0.5 0.553125 0.5 0.64375 0.5265625 0.64375
0 0.7062500000000002 0.809375 0.6671875000000002 0.809375 0.6671875000000002 0.8640625 0.7062500000000002 0.8640625
0 0.6062500000000002 0.878125 0.5718750000000001 0.878125 0.5718750000000001 0.9328125 0.6062500000000002 0.9328125
0 0.5156250000000002 0.940625 0.47187500000000016 0.940625 0.47187500000000016 1 0.5156250000000002 1
0 1 0.975 0.96875 0.975 0.96875 1 1 1
0 0.9671875 0.98125 0.934375 0.98125 0.934375 1 0.9671875 1