0 0.04843750000000005 0.3578125 4.3819393281991234e-17 0.3578125 4.802911665406026e-17 0.4265625 0.04843750000000006 0.4265625
2 0.06250000000000006 0.409375 5.013397834009477e-17 0.409375 5.319559533796316e-17 0.459375 0.06250000000000007 0.459375
0 0.09062500000000004 0.3828125 0.04062500000000004 0.3828125 0.04062500000000005 0.4359375 0.09062500000000004 0.4359375
0 0.14062500000000006 0.3484375 0.08437500000000005 0.3484375 0.08437500000000005 0.4015625 0.14062500000000006 0.4015625
0 0.09843750000000004 0.3203125 0.04687500000000004 0.3203125 0.04687500000000004 0.3765625 0.09843750000000004 0.3765625
0 0.15625000000000006 0.278125 0.10156250000000004 0.278125 0.10156250000000004 0.3328125 0.15625000000000006 0.3328125
0 0.38750000000000007 0.37031250000000004 0.3468750000000001 0.3703125 0.3468750000000001 0.4453125 0.38750000000000007 0.4453125
0 0.459375 0.3156250000000001 0.41875 0.3156250000000001 0.41875 0.3921875000000001 0.459375 0.3921875000000001
0 0.20312500000000008 0.3734375 0.15468750000000003 0.3734375 0.15468750000000003 0.4203125 0.20312500000000008 0.4203125
0 0.74375 0.09531250000000009 0.721875 0.09531250000000009 0.721875 0.1625000000000001 0.74375 0.1625000000000001
0 0.8390625 0.1515625000000001 0.80625 0.1515625000000001 0.80625 0.2296875000000001 0.8390625 0.2296875000000001
0 1 0.39531250000000007 0.9734375 0.39531250000000007 0.9734375 0.4500000000000002 1 0.4500000000000002
0 0.975 0.4031250000000002 0.9484375 0.4031250000000002 0.9484375 0.4500000000000002 0.975 0.4500000000000002
0 0.946875 0.4046875000000002 0.9203125 0.4046875000000002 0.9203125 0.4500000000000002 0.946875 0.4500000000000002
0 0.88125 0.40937500000000016 0.8546875 0.40937500000000016 0.8546875 0.45625000000000016 0.88125 0.45625000000000016
0 0.740625 0.4312500000000001 0.7140625 0.43125 0.7140625 0.4593750000000001 0.740625 0.4593750000000002
0 0.7203125 0.434375 0.6984375 0.434375 0.6984375 0.459375 0.7203125 0.459375
0 0.7 0.425 0.66875 0.425 0.66875 0.459375 0.7 0.459375
0 0.675 0.4375 0.646875 0.4375 0.646875 0.459375 0.675 0.459375
0 0.6484375 0.4359375 0.6265625 0.4359375 0.6265625 0.459375 0.6484375 0.459375
0 0.628125 0.4390625 0.6046875 0.4390625 0.6046875 0.459375 0.628125 0.459375
0 0.6046875 0.43125 0.575 0.43125 0.575 0.459375 0.6046875 0.459375
0 0.5765625 0.434375 0.559375 0.434375 0.559375 0.459375 0.5765625 0.459375
1 0.3156250000000001 0.459375 0.18906250000000005 0.459375 0.18906250000000005 0.521875 0.3156250000000001 0.521875
0 0.30937500000000007 0.6546875 0.2562500000000001 0.6546875 0.2562500000000001 0.715625 0.30937500000000007 0.715625
0 0.453125 0.5625 0.4125 0.5625 0.4125 0.61875 0.453125 0.61875
0 0.1781250000000001 0.825 0.14062500000000008 0.825 0.14062500000000008 0.8859375 0.1781250000000001 0.8859375
0 0.7875000000000002 0.9453125 0.7609375000000002 0.9453125 0.7609375000000002 0.990625 0.7875000000000002 0.990625
0 0.5937500000000002 0.8734375 0.5703125000000002 0.8734375 0.5703125000000002 0.9140625 0.5937500000000002 0.9140625
0 0.5734375000000002 0.7484375 0.5593750000000002 0.7484375 0.5593750000000002 0.79375 0.5734375000000002 0.79375
0 0.6296875000000002 0.75 0.6015625000000002 0.75 0.6015625000000002 0.790625 0.6296875000000002 0.790625
0 0.6703125000000002 0.740625 0.6390625000000002 0.740625 0.6390625000000002 0.7890625 0.6703125000000002 0.7890625
0 0.6890625000000001 0.74375 0.6671875000000002 0.74375 0.6671875000000002 0.7875 0.6890625000000001 0.7875
0 0.7203125000000001 0.7375 0.6937500000000002 0.7375 0.6937500000000002 0.778125 0.7203125000000001 0.778125
0 0.7640625000000002 0.7296875000000002 0.7343750000000002 0.7296875000000002 0.7343750000000002 0.7734375000000002 0.7640625000000002 0.7734375000000002
0 0.884375 0.6703125000000002 0.8578125 0.6703125000000002 0.8578125 0.7078125000000002 0.884375 0.7078125000000002
0 0.8625 0.6750000000000002 0.8390625 0.6750000000000002 0.8390625 0.7125000000000001 0.8625 0.7125000000000001
0 0.84375 0.6734375000000001 0.815625 0.6734375000000001 0.815625 0.7171875000000002 0.84375 0.7171875000000002
0 0.815625 0.6812500000000001 0.790625 0.6812500000000001 0.790625 0.7187500000000002 0.815625 0.7187500000000002
0 0.790625 0.6843750000000002 0.771875 0.6843750000000002 0.771875 0.7187500000000002 0.790625 0.7187500000000002
0 0.7703125 0.6859375000000002 0.7484375 0.6859375000000002 0.7484375 0.7218750000000002 0.7703125 0.7218750000000002
0 0.7500000000000001 0.6890625000000001 0.7234375 0.6890625 0.7234375000000001 0.7296875 0.7500000000000002 0.7296875000000002
0 0.7203125000000001 0.69375 0.6953125 0.69375 0.6953125000000001 0.728125 0.7203125000000001 0.728125
0 0.6968750000000001 0.69375 0.6734375 0.69375 0.6734375000000001 0.7296875 0.6968750000000001 0.7296875
0 0.6734375000000001 0.7015625 0.65 0.7015625 0.6500000000000001 0.734375 0.6734375000000001 0.734375
0 0.6500000000000001 0.7015625 0.628125 0.7015625 0.628125 0.7375 0.6500000000000001 0.7375
0 0.628125 0.7015625 0.603125 0.7015625 0.6031250000000001 0.7390625 0.6281250000000002 0.7390625
0 0.6031250000000001 0.703125 0.58125 0.703125 0.58125 0.7390625 0.6031250000000001 0.7390625
0 0.58125 0.70625 0.559375 0.70625 0.5593750000000001 0.7421875 0.5812500000000002 0.7421875