0 0.06250000000000003 0.1859375 0.007812500000000023 0.1859375 0.007812500000000026 0.2390625 0.06250000000000003 0.2390625
0 0.19062500000000004 0.2578125 0.14062500000000006 0.2578125 0.14062500000000006 0.309375 0.19062500000000004 0.309375
0 0.27031250000000007 0.346875 0.2125 0.346875 0.21250000000000005 0.4203125 0.27031250000000007 0.4203125
0 0.09531250000000005 0.3625 0.04531250000000005 0.3625 0.04531250000000005 0.403125 0.09531250000000005 0.403125
0 0.08906250000000004 0.4078125 0.04062500000000004 0.4078125 0.04062500000000005 0.4515625 0.08906250000000004 0.4515625
3 0.4765625 0.06406250000000005 0.4265625 0.06406250000000005 0.4265625 0.17343750000000005 0.4765625 0.17343750000000005
0 0.4609375 0.26250000000000007 0.4078125 0.26250000000000007 0.4078125 0.3296875000000001 0.4609375 0.3296875000000001
0 0.56875 0.3515625000000001 0.5390625 0.3515625000000001 0.5390625 0.3968750000000001 0.56875 0.3968750000000001
0 0.56875 0.3984375000000001 0.5296875 0.3984375000000001 0.5296875 0.44375 0.56875 0.44375
2 0.7609375 0.3156250000000001 0.6421875 0.3156250000000001 0.6421875 0.39531250000000007 0.7609375 0.39531250000000007
0 0.6453125 0.2656250000000001 0.5984375 0.2656250000000001 0.5984375 0.3078125000000001 0.6453125 0.3078125000000001
0 0.86875 0.1703125000000001 0.81875 0.1703125000000001 0.81875 0.2140625000000001 0.86875 0.2140625000000001
0 0.8609375 0.22031250000000008 0.8046875 0.22031250000000008 0.8046875 0.27031250000000007 0.8609375 0.27031250000000007
0 0.8359375 0.27812500000000007 0.7890625 0.27812500000000007 0.7890625 0.3203125000000001 0.8359375 0.3203125000000001
0 0.8828125 0.2968750000000001 0.8359375 0.2968750000000001 0.8359375 0.3390625000000001 0.8828125 0.3390625000000001
0 0.9078125 0.2562500000000001 0.8578125 0.2562500000000001 0.8578125 0.30156250000000007 0.9078125 0.30156250000000007
0 0.9609375 0.22031250000000008 0.903125 0.22031250000000008 0.903125 0.27031250000000007 0.9609375 0.27031250000000007
0 0.9609375 0.2750000000000001 0.9109375 0.2750000000000001 0.9109375 0.3187500000000001 0.9609375 0.3187500000000001
0 0.909375 0.19375000000000012 0.8640625 0.1937500000000001 0.8640625 0.2375000000000001 0.909375 0.2375000000000001
0 1 0.24218750000000008 0.959375 0.24218750000000008 0.959375 0.2890625000000001 1 0.2890625000000001
0 1 0.3031250000000001 0.9625 0.3031250000000001 0.9625 0.3515625000000001 1 0.3515625000000001
1 1 0.3500000000000001 0.946875 0.3500000000000001 0.946875 0.4125000000000002 1 0.4125000000000002
0 0.025000000000000112 0.878125 1.0753929705012696e-16 0.878125 1.1184469595337938e-16 0.9484375 0.025000000000000112 0.9484375
0 0.83125 0.7546875000000002 0.7984375000000001 0.7546875000000002 0.7984375000000001 0.8296875 0.83125 0.8296875