2 0.15 0.06562500000000002 0.023437500000000007 0.065625 0.02343750000000001 0.1421875 0.15 0.1421875
0 0.234375 0.057812500000000024 0.184375 0.057812500000000024 0.184375 0.09843750000000002 0.234375 0.09843750000000002
0 0.2296875 0.010937500000000025 0.178125 0.010937500000000022 0.178125 0.05468750000000002 0.2296875 0.05468750000000002
0 0.1640625 0.017187500000000015 0.1109375 0.017187500000000012 0.1109375 0.06406250000000002 0.1640625 0.06406250000000002
0 0.1015625 0.02812500000000001 0.0546875 0.02812500000000001 0.0546875 0.06875 0.1015625 0.06875000000000002
3 0.01875000000000001 0.040625 4.975127621536122e-18 0.040625 7.845393557037732e-18 0.0875 0.01875000000000001 0.0875
0 0.1265625 0.1265625 0.07343750000000002 0.1265625 0.07343750000000002 0.1703125 0.1265625 0.1703125
0 0.940625 0.0031250000000001125 0.896875 0.0031250000000001095 0.896875 0.08125000000000011 0.940625 0.08125000000000011
0 0.490625 0.057812500000000065 0.46875 0.057812500000000065 0.46875 0.10156250000000004 0.490625 0.10156250000000004
0 0.5265625 0.056250000000000064 0.49375 0.056250000000000064 0.49375 0.10000000000000005 0.5265625 0.10000000000000005
0 0.5640625 0.05156250000000007 0.5296875 0.05156250000000007 0.5296875 0.09843750000000007 0.5640625 0.09843750000000007
0 0.6078125 0.050000000000000065 0.5671875 0.050000000000000065 0.5671875 0.10156250000000008 0.6078125 0.10156250000000008
0 0.640625 0.05000000000000008 0.60625 0.050000000000000065 0.60625 0.10000000000000009 0.640625 0.10000000000000009
0 0.6859375 0.048437500000000085 0.65 0.04843750000000008 0.65 0.0984375000000001 0.6859375 0.0984375000000001
0 0.7078125 0.04531250000000009 0.68125 0.04531250000000009 0.68125 0.0906250000000001 0.7078125 0.0906250000000001
0 0.7421875 0.04843750000000009 0.7046875 0.04843750000000009 0.7046875 0.09375000000000008 0.7421875 0.09375000000000008
0 0.7859375 0.050000000000000086 0.746875 0.050000000000000086 0.746875 0.10000000000000009 0.7859375 0.10000000000000009
0 0.8546875 0.0468750000000001 0.8203125 0.0468750000000001 0.8203125 0.09843750000000011 0.8546875 0.09843750000000011
3 0.3140625000000001 0.9125 0.2765625000000001 0.9125 0.2765625000000001 0.9578125 0.3140625000000001 0.9578125
0 0.4078125000000002 0.9796875 0.3890625000000001 0.9796875 0.3890625000000001 1 0.4078125000000002 1
0 0.3843750000000001 0.9484375 0.3656250000000001 0.9484375 0.3656250000000001 0.9828125 0.3843750000000001 0.9828125
0 0.3671875000000001 0.8734375 0.3515625000000001 0.8734375 0.3515625000000001 0.9 0.3671875000000001 0.9
0 0.3734375000000001 0.8546875 0.3609375000000001 0.8546875 0.3609375000000001 0.8796875 0.3734375000000001 0.8796875
0 0.3843750000000001 0.8921875 0.3703125000000001 0.8921875 0.3703125000000001 0.91875 0.3843750000000001 0.91875
0 0.3140625000000001 0.75 0.30156250000000007 0.75 0.30156250000000007 0.771875 0.3140625000000001 0.771875
0 0.3296875000000001 0.76875 0.31718750000000007 0.76875 0.31718750000000007 0.7921875 0.3296875000000001 0.7921875
0 0.31718750000000007 0.771875 0.3031250000000001 0.771875 0.3031250000000001 0.7953125 0.31718750000000007 0.7953125
0 0.2687500000000001 0.478125 0.2609375000000001 0.478125 0.2609375000000001 0.490625 0.2687500000000001 0.490625
0 0.2687500000000001 0.44375 0.26250000000000007 0.44375 0.26250000000000007 0.453125 0.2687500000000001 0.453125
0 0.2500000000000001 0.421875 0.24375000000000008 0.421875 0.24375000000000008 0.43125 0.2500000000000001 0.43125
0 0.6015625000000002 0.9171875 0.5687500000000002 0.9171875 0.5687500000000002 0.965625 0.6015625000000002 0.965625
0 0.7000000000000002 0.9515625 0.6703125000000002 0.9515625 0.6703125000000002 0.996875 0.7000000000000002 0.996875
0 0.6750000000000002 0.9625 0.6562500000000002 0.9625 0.6562500000000002 0.996875 0.6750000000000002 0.996875
0 0.48437500000000017 0.7421875 0.46875000000000017 0.7421875 0.46875000000000017 0.7859375 0.48437500000000017 0.7859375
0 0.5296875000000002 0.7390625 0.5000000000000002 0.7390625 0.5000000000000002 0.784375 0.5296875000000002 0.784375
0 0.64375 0.3390625000000001 0.6203125 0.3390625000000001 0.6203125 0.4046875 0.64375 0.4046875
0 0.7421875 0.3921875000000001 0.7078125 0.3921875000000001 0.7078125 0.47343750000000007 0.7421875 0.4734375000000002
0 0.7734375000000002 0.9890625 0.7484375000000002 0.9890625 0.7484375000000002 1 0.7734375000000002 1
0 0.7953125000000002 0.9875 0.7703125000000002 0.9875 0.7703125000000002 1 0.7953125000000002 1
0 0.8203125 0.978125 0.7937500000000002 0.978125 0.7937500000000002 1 0.8203125 1
0 0.8515625 0.9734375 0.8203125 0.9734375 0.8203125 1 0.8515625 1
0 0.878125 0.978125 0.85 0.978125 0.85 1 0.878125 1
0 0.8984375 0.9765625 0.8734375 0.9765625 0.8734375 1 0.8984375 1
0 1 0.6390625000000002 0.9828125 0.6390625000000002 0.9828125 0.6796875000000002 1 0.6796875000000002
0 0.9890625 0.6390625000000002 0.9609375 0.6390625000000002 0.9609375 0.6828125000000002 0.9890625 0.6828125000000002
0 0.9609375 0.6437500000000002 0.934375 0.6437500000000002 0.934375 0.6843750000000002 0.9609375 0.6843750000000002
0 0.9359375 0.6453125000000002 0.9109375 0.6453125000000002 0.9109375 0.6859375000000002 0.9359375 0.6859375000000002
0 0.9140625 0.6390625000000002 0.8828125 0.6390625000000002 0.8828125 0.6921875000000002 0.9140625 0.6921875000000002
0 0.8828125 0.6500000000000001 0.8578125 0.6500000000000001 0.8578125 0.6906250000000002 0.8828125 0.6906250000000002
0 0.8546875 0.6531250000000002 0.828125 0.6531250000000002 0.828125 0.6937500000000002 0.8546875 0.6937500000000002
0 0.7890625 0.6593750000000002 0.7625 0.6593750000000002 0.7625 0.7015625000000002 0.7890625 0.7015625000000002
0 0.65 0.6828125 0.6234375 0.6828125 0.6234375 0.7234375 0.65 0.7234375
0 0.6296875000000001 0.6859375 0.6046875 0.6859375 0.6046875 0.728125 0.6296875000000002 0.728125
0 0.6093750000000001 0.68125 0.578125 0.68125 0.5781250000000001 0.73125 0.6093750000000002 0.73125
0 0.58125 0.69375 0.5546875 0.69375 0.5546875000000001 0.7328125 0.5812500000000002 0.7328125
0 0.5578125 0.6921875 0.5359375 0.6921875 0.5359375000000001 0.734375 0.5578125000000002 0.734375
0 0.5375000000000001 0.69375 0.5125 0.69375 0.5125000000000001 0.734375 0.5375000000000002 0.734375
0 0.5140625000000001 0.6921875 0.4859375 0.6921875 0.4859375000000001 0.7375 0.5140625000000002 0.7375
0 0.4843750000000001 0.69375 0.46875 0.69375 0.4687500000000001 0.734375 0.48437500000000017 0.734375
0 0.4890625000000002 0.9484375 0.46875000000000017 0.9484375 0.46875000000000017 0.9890625 0.4890625000000002 0.9890625