3 0.4640625 5.472640383689735e-17 0.4296875 5.262154215086284e-17 0.4296875 0.020312500000000053 0.4640625 0.020312500000000056
0 0.4140625 4.9464249621811065e-17 0.39375 4.8220467716427034e-17 0.39375 0.04218750000000005 0.4140625 0.04218750000000006
0 0.4421875 0.015625000000000052 0.41875 0.01562500000000005 0.41875 0.06406250000000005 0.4421875 0.06406250000000005
0 0.4265625 0.050000000000000044 0.40625 0.050000000000000044 0.40625 0.09375000000000004 0.4265625 0.09375000000000004
0 0.453125 0.06875000000000005 0.43125 0.06875000000000005 0.43125 0.12343750000000005 0.453125 0.12343750000000005
0 0.4375 0.09843750000000004 0.415625 0.09843750000000004 0.415625 0.15156250000000004 0.4375 0.15156250000000004
0 0.4203125 0.10000000000000005 0.396875 0.10000000000000005 0.396875 0.15937500000000004 0.4203125 0.15937500000000004
0 0.46875 0.12656250000000005 0.4453125 0.12656250000000005 0.4453125 0.18593750000000003 0.46875 0.18593750000000003
0 0.4546875 0.17968750000000006 0.43125 0.17968750000000006 0.43125 0.24218750000000008 0.4546875 0.24218750000000008
0 0.4296875 0.17500000000000004 0.4078125 0.17500000000000004 0.4078125 0.2296875000000001 0.4296875 0.2296875000000001
0 0.4828125 0.2000000000000001 0.459375 0.2000000000000001 0.459375 0.2593750000000001 0.4828125 0.2593750000000001
0 0.46875 0.2578125000000001 0.446875 0.2578125000000001 0.446875 0.3109375000000001 0.46875 0.3109375000000001
0 0.446875 0.25468750000000007 0.4203125 0.25468750000000007 0.4203125 0.31718750000000007 0.446875 0.31718750000000007
0 0.4953125 0.2640625000000001 0.4703125 0.2640625000000001 0.4703125 0.3281250000000001 0.4953125 0.3281250000000001
0 0.9953125 0.2734375000000001 0.9703125 0.2734375000000001 0.9703125 0.3203125000000001 0.9953125 0.3203125000000001
0 0.9609375 0.2765625000000001 0.93125 0.2765625000000001 0.93125 0.33281250000000007 0.9609375 0.33281250000000007
0 0.9328125 0.2921875000000001 0.9125 0.2921875000000001 0.9125 0.3343750000000001 0.9328125 0.3343750000000001
0 0.9078125 0.2968750000000001 0.88125 0.2968750000000001 0.88125 0.3453125000000001 0.9078125 0.3453125000000001
0 0.865625 0.30937500000000007 0.8375 0.30937500000000007 0.8375 0.35625000000000007 0.865625 0.35625000000000007
0 0.6171875 7.453123879185844e-17 0.6 7.347880794884119e-17 0.6 0.057812500000000065 0.6171875 0.057812500000000065
0 0.5921875 0.3296875000000001 0.56875 0.3296875000000001 0.56875 0.3765625000000001 0.5921875 0.3765625000000001
0 0.73125 0.3046875000000001 0.70625 0.3046875000000001 0.70625 0.3468750000000001 0.73125 0.3468750000000001
0 0.75 0.30156250000000007 0.728125 0.30156250000000007 0.728125 0.3437500000000001 0.75 0.3437500000000001
0 0.7734375 0.2843750000000001 0.7453125 0.2843750000000001 0.7453125 0.34062500000000007 0.7734375 0.34062500000000007
0 0.7984375 0.2890625000000001 0.771875 0.2890625000000001 0.771875 0.3343750000000001 0.7984375 0.3343750000000001
0 0.8140625 0.2828125000000001 0.796875 0.2828125000000001 0.796875 0.3234375000000001 0.8140625 0.3234375000000001
0 0.8375 0.2765625000000001 0.815625 0.2765625000000001 0.815625 0.3140625000000001 0.8375 0.3140625000000001
0 0.8625 0.26250000000000007 0.8375 0.26250000000000007 0.8375 0.30937500000000007 0.8625 0.30937500000000007
0 0.8890625 0.2531250000000001 0.8640625 0.2531250000000001 0.8640625 0.3000000000000001 0.8890625 0.3000000000000001
0 0.9125 0.2468750000000001 0.8875 0.2468750000000001 0.8875 0.2906250000000001 0.9125 0.2906250000000001
0 0.9328125 0.2406250000000001 0.9109375 0.2406250000000001 0.9109375 0.2828125000000001 0.9328125 0.2828125000000001
0 0.95625 0.23437500000000008 0.934375 0.23437500000000008 0.934375 0.27812500000000007 0.95625 0.27812500000000007
0 0.9796875 0.2234375000000001 0.95625 0.2234375000000001 0.95625 0.27031250000000007 0.9796875 0.27031250000000007
0 1 0.2156250000000001 0.9796875 0.2156250000000001 0.9796875 0.26250000000000007 1 0.26250000000000007
0 0.4296875 0.6890625 0.41875 0.6890625 0.41875 0.7109375 0.4296875 0.7109375
0 0.4234375 0.696875 0.4109375 0.696875 0.4109375 0.721875 0.4234375 0.721875
0 0.4109375 0.6890625 0.4 0.6890625 0.4 0.7125 0.4109375 0.7125
0 0.4015625 0.6953125 0.3906250000000001 0.6953125 0.3906250000000001 0.7203125 0.4015625 0.7203125
0 0.3921875000000001 0.6921875 0.3812500000000001 0.6921875 0.3812500000000001 0.7171875 0.3921875000000001 0.7171875
3 0.3781250000000001 0.7265625 0.3578125000000001 0.7265625 0.3578125000000001 0.74375 0.3781250000000001 0.74375
0 0.34843750000000007 0.7328125 0.3296875000000001 0.7328125 0.3296875000000001 0.746875 0.34843750000000007 0.746875
0 0.3265625000000001 0.7375 0.3078125000000001 0.7375 0.3078125000000001 0.75 0.3265625000000001 0.75
0 0.3000000000000001 0.7421875 0.2812500000000001 0.7421875 0.2812500000000001 0.75625 0.3000000000000001 0.75625
0 0.18125000000000008 0.8265625 0.1609375000000001 0.8265625 0.1609375000000001 0.8484375 0.18125000000000008 0.8484375
0 0.3781250000000001 0.91875 0.3578125000000001 0.91875 0.3578125000000001 0.934375 0.3781250000000001 0.934375
3 0.3203125000000001 0.9 0.29375000000000007 0.9 0.29375000000000007 0.91875 0.3203125000000001 0.91875
0 1 0.7687500000000002 0.9859375 0.7687500000000002 0.9859375 0.8 1 0.8
0 0.6687500000000002 0.7640625 0.6359375000000002 0.7640625 0.6359375000000002 0.79375 0.6687500000000002 0.79375
0 0.7296875000000002 0.7640625000000001 0.6968750000000001 0.7640625 0.6968750000000001 0.7906250000000001 0.7296875000000002 0.7906250000000001
0 0.825 0.7546875000000002 0.7906250000000001 0.7546875000000002 0.7906250000000001 0.7812500000000002 0.825 0.7812500000000002
0 0.8921875 0.7468750000000002 0.853125 0.7468750000000002 0.853125 0.7812500000000002 0.8921875 0.7812500000000002
2 1 0.6859375000000002 0.9375 0.6859375000000002 0.9375 0.7421875000000002 1 0.7421875000000002