0 0.453125 0.050000000000000044 0.4296875 0.050000000000000044 0.4296875 0.09531250000000005 0.453125 0.09531250000000005
0 0.928125 0.3671875000000001 0.9140625 0.3671875000000001 0.9140625 0.4578125000000002 0.928125 0.4578125000000002
0 0.8015625 0.3703125000000001 0.7859375 0.3703125000000001 0.7859375 0.46875000000000017 0.8015625 0.46875000000000017
0 0.81875 0.4312500000000002 0.8015625 0.4312500000000002 0.8015625 0.47968750000000016 0.81875 0.47968750000000016
0 0.721875 0.1437500000000001 0.690625 0.1437500000000001 0.690625 0.18906250000000008 0.721875 0.18906250000000008
0 0.684375 0.1437500000000001 0.65625 0.1437500000000001 0.65625 0.1859375000000001 0.684375 0.1859375000000001
0 0.6234375 0.1375000000000001 0.596875 0.1375000000000001 0.596875 0.1828125000000001 0.6234375 0.1828125000000001
0 0.590625 0.1437500000000001 0.5640625 0.1437500000000001 0.5640625 0.1859375000000001 0.590625 0.1859375000000001
0 0.553125 0.14687500000000006 0.5265625 0.14687500000000003 0.5265625 0.19218750000000007 0.553125 0.1921875000000001
0 0.515625 0.15781250000000005 0.4828125 0.15781250000000005 0.4828125 0.20312500000000008 0.515625 0.20312500000000008
0 0.4765625 0.16718750000000004 0.4515625 0.16718750000000004 0.4515625 0.21250000000000008 0.4765625 0.21250000000000008
0 0.09062500000000011 0.940625 0.04843750000000011 0.940625 0.04843750000000012 0.9765625 0.09062500000000011 0.9765625
0 0.9703125 0.8078125 0.95 0.8078125 0.95 0.8453125 0.9703125 0.8453125
0 0.9359375 0.80625 0.9109375 0.80625 0.9109375 0.853125 0.9359375 0.853125
0 0.90625 0.8109375 0.890625 0.8109375 0.890625 0.853125 0.90625 0.853125
0 0.8796875 0.8140625 0.859375 0.8140625 0.859375 0.8546875 0.8796875 0.8546875
0 0.8375 0.81875 0.8140625 0.81875 0.8140625 0.859375 0.8375 0.859375
0 0.628125 0.4796875 0.6171875 0.4796875 0.6171875 0.509375 0.628125 0.509375
0 0.5578125 0.5234375 0.5375 0.5234375 0.5375 0.6 0.5578125 0.6
0 0.4421875000000002 0.8109375 0.42968750000000017 0.8109375 0.42968750000000017 0.8484375 0.4421875000000002 0.8484375
0 0.46875000000000017 0.8140625 0.4515625000000002 0.8140625 0.4515625000000002 0.846875 0.46875000000000017 0.846875
0 0.5000000000000002 0.8046875 0.47968750000000016 0.8046875 0.47968750000000016 0.8453125 0.5000000000000002 0.8453125
0 0.5640625000000001 0.8 0.5453125000000002 0.8 0.5453125000000002 0.8375 0.5640625000000001 0.8375
0 0.7046875000000001 0.7875 0.6859375000000002 0.7875 0.6859375000000002 0.81875 0.7046875000000001 0.81875
0 0.7234375000000002 0.784375 0.7062500000000002 0.784375 0.7062500000000002 0.8203125 0.7234375000000002 0.8203125
0 0.7484375000000002 0.7781250000000002 0.7265625000000002 0.7781250000000002 0.7265625000000002 0.81875 0.7484375000000002 0.81875
0 0.7734375000000002 0.7781250000000002 0.7531250000000002 0.7781250000000002 0.7531250000000002 0.815625 0.7734375000000002 0.815625
0 0.7906250000000001 0.7781250000000002 0.7781250000000002 0.7781250000000002 0.7781250000000002 0.8140625 0.7906250000000001 0.8140625
0 0.8140625 0.7734375000000002 0.7984375000000001 0.7734375000000002 0.7984375000000001 0.80625 0.8140625 0.80625
0 0.840625 0.7718750000000002 0.8203125 0.7718750000000002 0.8203125 0.809375 0.840625 0.809375
0 0.86875 0.7703125000000002 0.8484375 0.7703125000000002 0.8484375 0.803125 0.86875 0.803125
0 0.890625 0.7656250000000002 0.871875 0.7656250000000002 0.871875 0.8015625 0.890625 0.8015625
0 0.9125 0.7656250000000002 0.896875 0.7656250000000002 0.896875 0.7984375000000001 0.9125 0.7984375000000001
0 0.9375 0.7625000000000002 0.9203125 0.7625000000000002 0.9203125 0.8 0.9375 0.8
0 0.9609375 0.7593750000000001 0.9421875 0.7593750000000001 0.9421875 0.7953125000000002 0.9609375 0.7953125000000002
0 0.98125 0.7578125000000002 0.965625 0.7578125000000002 0.965625 0.7906250000000001 0.98125 0.7906250000000001
0 1 0.7531250000000002 0.9859375 0.7531250000000002 0.9859375 0.7890625000000002 1 0.7890625000000002