0 0.40625 0.20781250000000004 0.3578125 0.2078125 0.3578125 0.24531250000000004 0.40625 0.2453125000000001
0 0.11562500000000005 0.303125 0.07187500000000005 0.303125 0.07187500000000005 0.390625 0.11562500000000005 0.390625
0 0.023437500000000062 0.4796875 5.87447761465996e-17 0.4796875 6.400693036168589e-17 0.565625 0.023437500000000066 0.565625
0 1 0.13906250000000014 0.971875 0.13906250000000014 0.971875 0.16875000000000012 1 0.16875000000000012
0 0.9640625 0.15937500000000013 0.925 0.15937500000000013 0.925 0.19218750000000012 0.9640625 0.19218750000000012
0 0.9265625 0.12343750000000012 0.890625 0.12343750000000009 0.890625 0.15312500000000012 0.9265625 0.15312500000000012
0 0.884375 0.1593750000000001 0.8453125 0.1593750000000001 0.8453125 0.1984375000000001 0.884375 0.1984375000000001
0 0.815625 0.2312500000000001 0.7890625 0.2312500000000001 0.7890625 0.2796875000000001 0.815625 0.2796875000000001
0 0.79375 0.3765625000000001 0.76875 0.3765625000000001 0.76875 0.4390625000000002 0.79375 0.4390625000000002
0 0.7609375 0.2875000000000001 0.7390625 0.2875000000000001 0.7390625 0.34062500000000007 0.7609375 0.34062500000000007
0 0.74375 0.3765625000000001 0.7203125 0.3765625000000001 0.7203125 0.4359375000000001 0.74375 0.4359375000000002
0 0.7265625 0.4546875000000001 0.703125 0.4546875 0.703125 0.5203125000000001 0.7265625 0.5203125000000002
0 0.7125 0.5375 0.68125 0.5375 0.68125 0.5890625 0.7125 0.5890625
0 0.7328125 0.12656250000000008 0.6984375 0.12656250000000008 0.6984375 0.1765625000000001 0.7328125 0.1765625000000001
0 0.765625 0.0671875000000001 0.73125 0.0671875000000001 0.73125 0.0984375000000001 0.765625 0.0984375000000001
0 0.428125 5.1856137901395736e-17 0.41875 5.128208471429541e-17 0.41875 0.026562500000000055 0.428125 0.026562500000000055
0 0.471875 0.003125000000000056 0.4390625 0.003125000000000054 0.4390625 0.029687500000000054 0.471875 0.029687500000000054
0 0.48125 0.039062500000000056 0.446875 0.039062500000000056 0.446875 0.06718750000000005 0.48125 0.06718750000000007
0 0.5953125 0.06093750000000007 0.55625 0.06093750000000007 0.55625 0.09062500000000007 0.5953125 0.09062500000000007
0 0.571875 0.029687500000000068 0.5421875 0.029687500000000068 0.5421875 0.056250000000000064 0.571875 0.056250000000000064
3 0.5203125 6.113666442618427e-17 0.478125 5.855342508423283e-17 0.478125 0.03750000000000006 0.5203125 0.03750000000000007
0 0.11562500000000009 0.59375 0.07656250000000006 0.59375 0.07656250000000007 0.665625 0.11562500000000009 0.665625
0 0.10937500000000008 0.703125 0.06875000000000009 0.703125 0.06875000000000009 0.78125 0.10937500000000008 0.78125
0 0.10156250000000008 0.8015625 0.06250000000000008 0.8015625 0.0625000000000001 0.86875 0.10156250000000008 0.86875
0 0.09687500000000013 0.9703125 0.05468750000000011 0.9703125 0.054687500000000125 1 0.09687500000000013 1
0 0.0765625000000001 0.7875 0.0250000000000001 0.7875 0.025000000000000105 0.871875 0.07656250000000012 0.871875
0 0.04218750000000009 0.746875 9.146580781131795e-17 0.746875 9.653661096403746e-17 0.8296875 0.0421875000000001 0.8296875
0 0.034375000000000114 0.9265625 1.1347117998349694e-16 0.9265625 1.1796792994911615e-16 1 0.03437500000000012 1
0 0.8703125 0.6343750000000001 0.834375 0.6343750000000001 0.834375 0.6968750000000001 0.8703125 0.6968750000000001
0 0.8328125 0.5890625000000002 0.7875 0.5890625000000002 0.7875 0.6609375000000002 0.8328125 0.6609375000000002
0 0.7000000000000002 0.7828125 0.6609375000000002 0.7828125 0.6609375000000002 0.8359375 0.7000000000000002 0.8359375
0 0.5453125000000002 0.7328125 0.4968750000000002 0.7328125 0.4968750000000002 0.7921875 0.5453125000000002 0.7921875