3 0.54375 0.018750000000000062 0.4703125 0.018750000000000055 0.4703125 0.10156250000000004 0.54375 0.10156250000000004
0 0.07031250000000004 0.3515625 0.029687500000000044 0.3515625 0.029687500000000044 0.359375 0.07031250000000004 0.359375
0 0.9109375 0.3031250000000001 0.9 0.3031250000000001 0.9 0.3218750000000001 0.9109375 0.3218750000000001
0 0.9171875 0.2765625000000001 0.90625 0.2765625000000001 0.90625 0.2968750000000001 0.9171875 0.2968750000000001
0 0.8375 0.3156250000000001 0.825 0.3156250000000001 0.825 0.3390625000000001 0.8375 0.3390625000000001
0 0.8734375 0.34843750000000007 0.8546875 0.34843750000000007 0.8546875 0.3593750000000001 0.8734375 0.3593750000000001
0 0.9703125 0.2921875000000001 0.953125 0.2921875000000001 0.953125 0.3125000000000001 0.9703125 0.3125000000000001
0 0.965625 0.2796875000000001 0.946875 0.2796875000000001 0.946875 0.3000000000000001 0.965625 0.3000000000000001
0 0.9640625 0.2718750000000001 0.946875 0.2718750000000001 0.946875 0.2890625000000001 0.9640625 0.2890625000000001
0 0.9625 0.26250000000000007 0.94375 0.26250000000000007 0.94375 0.2796875000000001 0.9625 0.2796875000000001
0 0.95625 0.2468750000000001 0.9375 0.2468750000000001 0.9375 0.2656250000000001 0.95625 0.2656250000000001
3 0.8359375 0.2890625000000001 0.8234375 0.2890625000000001 0.8234375 0.3140625000000001 0.8359375 0.3140625000000001
0 0.8328125 0.2718750000000001 0.821875 0.2718750000000001 0.821875 0.2921875000000001 0.8328125 0.2921875000000001
0 0.8296875 0.2562500000000001 0.821875 0.2562500000000001 0.821875 0.2718750000000001 0.8296875 0.2718750000000001
0 0.828125 0.2375000000000001 0.81875 0.2375000000000001 0.81875 0.2562500000000001 0.828125 0.2562500000000001
0 0.8265625 0.21875000000000008 0.8171875 0.21875000000000008 0.8171875 0.2375000000000001 0.8265625 0.2375000000000001
0 0.8234375 0.1921875000000001 0.8140625 0.1921875000000001 0.8140625 0.2093750000000001 0.8234375 0.2093750000000001
0 0.821875 0.1765625000000001 0.8125 0.1765625000000001 0.8125 0.1937500000000001 0.821875 0.1937500000000001
0 0.8203125 0.1609375000000001 0.8109375 0.1609375000000001 0.8109375 0.1765625000000001 0.8203125 0.1765625000000001
0 0.890625 0.15625000000000008 0.88125 0.15625000000000008 0.88125 0.17187500000000008 0.890625 0.17187500000000008
0 0.896875 0.2328125000000001 0.8875 0.2328125000000001 0.8875 0.2500000000000001 0.896875 0.2500000000000001
0 0.9140625 0.1750000000000001 0.9046875 0.1750000000000001 0.9046875 0.19218750000000012 0.9140625 0.19218750000000012
3 0.8734375 0.1281250000000001 0.8640625 0.1281250000000001 0.8640625 0.1453125000000001 0.8734375 0.1453125000000001
0 0.8828125 0.08906250000000011 0.8765625 0.08906250000000011 0.8765625 0.10312500000000009 0.8828125 0.10312500000000009
0 0.8609375 0.06875000000000012 0.853125 0.06875000000000012 0.853125 0.08125000000000011 0.8609375 0.08125000000000011
0 0.8609375 0.0359375000000001 0.8546875 0.0359375000000001 0.8546875 0.0453125000000001 0.8609375 0.0453125000000001
0 0.865625 0.057812500000000114 0.859375 0.057812500000000114 0.859375 0.07031250000000011 0.865625 0.07031250000000011
0 0.8171875 0.14843750000000008 0.809375 0.14843750000000008 0.809375 0.1625000000000001 0.8171875 0.1625000000000001
0 0.8171875 0.13437500000000008 0.809375 0.13437500000000008 0.809375 0.15000000000000008 0.8171875 0.15000000000000008
0 0.828125 0.09687500000000011 0.8203125 0.09687500000000011 0.8203125 0.11250000000000009 0.828125 0.11250000000000009
0 0.809375 0.09687500000000009 0.7984375 0.09687500000000009 0.7984375 0.10781250000000009 0.809375 0.10781250000000009
0 0.809375 0.0906250000000001 0.796875 0.0906250000000001 0.796875 0.10156250000000008 0.809375 0.10156250000000008
0 0.8234375 0.0781250000000001 0.8140625 0.07812500000000008 0.8140625 0.0906250000000001 0.8234375 0.09062500000000011
0 0.821875 0.0687500000000001 0.815625 0.06875000000000009 0.815625 0.0796875000000001 0.821875 0.0796875000000001
0 0.8203125 0.0609375000000001 0.8125 0.06093750000000009 0.8125 0.0718750000000001 0.8203125 0.0718750000000001
0 0.8171875 0.0406250000000001 0.8109375 0.0406250000000001 0.8109375 0.0515625000000001 0.8171875 0.05156250000000011
0 0.709375 0.22812500000000008 0.6953125 0.22812500000000008 0.6953125 0.24375000000000008 0.709375 0.24375000000000008
0 0.6921875 0.22656250000000008 0.68125 0.22656250000000008 0.68125 0.2453125000000001 0.6921875 0.2453125000000001
0 0.684375 0.22656250000000008 0.671875 0.22656250000000008 0.671875 0.24375000000000008 0.684375 0.24375000000000008
0 0.6890625 0.2140625000000001 0.6796875 0.2140625000000001 0.6796875 0.2328125000000001 0.6890625 0.2328125000000001
0 0.696875 0.2140625000000001 0.6890625 0.2140625000000001 0.6890625 0.2296875000000001 0.696875 0.2296875000000001
0 0.7125 0.22031250000000008 0.696875 0.22031250000000008 0.696875 0.23437500000000008 0.7125 0.23437500000000008
0 0.7109375 0.2140625000000001 0.696875 0.2140625000000001 0.696875 0.22812500000000008 0.7109375 0.22812500000000008
0 0.69375 0.19687500000000008 0.6828125 0.19687500000000008 0.6828125 0.21250000000000008 0.69375 0.21250000000000008
0 0.709375 0.2015625000000001 0.69375 0.2015625000000001 0.69375 0.2171875000000001 0.709375 0.2171875000000001
0 0.5875000000000001 0.815625 0.5640625000000001 0.815625 0.5640625000000001 0.8953125 0.5875000000000001 0.8953125
0 0.4921875000000001 0.7171875 0.4625 0.7171875 0.4625000000000001 0.7640625 0.49218750000000017 0.7640625
0 0.40625000000000017 0.7796875 0.3765625000000001 0.7796875 0.3765625000000001 0.8296875 0.40625000000000017 0.8296875
0 0.4203125000000002 0.784375 0.4031250000000002 0.784375 0.4031250000000002 0.81875 0.4203125000000002 0.81875
0 0.6296875 0.5890625 0.6171875 0.5890625 0.6171875 0.6359375 0.6296875 0.6359375
0 0.615625 0.6 0.590625 0.6 0.590625 0.64375 0.615625 0.64375
0 0.6296875 0.5296875 0.6046875 0.5296875 0.6046875 0.5765625 0.6296875 0.5765625
0 0.596875 0.471875 0.5671875 0.471875 0.5671875 0.528125 0.596875 0.528125
0 0.54375 0.503125 0.515625 0.503125 0.515625 0.5484375 0.54375 0.5484375
0 0.5078125 0.5078125 0.478125 0.5078125 0.478125 0.559375 0.5078125 0.559375
0 0.4796875 0.525 0.4609375 0.525 0.4609375 0.5625 0.4796875 0.5625
0 0.4546875 0.528125 0.428125 0.528125 0.428125 0.5734375 0.4546875 0.5734375
0 0.4125 0.5390625 0.3843750000000001 0.5390625 0.3843750000000001 0.5859375 0.4125 0.5859375
0 0.10156250000000004 0.359375 0.07031250000000004 0.359375 0.07031250000000004 0.375 0.10156250000000004 0.375
0 0.27031250000000007 0.8609375 0.2468750000000001 0.8609375 0.2468750000000001 0.9078125 0.27031250000000007 0.9078125
0 0.2500000000000001 0.865625 0.2250000000000001 0.865625 0.2250000000000001 0.9078125 0.2500000000000001 0.9078125
0 0.2234375000000001 0.871875 0.2015625000000001 0.871875 0.2015625000000001 0.915625 0.2234375000000001 0.915625
0 0.1968750000000001 0.8765625 0.1671875000000001 0.8765625 0.1671875000000001 0.921875 0.19687500000000013 0.921875
0 0.1718750000000001 0.8859375 0.1437500000000001 0.8859375 0.1437500000000001 0.9328125 0.17187500000000014 0.9328125
0 0.1484375000000001 0.896875 0.12500000000000008 0.896875 0.1250000000000001 0.9390625 0.14843750000000014 0.9390625
0 0.025000000000000116 0.93125 1.1404523317059726e-16 0.93125 1.1662847251254872e-16 0.9734375 0.025000000000000123 0.9734375
0 0.021875000000000075 0.5875 7.1947999449907e-17 0.5875 7.539231857250893e-17 0.64375 0.02187500000000008 0.64375
0 0.04843750000000007 0.5875 0.025000000000000067 0.5875 0.02500000000000007 0.6296875 0.04843750000000008 0.6296875
0 0.07656250000000006 0.5796875 0.050000000000000065 0.5796875 0.050000000000000065 0.6265625 0.07656250000000006 0.6265625
0 0.1390625000000001 0.559375 0.1140625000000001 0.559375 0.1140625000000001 0.6046875 0.1390625000000001 0.6046875
0 0.27812500000000007 0.53125 0.2531250000000001 0.53125 0.2531250000000001 0.5765625 0.27812500000000007 0.5765625
0 0.2953125000000001 0.5296875 0.2734375000000001 0.5296875 0.2734375000000001 0.5734375 0.2953125000000001 0.5734375
0 0.3203125000000001 0.5140625 0.2921875000000001 0.5140625 0.2921875000000001 0.565625 0.3203125000000001 0.565625
0 0.3468750000000001 0.5171875 0.3187500000000001 0.5171875 0.3187500000000001 0.5625 0.3468750000000001 0.5625
0 0.3609375000000001 0.5078125 0.34062500000000007 0.5078125 0.34062500000000007 0.5515625 0.3609375000000001 0.5515625
0 0.3843750000000001 0.5015625 0.3609375000000001 0.5015625 0.3609375000000001 0.540625 0.3843750000000001 0.540625
0 0.409375 0.490625 0.3828125000000001 0.490625 0.3828125000000001 0.5375 0.409375 0.5375
0 0.434375 0.4859375 0.409375 0.4859375 0.409375 0.528125 0.434375 0.528125
0 0.459375 0.475 0.434375 0.475 0.434375 0.5203125 0.459375 0.5203125
0 0.4796875 0.46875 0.45625 0.46875 0.45625 0.515625 0.4796875 0.515625
0 0.503125 0.4640625 0.48125 0.4640625 0.48125 0.5078125 0.503125 0.5078125
0 0.525 0.45625 0.5015625 0.45625 0.5015625 0.4984375 0.525 0.4984375
0 0.546875 0.45 0.525 0.45 0.525 0.4921875 0.546875 0.4921875
0 0.56875 0.440625 0.5453125 0.440625 0.5453125 0.4828125 0.56875 0.4828125
0 0.5906250000000001 0.7125 0.565625 0.7125 0.565625 0.75625 0.5906250000000002 0.75625
2 0.6296875 0.421875 0.590625 0.421875 0.590625 0.51875 0.6296875 0.51875
0 1 0.6187500000000001 0.940625 0.6187500000000001 0.940625 0.6859375000000002 1 0.6859375000000002
0 0.9796875 0.978125 0.9203125 0.978125 0.9203125 1 0.9796875 1