3 0.4984375 0.07500000000000005 0.4171875 0.07500000000000004 0.4171875 0.18750000000000006 0.4984375 0.18750000000000006
0 0.5796875 0.34843750000000007 0.5265625 0.34843750000000007 0.5265625 0.39531250000000007 0.5796875 0.39531250000000007
0 0.026562500000000034 0.2703125 3.3103733789451887e-17 0.2703125 3.5782648662586727e-17 0.3140625 0.026562500000000034 0.3140625
0 0.7765625 0.2812500000000001 0.7296875 0.2812500000000001 0.7296875 0.3453125000000001 0.7765625 0.3453125000000001
0 0.8484375 0.3968750000000001 0.778125 0.3968750000000001 0.778125 0.4578125000000002 0.8484375 0.4578125000000002
2 0.39531250000000007 0.675 0.32500000000000007 0.675 0.32500000000000007 0.8609375 0.39531250000000007 0.8609375
2 0.6078125000000002 0.975 0.4312500000000002 0.975 0.4312500000000002 1 0.6078125000000002 1
0 0.3218750000000001 0.9359375 0.2812500000000001 0.9359375 0.2812500000000001 1 0.3218750000000001 1
0 0.3312500000000001 0.6796875 0.28593750000000007 0.6796875 0.28593750000000007 0.73125 0.3312500000000001 0.73125
0 0.2078125000000001 0.7234375 0.1593750000000001 0.7234375 0.1593750000000001 0.7640625 0.2078125000000001 0.7640625
0 0.1750000000000001 0.85625 0.12656250000000008 0.85625 0.12656250000000008 0.8984375 0.1750000000000001 0.8984375
0 0.1359375000000001 0.7015625 0.08906250000000009 0.7015625 0.08906250000000009 0.7421875 0.1359375000000001 0.7421875
0 0.040625000000000085 0.6703125 8.208960575534602e-17 0.6703125 8.467284509729747e-17 0.7125 0.04062500000000009 0.7125
3 0.18906250000000008 0.6765625 0.14062500000000008 0.6765625 0.14062500000000008 0.7203125 0.18906250000000008 0.7203125
0 0.984375 0.984375 0.95 0.984375 0.95 1 0.984375 1
0 0.9265625 0.984375 0.896875 0.984375 0.896875 1 0.9265625 1
0 0.8859375 0.9765625 0.853125 0.9765625 0.853125 1 0.8859375 1
0 0.778125 0.6000000000000002 0.7515625 0.6000000000000002 0.7515625 0.6406250000000002 0.778125 0.6406250000000002
0 0.7640625000000002 0.91875 0.7375000000000002 0.91875 0.7375000000000002 0.959375 0.7640625000000002 0.959375
0 0.7812500000000002 0.9234375 0.7562500000000002 0.9234375 0.7562500000000002 0.9640625 0.7812500000000002 0.9640625
0 0.809375 0.91875 0.7781250000000002 0.91875 0.7781250000000002 0.9671875 0.809375 0.9671875
0 0.8328125 0.9296875 0.8046875 0.9296875 0.8046875 0.9703125 0.8328125 0.9703125
0 0.8515625 0.9328125 0.8296875 0.9328125 0.8296875 0.971875 0.8515625 0.971875
0 0.8734375 0.934375 0.8484375 0.934375 0.8484375 0.975 0.8734375 0.975
0 0.9015625 0.9328125 0.8703125 0.9328125 0.8703125 0.978125 0.9015625 0.978125
0 0.928125 0.9390625 0.9 0.9390625 0.9 0.9796875 0.928125 0.9796875
0 0.9515625 0.940625 0.925 0.940625 0.925 0.98125 0.9515625 0.98125
0 0.975 0.940625 0.9484375 0.940625 0.9484375 0.9859375 0.975 0.9859375
0 0.9984375 0.94375 0.9734375 0.94375 0.9734375 0.9890625 0.9984375 0.9890625
0 1 0.9453125 0.99375 0.9453125 0.99375 0.9890625 1 0.9890625