0 0.4734375 0.3031250000000001 0.4515625 0.3031250000000001 0.4515625 0.3781250000000001 0.4734375 0.3781250000000001
0 0.5046875 0.18437500000000004 0.4828125 0.18437500000000004 0.4828125 0.26250000000000007 0.5046875 0.26250000000000007
0 0.6078125 0.3140625000000001 0.56875 0.3140625000000001 0.56875 0.36406250000000007 0.6078125 0.36406250000000007
0 0.8546875 0.2062500000000001 0.834375 0.2062500000000001 0.834375 0.2515625000000001 0.8546875 0.2515625000000001
0 0.703125 0.025000000000000088 0.6859375 0.025000000000000088 0.6859375 0.06250000000000008 0.703125 0.06250000000000008
0 0.696875 0.0671875000000001 0.6796875 0.0671875000000001 0.6796875 0.11250000000000009 0.696875 0.11250000000000009
0 0.73125 0.0828125000000001 0.709375 0.0828125000000001 0.709375 0.12031250000000009 0.73125 0.12031250000000009
0 0.759375 0.08750000000000009 0.740625 0.08750000000000009 0.740625 0.12500000000000008 0.759375 0.12500000000000008
0 0.7375 0.02187500000000009 0.7140625 0.02187500000000009 0.7140625 0.06406250000000009 0.7375 0.06406250000000009
0 0.821875 9.931120136835567e-17 0.8 9.797174393178826e-17 0.8 0.0203125000000001 0.821875 0.0203125000000001
0 0.8609375 1.0390362686515826e-16 0.8359375 1.0237281836622405e-16 0.8359375 0.0250000000000001 0.8609375 0.0250000000000001
0 0.88125 1.0686956833184325e-16 0.8640625 1.0581713748882599e-16 0.8640625 0.02812500000000011 0.88125 0.02812500000000011
0 0.9125 1.1040956298562856e-16 0.890625 1.0907010554906115e-16 0.890625 0.02968750000000011 0.9125 0.02968750000000011
0 0.9578125 1.158630682630816e-16 0.934375 1.144279352953308e-16 0.934375 0.03750000000000012 0.9578125 0.037500000000000124
0 0.996875 0.19687500000000013 0.978125 0.19687500000000013 0.978125 0.2390625000000001 0.996875 0.2390625000000001
2 0.5437500000000002 0.8328125 0.5109375000000002 0.8328125 0.5109375000000002 1 0.5437500000000002 1
0 0.49375 0.459375 0.4703125 0.459375 0.4703125 0.5328125 0.49375 0.5328125
0 0.6125000000000002 0.8578125 0.5765625000000002 0.8578125 0.5765625000000002 0.903125 0.6125000000000002 0.903125
0 0.13906250000000014 0.915625 0.09218750000000012 0.915625 0.09218750000000012 0.9484375 0.13906250000000014 0.9484375
0 0.7765625 0.7218750000000002 0.7546875 0.7218750000000002 0.7546875000000001 0.7687500000000002 0.7765625000000002 0.7687500000000002
0 0.7828125000000001 0.7765625000000002 0.7625000000000002 0.7765625000000002 0.7625000000000002 0.81875 0.7828125000000001 0.81875
0 0.7750000000000001 0.840625 0.7546875000000002 0.840625 0.7546875000000002 0.878125 0.7750000000000001 0.878125
0 0.8140625 0.7953125000000002 0.7968750000000002 0.7953125000000002 0.7968750000000002 0.83125 0.8140625 0.83125
0 0.80625 0.840625 0.7828125000000001 0.840625 0.7828125000000001 0.8859375 0.80625 0.8859375
0 0.84375 0.853125 0.8203125 0.853125 0.8203125 0.890625 0.84375 0.890625
0 0.8703125 0.85625 0.8515625 0.85625 0.8515625 0.8921875 0.8703125 0.8921875
0 0.8484375 0.7906250000000001 0.825 0.7906250000000001 0.825 0.8328125 0.8484375 0.8328125
0 0.878125 0.7296875000000002 0.8546875 0.7296875000000002 0.8546875 0.7750000000000001 0.878125 0.7750000000000001
0 0.934375 0.7437500000000001 0.9125 0.7437500000000001 0.9125 0.7859375000000002 0.934375 0.7859375000000002
0 0.9734375 0.7453125000000002 0.9484375 0.7453125000000002 0.9484375 0.7937500000000002 0.9734375 0.7937500000000002
0 0.9921875 0.7531250000000002 0.9765625 0.7531250000000002 0.9765625 0.7953125000000002 0.9921875 0.7953125000000002
0 1 0.7046875000000001 0.9921875 0.7046875000000001 0.9921875 0.7421875000000002 1 0.7421875000000002
0 0.9875 0.7062500000000002 0.9703125 0.7062500000000002 0.9703125 0.7421875000000002 0.9875 0.7421875000000002
0 0.9640625 0.7031250000000002 0.946875 0.7031250000000002 0.946875 0.7390625000000002 0.9640625 0.7390625000000002
0 0.94375 0.7000000000000002 0.9234375 0.7000000000000002 0.9234375 0.7359375000000001 0.94375 0.7359375000000001
0 0.91875 0.6953125000000002 0.9015625 0.6953125000000002 0.9015625 0.7281250000000001 0.91875 0.7281250000000001
0 0.896875 0.6937500000000002 0.878125 0.6937500000000002 0.878125 0.7265625000000002 0.896875 0.7265625000000002
2 0.85 0.7062500000000002 0.7890625 0.7062500000000002 0.7890625000000001 0.7781250000000002 0.85 0.7781250000000002