2 0.315625 0.10156250000000004 0.2671875 0.10156250000000004 0.2671875 0.2890625 0.315625 0.2890625
2 0.56875 0.3890625000000001 0.39531250000000007 0.3890625000000001 0.39531250000000007 0.4703125 0.56875 0.4703125
0 0.3078125000000001 0.4484375 0.27031250000000007 0.4484375 0.27031250000000007 0.5328125 0.3078125000000001 0.5328125
0 0.2765625000000001 0.36875 0.24375000000000008 0.36875 0.24375000000000008 0.45 0.2765625000000001 0.45
0 0.2218750000000001 0.4421875 0.18593750000000003 0.4421875 0.18593750000000003 0.5234375 0.2218750000000001 0.5234375
0 0.253125 0.11406250000000004 0.2125 0.11406250000000004 0.2125 0.16250000000000003 0.253125 0.16250000000000003
0 0.13593750000000002 0.1734375 0.09062500000000002 0.1734375 0.09062500000000002 0.2109375 0.13593750000000004 0.2109375
0 0.12031250000000004 0.3078125 0.07500000000000004 0.3078125 0.07500000000000004 0.346875 0.12031250000000004 0.346875
0 0.06093750000000002 0.1609375 0.017187500000000022 0.1609375 0.017187500000000022 0.196875 0.06093750000000002 0.196875
0 0.7 0.2453125000000001 0.671875 0.2453125000000001 0.671875 0.2812500000000001 0.7 0.2812500000000001
3 0.1109375 0.1296875 0.06562500000000002 0.1296875 0.06562500000000002 0.16875 0.1109375 0.16875
0 0.78125 0.20312500000000008 0.740625 0.20312500000000008 0.740625 0.2671875000000001 0.78125 0.2671875000000001
0 0.7765625 9.270958971670199e-17 0.7375 9.031770143711729e-17 0.7375 0.029687500000000096 0.7765625 0.0296875000000001
2 0.60625 0.5890625 0.434375 0.5890625 0.434375 0.6375 0.60625 0.6375
3 0.5421875 0.69375 0.4859375 0.69375 0.4859375000000001 0.734375 0.5421875000000002 0.734375
3 0.3468750000000001 0.5890625 0.3062500000000001 0.5890625 0.3062500000000001 0.61875 0.3468750000000001 0.61875
0 0.7000000000000001 0.6984375 0.6875 0.6984375 0.6875000000000001 0.7265625 0.7000000000000002 0.7265625
0 0.625 0.684375 0.5921875 0.684375 0.5921875 0.7125 0.625 0.7125
0 0.5796875 0.684375 0.54375 0.684375 0.54375 0.7140625 0.5796875 0.7140625
0 0.14218750000000008 0.61875 0.10937500000000008 0.61875 0.10937500000000008 0.646875 0.14218750000000008 0.646875
0 0.48125 0.6625 0.45 0.6625 0.45 0.6890625 0.48125 0.6890625
0 0.43125 0.65625 0.3968750000000001 0.65625 0.3968750000000001 0.68125 0.43125 0.68125
0 0.3906250000000001 0.69375 0.35625000000000007 0.69375 0.35625000000000007 0.73125 0.3906250000000001 0.73125
0 0.3281250000000001 0.7796875 0.3000000000000001 0.7796875 0.3000000000000001 0.834375 0.3281250000000001 0.834375
0 0.2750000000000001 0.70625 0.25468750000000007 0.70625 0.25468750000000007 0.7578125 0.2750000000000001 0.7578125
0 0.29375000000000007 0.940625 0.27031250000000007 0.940625 0.27031250000000007 1 0.29375000000000007 1
3 0.678125 0.6875 0.634375 0.6875 0.634375 0.7203125 0.678125 0.7203125
0 0.7312500000000001 0.6671875 0.715625 0.6671875 0.7156250000000001 0.7296875 0.7312500000000002 0.7296875000000002
0 0.8078125 0.984375 0.7796875000000002 0.984375 0.7796875000000002 1 0.8078125 1
0 0.9 0.9875 0.875 0.9875 0.875 1 0.9 1
0 0.928125 0.9828125 0.903125 0.9828125 0.903125 1 0.928125 1
0 0.9515625 0.984375 0.928125 0.984375 0.928125 1 0.9515625 1
0 0.9734375 0.984375 0.9515625 0.984375 0.9515625 1 0.9734375 1
0 0.996875 0.984375 0.975 0.984375 0.975 1 0.996875 1