3 0.07812500000000003 0.15625 0.023437500000000017 0.15625 0.02343750000000002 0.203125 0.07812500000000003 0.203125
3 0.16562500000000002 0.1703125 0.109375 0.1703125 0.10937500000000003 0.2203125 0.16562500000000005 0.2203125
0 0.2109375 0.24375 0.17500000000000004 0.24375 0.17500000000000004 0.296875 0.2109375 0.296875
0 0.18906250000000005 0.384375 0.16406250000000006 0.384375 0.16406250000000006 0.4453125 0.18906250000000005 0.4453125
0 0.2406250000000001 0.3828125 0.2156250000000001 0.3828125 0.2156250000000001 0.4390625 0.2406250000000001 0.4390625
0 0.22656250000000008 0.453125 0.19687500000000005 0.453125 0.19687500000000005 0.51875 0.22656250000000008 0.51875
0 0.2078125000000001 0.5734375 0.18125000000000008 0.5734375 0.18125000000000008 0.6390625 0.2078125000000001 0.6390625
3 0.14218750000000008 0.625 0.1140625000000001 0.625 0.1140625000000001 0.7 0.14218750000000008 0.7
0 0.01093750000000002 0.1625 1.990051048614449e-17 0.1625 2.1622670047445454e-17 0.190625 0.010937500000000022 0.190625
0 0.5625 0.2078125000000001 0.528125 0.2078125000000001 0.528125 0.2406250000000001 0.5625 0.2406250000000001
3 0.403125 0.03125000000000004 0.3625 0.03125000000000004 0.3625 0.07187500000000005 0.403125 0.07187500000000005
0 0.9078125 0.3859375000000001 0.8578125 0.3859375000000001 0.8578125 0.4312500000000002 0.9078125 0.4312500000000002
3 1 0.11093750000000013 0.9625 0.11093750000000013 0.9625 0.16718750000000013 1 0.16718750000000013
0 0.3671875000000001 0.790625 0.3265625000000001 0.790625 0.3265625000000001 0.8328125 0.3671875000000001 0.8328125
0 0.4312500000000002 0.8265625 0.39531250000000007 0.8265625 0.39531250000000007 0.859375 0.4312500000000002 0.859375
0 0.11562500000000009 0.84375 0.07500000000000011 0.84375 0.07500000000000011 0.875 0.11562500000000009 0.875
0 0.0375000000000001 0.828125 1.0141606305439018e-16 0.828125 1.0342524920924131e-16 0.8609375 0.0375000000000001 0.8609375
0 0.029687500000000096 0.7453125 9.127445674895118e-17 0.7453125 9.32836429038023e-17 0.778125 0.0296875000000001 0.778125
0 0.4515625000000002 0.7875 0.4156250000000002 0.7875 0.4156250000000002 0.8203125 0.4515625000000002 0.8203125
0 0.49218750000000017 0.7921875 0.4515625000000002 0.7921875 0.4515625000000002 0.828125 0.49218750000000017 0.828125
0 0.45625000000000016 0.753125 0.42187500000000017 0.753125 0.42187500000000017 0.7828125 0.45625000000000016 0.7828125
0 0.4984375000000002 0.753125 0.4593750000000002 0.753125 0.4593750000000002 0.790625 0.4984375000000002 0.790625
0 0.5375000000000002 0.7640625 0.4984375000000002 0.7640625 0.4984375000000002 0.7953125 0.5375000000000002 0.7953125
0 0.5812500000000002 0.7703125 0.5390625000000002 0.7703125 0.5390625000000002 0.8015625 0.5812500000000002 0.8015625
0 0.6234375000000002 0.771875 0.5812500000000002 0.771875 0.5812500000000002 0.80625 0.6234375000000002 0.80625
0 0.4671875000000001 0.7140625 0.428125 0.7140625 0.4281250000000001 0.7484375 0.4671875000000002 0.7484375
0 0.5093750000000001 0.721875 0.4703125 0.721875 0.4703125000000001 0.7578125 0.5093750000000001 0.7578125
0 0.5531250000000002 0.7296875 0.5109375000000002 0.7296875 0.5109375000000002 0.7640625 0.5531250000000002 0.7640625
0 0.5906250000000002 0.7375 0.5515625000000002 0.7375 0.5515625000000002 0.76875 0.5906250000000002 0.76875
0 0.6296875000000002 0.809375 0.5921875000000002 0.809375 0.5921875000000002 0.8421875 0.6296875000000002 0.8421875
3 0.0828125000000001 0.7546875 0.03750000000000009 0.7546875 0.037500000000000096 0.7921875 0.0828125000000001 0.7921875
2 0.5906250000000002 0.79375 0.4968750000000002 0.79375 0.4968750000000002 0.846875 0.5906250000000002 0.846875
2 0.0671875000000001 0.7703125 9.433607374681956e-17 0.7703125 9.816309499415503e-17 0.8328125 0.06718750000000011 0.8328125
0 0.6718750000000002 0.8875 0.6390625000000002 0.8875 0.6390625000000002 0.9421875 0.6718750000000002 0.9421875
0 0.6890625000000001 0.90625 0.6671875000000002 0.90625 0.6671875000000002 0.9453125 0.6890625000000001 0.9453125
0 0.7218750000000002 0.9109375 0.6937500000000002 0.9109375 0.6937500000000002 0.9546875 0.7218750000000002 0.9546875
0 0.7625000000000002 0.921875 0.7328125000000002 0.921875 0.7328125000000002 0.9703125 0.7625000000000002 0.9703125
0 0.8953125 0.91875 0.8703125 0.91875 0.8703125 0.95625 0.8953125 0.95625
0 0.875 0.915625 0.8515625 0.915625 0.8515625 0.95625 0.875 0.95625
0 0.8578125 0.9 0.828125 0.9 0.828125 0.95 0.8578125 0.95
0 0.8296875 0.903125 0.803125 0.903125 0.803125 0.9421875 0.8296875 0.9421875
0 0.8078125 0.89375 0.7875000000000002 0.89375 0.7875000000000002 0.9328125 0.8078125 0.9328125
0 0.7890625000000002 0.884375 0.7656250000000002 0.884375 0.7656250000000002 0.925 0.7890625000000002 0.925
0 0.7671875000000001 0.8765625 0.7390625000000002 0.8765625 0.7390625000000002 0.921875 0.7671875000000001 0.921875
0 0.7390625000000002 0.8703125 0.7140625000000002 0.8703125 0.7140625000000002 0.9078125 0.7390625000000002 0.9078125
0 0.7156250000000002 0.8609375 0.6906250000000002 0.8609375 0.6906250000000002 0.9015625 0.7156250000000002 0.9015625
0 0.6937500000000002 0.8546875 0.6703125000000002 0.8546875 0.6703125000000002 0.8953125 0.6937500000000002 0.8953125
0 0.6703125000000002 0.8453125 0.6468750000000002 0.8453125 0.6468750000000002 0.8875 0.6703125000000002 0.8875
0 0.6484375000000002 0.8390625 0.6296875000000002 0.8390625 0.6296875000000002 0.8796875 0.6484375000000002 0.8796875