2 0.5109375 0.2531250000000001 0.36875 0.2531250000000001 0.36875 0.34062500000000007 0.5109375 0.34062500000000007
0 0.540625 0.15781250000000005 0.4875 0.15781250000000005 0.4875 0.2062500000000001 0.540625 0.2062500000000001
0 0.559375 0.20468750000000008 0.509375 0.20468750000000008 0.509375 0.2531250000000001 0.559375 0.2531250000000001
0 0.14843750000000006 0.2765625 0.09531250000000005 0.2765625 0.09531250000000005 0.3359375 0.14843750000000006 0.3359375
0 0.2984375 0.028125000000000032 0.265625 0.028125000000000032 0.265625 0.10000000000000005 0.2984375 0.10000000000000005
0 0.2734375 0.09531250000000004 0.2390625 0.09531250000000002 0.2390625 0.17031250000000003 0.2734375 0.17031250000000003
0 0.32656250000000003 0.303125 0.2953125 0.303125 0.29531250000000003 0.371875 0.3265625000000001 0.371875
0 0.1796875 0.05468750000000002 0.1234375 0.05468750000000002 0.1234375 0.1140625 0.1796875 0.1140625
0 0.2578125000000001 0.465625 0.21875000000000008 0.465625 0.21875000000000008 0.51875 0.2578125000000001 0.51875
0 0.06093750000000002 0.1953125 0.01562500000000002 0.1953125 0.015625000000000024 0.2328125 0.06093750000000002 0.2328125
0 0.06250000000000003 0.1453125 0.014062500000000016 0.1453125 0.01406250000000002 0.1875 0.06250000000000003 0.1875
0 0.9109375 0.06093750000000011 0.8609375 0.06093750000000011 0.8609375 0.10625000000000011 0.9109375 0.10625000000000014
0 0.6796875 0.08437500000000007 0.63125 0.08437500000000006 0.63125 0.13281250000000008 0.6796875 0.13281250000000008
0 0.42968750000000017 0.9046875 0.4000000000000002 0.9046875 0.4000000000000002 0.95 0.42968750000000017 0.95
0 0.42968750000000017 0.9578125 0.40156250000000016 0.9578125 0.40156250000000016 1 0.42968750000000017 1
0 0.3984375000000001 0.984375 0.37187500000000007 0.984375 0.37187500000000007 1 0.3984375000000001 1
0 0.3734375000000001 0.9890625 0.3421875000000001 0.9890625 0.3421875000000001 1 0.3734375000000001 1
0 0.2812500000000001 0.971875 0.2531250000000001 0.971875 0.2531250000000001 1 0.2812500000000001 1
0 0.2468750000000001 0.9765625 0.2140625000000001 0.9765625 0.2140625000000001 1 0.2468750000000001 1
0 0.10156250000000014 0.9890625 0.08125000000000011 0.9890625 0.08125000000000013 1 0.10156250000000014 1
0 0.12187500000000014 0.9828125 0.09843750000000011 0.9828125 0.09843750000000012 1 0.12187500000000014 1
0 0.14843750000000014 0.96875 0.12031250000000013 0.96875 0.12031250000000013 1 0.14843750000000014 1
0 0.17500000000000013 0.95625 0.14687500000000014 0.95625 0.14687500000000014 1 0.17500000000000013 1
0 0.19843750000000013 0.9484375 0.17187500000000014 0.9484375 0.17187500000000014 0.99375 0.19843750000000013 0.99375
0 0.21875000000000008 0.94375 0.19375000000000014 0.94375 0.19375000000000014 0.9859375 0.21875000000000008 0.9859375
0 0.2406250000000001 0.934375 0.2171875000000001 0.934375 0.2171875000000001 0.9796875 0.2406250000000001 0.9796875
0 0.26250000000000007 0.9234375 0.2375000000000001 0.9234375 0.2375000000000001 0.9703125 0.26250000000000007 0.9703125
0 0.2828125000000001 0.9140625 0.2593750000000001 0.9140625 0.2593750000000001 0.9609375 0.2828125000000001 0.9609375
0 0.3046875000000001 0.903125 0.2796875000000001 0.903125 0.2796875000000001 0.95 0.3046875000000001 0.95
2 0.4000000000000002 0.871875 0.3234375000000001 0.871875 0.3234375000000001 0.9859375 0.4000000000000002 0.9859375
3 0.3359375000000001 0.93125 0.30156250000000007 0.93125 0.30156250000000007 0.996875 0.3359375000000001 0.996875
0 1 0.5703125000000002 0.9515625 0.5703125000000002 0.9515625 0.6093750000000002 1 0.6093750000000002
0 0.7718750000000002 0.7578125000000002 0.7265625000000002 0.7578125000000002 0.7265625000000002 0.846875 0.7718750000000002 0.846875
0 0.7453125000000002 0.9546875 0.7046875000000001 0.9546875 0.7046875000000001 1 0.7453125000000002 1