0 0.06562500000000007 0.478125 0.015625000000000062 0.478125 0.015625000000000062 0.5140625 0.06562500000000007 0.5140625
0 0.22031250000000008 0.4140625 0.17343750000000005 0.4140625 0.17343750000000005 0.459375 0.22031250000000008 0.459375
0 0.3625000000000001 0.4546875 0.3203125000000001 0.4546875 0.3203125000000001 0.4984375 0.3625000000000001 0.4984375
0 0.459375 0.525 0.415625 0.525 0.415625 0.5890625 0.459375 0.5890625
0 0.2921875000000001 0.578125 0.2484375000000001 0.578125 0.2484375000000001 0.6109375 0.2921875000000001 0.6109375
0 0.2953125000000001 0.6234375 0.25468750000000007 0.6234375 0.25468750000000007 0.659375 0.2953125000000001 0.659375
0 0.5031250000000002 0.8578125 0.4734375000000002 0.8578125 0.4734375000000002 0.9296875 0.5031250000000002 0.9296875
3 0.5953125 0.1984375000000001 0.56875 0.1984375000000001 0.56875 0.3046875000000001 0.5953125 0.3046875000000001
0 0.6265625 0.3984375000000001 0.584375 0.3984375000000001 0.584375 0.4578125 0.6265625 0.4578125
0 0.7734375 0.4578125000000002 0.728125 0.4578125000000002 0.728125 0.4937500000000002 0.7734375 0.4937500000000002
0 0.775 0.5062500000000002 0.7296875 0.5062500000000002 0.7296875 0.5406250000000001 0.775 0.5406250000000001
0 0.8296875 0.4984375000000002 0.7875 0.4984375000000002 0.7875 0.5296875000000002 0.8296875 0.5296875000000002
0 0.853125 0.4546875000000002 0.8125 0.4546875000000002 0.8125 0.4890625000000002 0.853125 0.4890625000000002
0 0.8859375 0.5015625000000001 0.8421875 0.5015625000000001 0.8421875 0.5343750000000002 0.8859375 0.5343750000000002
0 0.9515625 0.5000000000000002 0.909375 0.5000000000000002 0.909375 0.5312500000000002 0.9515625 0.5312500000000002
0 0.496875 0.02343750000000006 0.475 0.023437500000000056 0.475 0.09687500000000007 0.496875 0.09687500000000007
0 0.528125 0.05156250000000007 0.50625 0.05156250000000007 0.50625 0.12500000000000006 0.528125 0.12500000000000006