2 0.1281250000000001 0.6640625 0.00625000000000008 0.6640625 0.006250000000000086 0.7578125 0.1281250000000001 0.7578125
2 0.4671875 0.38906250000000003 0.30937500000000007 0.3890625 0.30937500000000007 0.5375 0.4671875 0.5375
0 0.12343750000000009 0.615625 0.07500000000000007 0.615625 0.07500000000000008 0.6609375 0.12343750000000009 0.6609375
0 0.1859375000000001 0.5890625 0.1437500000000001 0.5890625 0.1437500000000001 0.63125 0.1859375000000001 0.63125
0 0.18125000000000008 0.6453125 0.1359375000000001 0.6453125 0.1359375000000001 0.690625 0.18125000000000008 0.690625
0 0.2453125000000001 0.61875 0.20312500000000008 0.61875 0.20312500000000008 0.659375 0.2453125000000001 0.659375
0 0.26250000000000007 0.5640625 0.21875000000000008 0.5640625 0.21875000000000008 0.6078125 0.26250000000000007 0.6078125
0 0.3296875000000001 0.5265625 0.2875000000000001 0.5265625 0.2875000000000001 0.5671875 0.3296875000000001 0.5671875
0 0.2953125000000001 0.5984375 0.2593750000000001 0.5984375 0.2593750000000001 0.6390625 0.2953125000000001 0.6390625
0 0.51875 0.6078125 0.4921875 0.6078125 0.4921875 0.66875 0.51875 0.66875
0 0.565625 0.1859375000000001 0.546875 0.1859375000000001 0.546875 0.2562500000000001 0.565625 0.2562500000000001
0 0.809375 0.46875000000000017 0.7671875 0.46875000000000017 0.7671875 0.5062500000000002 0.809375 0.5062500000000002
0 0.8609375 0.4734375000000002 0.81875 0.4734375000000002 0.81875 0.5078125000000002 0.8609375 0.5078125000000002
0 0.45 0.009375000000000053 0.4296875 0.009375000000000053 0.4296875 0.07968750000000005 0.45 0.07968750000000005