3 0.390625 0.012500000000000048 0.36875 0.012500000000000044 0.36875 0.07656250000000005 0.390625 0.07656250000000005
3 0.36562500000000003 0.3375 0.3359375 0.3375 0.33593750000000006 0.409375 0.3656250000000001 0.409375
3 0.3359375 0.2625 0.3125 0.2625 0.3125 0.3375 0.3359375 0.3375
0 0.315625 0.2171875 0.2984375 0.2171875 0.2984375 0.259375 0.315625 0.259375
0 0.33125 0.2203125 0.3140625 0.2203125 0.3140625 0.2640625 0.33125 0.2640625
0 0.315625 0.2796875 0.2984375 0.2796875 0.2984375 0.3265625 0.315625 0.3265625
0 0.33281250000000007 0.3421875 0.3140625 0.3421875 0.3140625 0.3828125 0.33281250000000007 0.3828125
0 0.31250000000000006 0.3296875 0.2953125 0.3296875 0.29531250000000003 0.3703125 0.3125000000000001 0.3703125
0 0.3109375000000001 0.375 0.2921875000000001 0.375 0.2921875000000001 0.4203125 0.3109375000000001 0.4203125
0 0.3312500000000001 0.396875 0.30937500000000007 0.396875 0.30937500000000007 0.4390625 0.3312500000000001 0.4390625
0 0.30937500000000007 0.428125 0.2921875000000001 0.428125 0.2921875000000001 0.4390625 0.30937500000000007 0.4390625
0 0.9421875 1.131841533899468e-16 0.90625 1.1098361617272889e-16 0.90625 0.04843750000000011 0.9421875 0.04843750000000011
0 0.521875 6.199774420683476e-17 0.490625 6.008423358316702e-17 0.490625 0.020312500000000063 0.521875 0.020312500000000067
0 0.56875 0.10156250000000007 0.5328125 0.10156250000000004 0.5328125 0.17968750000000006 0.56875 0.17968750000000008
0 1 0.10468750000000013 0.9796875 0.10468750000000013 0.9796875 0.15156250000000013 1 0.15156250000000013
0 0.9765625 0.10625000000000014 0.9453125 0.10625000000000014 0.9453125 0.15312500000000012 0.9765625 0.15312500000000012
0 0.9390625 0.11250000000000013 0.909375 0.11250000000000013 0.909375 0.15625000000000014 0.9390625 0.15625000000000014
0 0.9 0.11562500000000009 0.8640625 0.11562500000000009 0.8640625 0.1609375000000001 0.9 0.1609375000000001
0 0.8609375 0.1218750000000001 0.8328125 0.1218750000000001 0.8328125 0.16562500000000008 0.8609375 0.16562500000000008
0 0.81875 0.12343750000000009 0.7890625 0.12343750000000009 0.7890625 0.16562500000000008 0.81875 0.16562500000000008
0 0.7875 0.12343750000000009 0.765625 0.12343750000000009 0.765625 0.16406250000000008 0.7875 0.16406250000000008
0 0.7640625 0.12500000000000008 0.7296875 0.12500000000000008 0.7296875 0.1703125000000001 0.7640625 0.1703125000000001
0 0.721875 0.1312500000000001 0.6890625 0.1312500000000001 0.6890625 0.18125000000000008 0.721875 0.18125000000000008
0 0.6484375 0.1390625000000001 0.6203125 0.1390625000000001 0.6203125 0.18906250000000008 0.6484375 0.18906250000000008
0 0.4125000000000002 0.825 0.3890625000000001 0.825 0.3890625000000001 0.8859375 0.4125000000000002 0.8859375
0 0.2093750000000001 0.6109375 0.1671875000000001 0.6109375 0.1671875000000001 0.64375 0.2093750000000001 0.64375
0 0.2078125000000001 0.6578125 0.1671875000000001 0.6578125 0.1671875000000001 0.6875 0.2078125000000001 0.6875
0 0.21093750000000008 0.7 0.17187500000000008 0.7 0.17187500000000008 0.7328125 0.21093750000000008 0.7328125
0 0.1546875000000001 0.7015625 0.11250000000000009 0.7015625 0.11250000000000009 0.734375 0.1546875000000001 0.734375
0 0.0906250000000001 0.709375 0.05156250000000009 0.709375 0.05156250000000009 0.7421875 0.0906250000000001 0.7421875
0 0.0828125000000001 0.659375 0.04062500000000008 0.659375 0.040625000000000085 0.6984375 0.0828125000000001 0.6984375
0 0.034375000000000086 0.6609375 8.094149938114538e-17 0.6609375 8.323771212954667e-17 0.6984375 0.034375000000000086 0.6984375
0 0.14843750000000008 0.6578125 0.10781250000000009 0.6578125 0.10781250000000009 0.690625 0.14843750000000008 0.690625
0 0.6890625000000001 0.9390625 0.6734375000000001 0.9390625 0.6734375000000001 0.978125 0.6890625000000001 0.978125
0 0.6718750000000002 0.8796875 0.6578125000000001 0.8796875 0.6578125000000001 0.9109375 0.6718750000000002 0.9109375
3 0.7453125000000002 0.9609375 0.7265625000000002 0.9609375 0.7265625000000002 1 0.7453125000000002 1
3 0.7484375000000002 0.8265625 0.7281250000000001 0.8265625 0.7281250000000001 0.8796875 0.7484375000000002 0.8796875
3 0.703125 0.6375 0.6890625 0.6375 0.6890625 0.675 0.703125 0.675
0 0.6796875000000002 0.76875 0.6687500000000002 0.76875 0.6687500000000002 0.79375 0.6796875000000002 0.79375
0 0.6859375 0.6890625 0.675 0.6890625 0.675 0.7125 0.6859375 0.7125
0 0.6984375 0.5296875 0.6890625 0.5296875 0.6890625 0.5484375 0.6984375 0.5484375
0 0.675 0.5609375 0.6671875 0.5609375 0.6671875 0.578125 0.675 0.578125
0 0.6890625 0.6109375 0.6796875 0.6109375 0.6796875 0.6328125 0.6890625 0.6328125