0 0.4625 0.615625 0.425 0.615625 0.425 0.6734375 0.4625 0.6734375
0 0.5234375000000002 0.7953125 0.5000000000000002 0.7953125 0.5000000000000002 0.8703125 0.5234375000000002 0.8703125
0 0.8015625 0.5187500000000002 0.7578125 0.5187500000000002 0.7578125 0.5625000000000002 0.8015625 0.5625000000000002
0 0.465625 0.12812500000000004 0.446875 0.12812500000000004 0.446875 0.19531250000000006 0.465625 0.19531250000000006
0 0.4921875 0.08750000000000006 0.4703125 0.08750000000000006 0.4703125 0.16718750000000004 0.4921875 0.16718750000000004
0 0.4921875 5.893612720896637e-17 0.4703125 5.759666977239896e-17 0.4703125 0.046875000000000056 0.4921875 0.046875000000000056
0 0.0750000000000001 0.7390625 0.02656250000000009 0.7390625 0.026562500000000093 0.7828125 0.0750000000000001 0.7828125
0 0.0843750000000001 0.790625 0.0390625000000001 0.790625 0.0390625000000001 0.834375 0.08437500000000012 0.834375
0 0.14843750000000008 0.7625 0.10000000000000009 0.7625 0.10000000000000009 0.8125 0.14843750000000008 0.8125
0 0.1468750000000001 0.7125 0.10312500000000009 0.7125 0.10312500000000009 0.75625 0.1468750000000001 0.75625
0 0.2000000000000001 0.6890625 0.15781250000000008 0.6890625 0.15781250000000008 0.73125 0.2000000000000001 0.73125
0 0.2140625000000001 0.7328125 0.1671875000000001 0.7328125 0.1671875000000001 0.775 0.2140625000000001 0.775
1 0.2906250000000001 0.7 0.2218750000000001 0.7 0.2218750000000001 0.7640625 0.2906250000000001 0.7640625
0 0.2828125000000001 0.65625 0.2406250000000001 0.65625 0.2406250000000001 0.7015625 0.2828125000000001 0.7015625
2 0.3203125000000001 0.7375 0.1546875000000001 0.7375 0.1546875000000001 0.85 0.3203125000000001 0.85
2 0.4671875000000002 0.728125 0.3625000000000001 0.728125 0.3625000000000001 0.8484375 0.4671875000000002 0.8484375