0 0.5453125 0.421875 0.521875 0.421875 0.521875 0.496875 0.5453125 0.496875
0 0.753125 0.5046875000000001 0.7109375 0.5046875 0.7109375 0.5421875 0.753125 0.5421875000000002
0 0.76875 0.4656250000000002 0.728125 0.4656250000000002 0.728125 0.4984375000000002 0.76875 0.4984375000000002
0 0.5859375 0.1859375000000001 0.565625 0.1859375000000001 0.565625 0.2500000000000001 0.5859375 0.2500000000000001
0 0.4671875 0.3031250000000001 0.434375 0.3031250000000001 0.434375 0.37187500000000007 0.4671875 0.37187500000000007
0 0.4109375 0.3984375000000001 0.3656250000000001 0.3984375000000001 0.3656250000000001 0.4546875 0.4109375 0.4546875
0 0.2843750000000001 0.4515625 0.24375000000000008 0.4515625 0.24375000000000008 0.4875 0.2843750000000001 0.4875
0 0.2468750000000001 0.5734375 0.2000000000000001 0.5734375 0.2000000000000001 0.609375 0.2468750000000001 0.609375
0 0.3140625000000001 0.5828125 0.2687500000000001 0.5828125 0.2687500000000001 0.615625 0.3140625000000001 0.615625
0 0.11718750000000008 0.5671875 0.06406250000000006 0.5671875 0.06406250000000006 0.60625 0.11718750000000008 0.60625
0 0.1843750000000001 0.5703125 0.1437500000000001 0.5703125 0.1437500000000001 0.6046875 0.1843750000000001 0.6046875
0 0.18593750000000003 0.4828125 0.13125000000000003 0.4828125 0.13125000000000003 0.521875 0.18593750000000003 0.521875
2 0.22031250000000008 0.61875 0.10156250000000008 0.61875 0.10156250000000008 0.66875 0.22031250000000008 0.66875
2 0.3078125000000001 0.6265625 0.2640625000000001 0.6265625 0.2640625000000001 0.659375 0.3078125000000001 0.659375
2 0.27031250000000007 0.675 0.2234375000000001 0.675 0.2234375000000001 0.7109375 0.27031250000000007 0.7109375
0 0.49375 0.11562500000000005 0.471875 0.11562500000000005 0.471875 0.19062500000000004 0.49375 0.19062500000000004
0 0.7765625 0.5515625000000002 0.7328125 0.5515625000000002 0.7328125 0.5828125000000002 0.7765625 0.5828125000000002
0 0.815625 0.5062500000000002 0.7703125 0.5062500000000002 0.7703125 0.5359375000000002 0.815625 0.5359375000000002
0 0.871875 0.5031250000000002 0.8265625 0.5031250000000002 0.8265625 0.5406250000000001 0.871875 0.5406250000000001
0 0.759375 0.6031250000000001 0.7203125 0.603125 0.7203125 0.6343750000000001 0.759375 0.6343750000000001
0 0.9296875 0.5015625000000001 0.8859375 0.5015625000000001 0.8859375 0.5359375000000002 0.9296875 0.5359375000000002
0 0.9984375 0.5046875000000002 0.9515625 0.5046875000000002 0.9515625 0.5390625000000002 0.9984375 0.5390625000000002