0 0.203125 0.228125 0.18906250000000005 0.228125 0.18906250000000005 0.2578125 0.203125 0.2578125
0 0.221875 0.23125 0.209375 0.23125 0.209375 0.2578125 0.221875 0.2578125
0 0.234375 0.19062500000000004 0.2203125 0.19062500000000004 0.2203125 0.21875 0.234375 0.21875
0 0.2234375 0.09218750000000002 0.2125 0.09218750000000002 0.2125 0.11093750000000005 0.2234375 0.11093750000000005
0 0.2109375 0.06875000000000002 0.2 0.06875000000000002 0.2 0.08906250000000002 0.2109375 0.08906250000000002
0 0.3 0.08281250000000004 0.2875 0.08281250000000004 0.2875 0.10625000000000004 0.3 0.10625000000000004
0 0.309375 0.13437500000000005 0.296875 0.13437500000000005 0.296875 0.15937500000000004 0.309375 0.15937500000000004
0 0.3296875 0.240625 0.315625 0.240625 0.315625 0.275 0.3296875 0.275
0 0.334375 0.2765625 0.3203125 0.2765625 0.3203125 0.2890625 0.334375 0.2890625
0 0.2796875 0.12500000000000006 0.2609375 0.12500000000000006 0.2609375 0.14062500000000006 0.2796875 0.14062500000000006
0 0.2796875 0.13906250000000003 0.2609375 0.13906250000000003 0.2609375 0.15312500000000004 0.2796875 0.15312500000000004
0 0.2828125 0.15468750000000003 0.2640625 0.15468750000000003 0.2640625 0.17187500000000006 0.2828125 0.17187500000000006
0 0.2859375 0.16875000000000004 0.265625 0.16875000000000004 0.265625 0.18437500000000004 0.2859375 0.18437500000000004
0 0.284375 0.18125000000000005 0.265625 0.18125000000000005 0.265625 0.19531250000000006 0.284375 0.19531250000000006
0 0.2890625 0.19218750000000004 0.26875 0.19218750000000004 0.26875 0.2078125 0.2890625 0.2078125
0 0.2921875 0.2015625 0.26875 0.2015625 0.26875 0.2203125 0.2921875 0.2203125
0 0.2921875 0.2140625 0.2703125 0.2140625 0.2703125 0.2328125 0.2921875 0.2328125
0 0.29375 0.2265625 0.271875 0.2265625 0.271875 0.24375 0.29375 0.24375
0 0.296875 0.2359375 0.271875 0.2359375 0.271875 0.259375 0.296875 0.259375
0 0.3 0.2640625 0.275 0.2640625 0.275 0.2828125 0.3 0.2828125
0 0.3015625 0.275 0.278125 0.275 0.278125 0.2890625 0.3015625 0.2890625
3 0.3140625 0.16093750000000004 0.3015625 0.16093750000000004 0.3015625 0.19218750000000004 0.3140625 0.19218750000000004
0 0.1703125 0.09687500000000002 0.1546875 0.09687500000000002 0.1546875 0.1171875 0.1703125 0.1171875
0 0.1734375 0.08281250000000002 0.1546875 0.08281250000000002 0.1546875 0.103125 0.1734375 0.103125
0 0.1703125 0.07500000000000002 0.153125 0.07500000000000002 0.153125 0.09218750000000002 0.1703125 0.09218750000000002
0 0.1703125 0.06562500000000002 0.1515625 0.06562500000000002 0.1515625 0.08281250000000002 0.1703125 0.08281250000000002
0 0.171875 0.050000000000000024 0.153125 0.050000000000000024 0.153125 0.06718750000000002 0.171875 0.06718750000000002
3 0.29375 0.057812500000000044 0.2828125 0.057812500000000044 0.2828125 0.08281250000000004 0.29375 0.08281250000000004
0 0.290625 0.040625000000000036 0.28125 0.040625000000000036 0.28125 0.06093750000000005 0.290625 0.06093750000000005
0 0.2859375 0.025000000000000033 0.278125 0.025000000000000033 0.278125 0.040625000000000036 0.2859375 0.040625000000000036
0 0.2828125 0.006250000000000033 0.2734375 0.006250000000000033 0.2734375 0.025000000000000033 0.2828125 0.025000000000000033
0 0.2796875 3.367778697655221e-17 0.2703125 3.3103733789451887e-17 0.2703125 0.006250000000000033 0.2796875 0.006250000000000033
0 0.2171875 0.02031250000000003 0.2078125 0.02031250000000003 0.2078125 0.035937500000000025 0.2171875 0.035937500000000025
0 0.5546875 0.12343750000000006 0.5265625 0.12343750000000005 0.5265625 0.2250000000000001 0.5546875 0.2250000000000001
0 0.5453125 0.2171875000000001 0.521875 0.2171875000000001 0.521875 0.2890625000000001 0.5453125 0.2890625000000001
0 0.6421875 0.10156250000000008 0.615625 0.10156250000000008 0.615625 0.18750000000000008 0.6421875 0.18750000000000008
0 0.73125 8.725608443924891e-17 0.69375 8.495987169084762e-17 0.69375 0.012500000000000086 0.73125 0.01250000000000009
0 0.13281250000000008 0.7859375 0.0828125000000001 0.7859375 0.0828125000000001 0.84375 0.13281250000000008 0.84375
0 0.035937500000000074 0.584375 7.156529732517345e-17 0.584375 7.500961644777537e-17 0.640625 0.03593750000000008 0.640625
0 0.2734375000000001 0.7109375 0.2296875000000001 0.7109375 0.2296875000000001 0.75 0.2734375000000001 0.75
0 0.18125000000000008 0.684375 0.1375000000000001 0.684375 0.1375000000000001 0.71875 0.18125000000000008 0.71875
0 0.1671875000000001 0.6359375 0.12031250000000009 0.6359375 0.12031250000000009 0.675 0.1671875000000001 0.675
0 0.2156250000000001 0.6265625 0.17343750000000008 0.6265625 0.17343750000000008 0.6625 0.2156250000000001 0.6625
0 0.2921875000000001 0.609375 0.24375000000000008 0.609375 0.24375000000000008 0.65 0.2921875000000001 0.65
0 0.3546875000000001 0.5984375 0.3046875000000001 0.5984375 0.3046875000000001 0.6375 0.3546875000000001 0.6375
0 0.34062500000000007 0.646875 0.2921875000000001 0.646875 0.2921875000000001 0.6859375 0.34062500000000007 0.6859375
0 0.6609375000000002 0.91875 0.6390625000000002 0.91875 0.6390625000000002 1 0.6609375000000002 1
0 0.7531250000000002 0.80625 0.7250000000000002 0.80625 0.7250000000000002 0.8515625 0.7531250000000002 0.8515625
0 0.853125 0.8453125 0.8265625 0.8453125 0.8265625 0.8921875 0.853125 0.8921875
0 0.459375 0.603125 0.43125 0.603125 0.43125 0.6546875 0.459375 0.6546875
0 0.8265625 0.8546875 0.809375 0.8546875 0.809375 0.890625 0.8265625 0.890625
0 0.471875 0.6625 0.446875 0.6625 0.446875 0.70625 0.471875 0.70625
0 0.4750000000000001 0.7171875 0.45 0.7171875 0.45000000000000007 0.7640625 0.4750000000000002 0.7640625
0 0.50625 0.675 0.484375 0.675 0.484375 0.71875 0.50625 0.71875
0 0.5078125000000001 0.715625 0.4796875 0.715625 0.4796875000000001 0.7703125 0.5078125000000002 0.7703125
0 0.5437500000000002 0.7296875 0.5171875000000001 0.7296875 0.5171875000000001 0.775 0.5437500000000002 0.775
0 0.5718750000000001 0.7328125 0.5500000000000002 0.7328125 0.5500000000000002 0.775 0.5718750000000001 0.775
0 0.5390625 0.66875 0.5109375 0.66875 0.5109375 0.715625 0.5390625 0.715625
0 0.5609375 0.6 0.5328125 0.6 0.5328125 0.6578125 0.5609375 0.6578125
0 0.61875 0.61875 0.5921875 0.61875 0.5921875 0.6625 0.61875 0.6625
0 0.65625 0.6109375 0.628125 0.6109375 0.628125 0.6640625 0.65625 0.6640625
0 0.678125 0.6203125 0.6578125 0.6203125 0.6578125 0.6640625 0.678125 0.6640625
0 0.709375 0.61875 0.684375 0.61875 0.684375 0.6609375 0.709375 0.6609375
0 0.753125 0.6171875000000002 0.7265625 0.6171875000000002 0.7265625 0.6625000000000002 0.753125 0.6625000000000002
0 0.9921875 0.2968750000000001 0.9640625 0.2968750000000001 0.9640625 0.3734375000000001 0.9921875 0.3734375000000001
0 0.975 0.8890625 0.953125 0.8890625 0.953125 0.93125 0.975 0.93125
0 0.996875 0.8859375 0.9734375 0.8859375 0.9734375 0.928125 0.996875 0.928125
0 1 0.5593750000000002 0.9921875 0.5593750000000002 0.9921875 0.6031250000000001 1 0.6031250000000001
0 0.878125 0.5734375000000002 0.8546875 0.5734375000000002 0.8546875 0.6125000000000002 0.878125 0.6125000000000002
0 0.8578125 0.5750000000000002 0.8375 0.5750000000000002 0.8375 0.6171875000000002 0.8578125 0.6171875000000002
0 0.8359375 0.5640625000000001 0.809375 0.5640625000000001 0.809375 0.6171875000000002 0.8359375 0.6171875000000002
0 0.8109375 0.5765625000000002 0.7859375 0.5765625000000002 0.7859375 0.6187500000000001 0.8109375 0.6187500000000001
0 0.7859375 0.5734375000000002 0.7671875 0.5734375000000002 0.7671875 0.6171875000000002 0.7859375 0.6171875000000002
0 0.765625 0.5734375000000002 0.74375 0.5734375000000002 0.74375 0.6125000000000002 0.765625 0.6125000000000002
0 0.7421875 0.5671875000000001 0.715625 0.5671875 0.715625 0.6156250000000001 0.7421875 0.6156250000000002
0 0.7140625 0.5703125 0.690625 0.5703125 0.690625 0.609375 0.7140625 0.609375
0 0.6890625 0.571875 0.665625 0.571875 0.665625 0.6140625 0.6890625 0.6140625
0 0.665625 0.56875 0.64375 0.56875 0.64375 0.6125 0.665625 0.6125
0 0.6390625 0.5671875 0.61875 0.5671875 0.61875 0.6109375 0.6390625 0.6109375
0 0.61875 0.56875 0.5953125 0.56875 0.5953125 0.6109375 0.61875 0.6109375
0 0.59375 0.565625 0.5734375 0.565625 0.5734375 0.6078125 0.59375 0.6078125
0 0.571875 0.565625 0.55 0.565625 0.55 0.6078125 0.571875 0.6078125
0 0.6500000000000001 0.8296875 0.6281250000000002 0.8296875 0.6281250000000002 0.871875 0.6500000000000001 0.871875
2 0.5296875 0.56875 0.4625 0.56875 0.4625 0.6609375 0.5296875 0.6609375