2 0.16562500000000005 0.209375 0.06562500000000002 0.209375 0.06562500000000002 0.25 0.16562500000000005 0.25
3 0.3328125 0.24375 0.2984375 0.24375 0.2984375 0.3046875 0.3328125 0.3046875
0 0.3046875 0.13593750000000004 0.278125 0.13593750000000004 0.278125 0.16093750000000004 0.3046875 0.16093750000000004
0 0.04375000000000002 0.115625 0.015625000000000017 0.115625 0.015625000000000017 0.1375 0.043750000000000025 0.1375
0 0.09375000000000003 0.1421875 0.06250000000000003 0.1421875 0.06250000000000003 0.16875 0.09375000000000003 0.16875
0 0.13125 0.14375 0.103125 0.14375 0.103125 0.16875 0.13125 0.16875
0 0.1859375 0.14687500000000003 0.1578125 0.146875 0.1578125 0.17187500000000003 0.1859375 0.17187500000000006
0 0.2265625 0.14843750000000006 0.196875 0.14843750000000006 0.196875 0.16875000000000004 0.2265625 0.16875000000000004
0 0.228125 0.17187500000000006 0.196875 0.17187500000000006 0.19687500000000002 0.19531250000000006 0.228125 0.19531250000000006
0 0.13593750000000004 0.3265625 0.10468750000000004 0.3265625 0.10468750000000004 0.3515625 0.13593750000000004 0.3515625
0 0.050000000000000044 0.2828125 0.020312500000000032 0.2828125 0.020312500000000035 0.30625 0.050000000000000044 0.30625
0 0.3906250000000001 0.3765625 0.3593750000000001 0.3765625 0.3593750000000001 0.4109375 0.3906250000000001 0.4109375
0 0.3375000000000001 0.465625 0.3156250000000001 0.465625 0.3156250000000001 0.51875 0.3375000000000001 0.51875
0 0.27812500000000007 0.3984375 0.26250000000000007 0.3984375 0.26250000000000007 0.4484375 0.27812500000000007 0.4484375
0 0.9265625 0.19375000000000012 0.8953125 0.1937500000000001 0.8953125 0.22031250000000008 0.9265625 0.22031250000000008
0 0.95625 0.16093750000000012 0.921875 0.16093750000000012 0.921875 0.18593750000000014 0.95625 0.18593750000000014
0 0.8703125 0.1546875000000001 0.8390625 0.1546875000000001 0.8390625 0.17968750000000008 0.8703125 0.17968750000000008
0 0.921875 0.02656250000000011 0.890625 0.02656250000000011 0.890625 0.05156250000000011 0.921875 0.05156250000000011
0 0.7828125 0.017187500000000095 0.75625 0.017187500000000095 0.75625 0.05625000000000009 0.7828125 0.05625000000000009
3 0.7984375 9.577120671457036e-17 0.765625 9.376202055971923e-17 0.765625 0.025000000000000095 0.7984375 0.0250000000000001
3 0.71875 0.1140625000000001 0.68125 0.1140625000000001 0.68125 0.14843750000000008 0.71875 0.14843750000000008
2 0.7375 0.042187500000000086 0.6375 0.04218750000000008 0.6375 0.08593750000000008 0.7375 0.08593750000000008
0 0.7921875 0.14218750000000008 0.7640625 0.14218750000000008 0.7640625 0.16562500000000008 0.7921875 0.16562500000000008
0 0.8421875 0.2375000000000001 0.8125 0.2375000000000001 0.8125 0.2890625000000001 0.8421875 0.2890625000000001
0 0.7515625 0.2687500000000001 0.7328125 0.2687500000000001 0.7328125 0.3218750000000001 0.7515625 0.3218750000000001
0 0.73125 0.1984375000000001 0.7046875 0.1984375000000001 0.7046875 0.24218750000000008 0.73125 0.24218750000000008
3 0.8046875 0.5859375000000002 0.78125 0.5859375000000002 0.78125 0.6390625000000002 0.8046875 0.6390625000000002
0 0.8140625 0.3671875000000001 0.7953125 0.3671875000000001 0.7953125 0.4312500000000002 0.8140625 0.4312500000000002
0 0.7765625 0.3437500000000001 0.7609375 0.3437500000000001 0.7609375 0.3921875000000001 0.7765625 0.3921875000000001
0 0.7734375 0.4343750000000002 0.7578125 0.4343750000000002 0.7578125 0.4937500000000002 0.7734375 0.4937500000000002
0 0.7671875 0.5125000000000002 0.7515625 0.5125000000000002 0.7515625 0.5781250000000002 0.7671875 0.5781250000000002
0 0.7640625 0.6015625000000002 0.7453125 0.6015625000000002 0.7453125 0.6390625000000002 0.7640625 0.6390625000000002
0 0.4515625 0.10625000000000004 0.4203125 0.10625000000000004 0.4203125 0.13125000000000003 0.4515625 0.13125000000000003
0 0.4984375 0.16718750000000004 0.4671875 0.16718750000000004 0.4671875 0.19218750000000004 0.4984375 0.19218750000000004
0 0.3046875000000001 0.9234375 0.29375000000000007 0.9234375 0.29375000000000007 1 0.3046875000000001 1
0 0.3359375000000001 0.778125 0.3109375000000001 0.778125 0.3109375000000001 0.8296875 0.3359375000000001 0.8296875
0 0.2375000000000001 0.815625 0.2140625000000001 0.815625 0.2140625000000001 0.86875 0.2375000000000001 0.86875
0 0.2531250000000001 0.828125 0.2390625000000001 0.828125 0.2390625000000001 0.8703125 0.2531250000000001 0.8703125
0 0.4 0.6734375 0.3843750000000001 0.6734375 0.3843750000000001 0.7234375 0.4 0.7234375
0 0.3750000000000001 0.6859375 0.3578125000000001 0.6859375 0.3578125000000001 0.728125 0.3750000000000001 0.728125
0 0.4 0.6390625 0.3812500000000001 0.6390625 0.3812500000000001 0.6640625 0.4 0.6640625
0 0.6703125000000002 0.9796875 0.6250000000000002 0.9796875 0.6250000000000002 1 0.6703125000000002 1
0 0.809375 0.7062500000000002 0.7625 0.7062500000000002 0.7625000000000001 0.7812500000000002 0.809375 0.7812500000000002
0 0.8546875 0.6390625000000002 0.8109375 0.6390625000000002 0.8109375 0.6796875000000002 0.8546875 0.6796875000000002
0 0.853125 0.7421875000000002 0.8203125 0.7421875000000002 0.8203125 0.7890625000000002 0.853125 0.7890625000000002