2 0.540625 0.35625000000000007 0.44375 0.35625000000000007 0.44375 0.39531250000000007 0.540625 0.39531250000000007
2 0.7265625 0.3750000000000001 0.5625 0.3750000000000001 0.5625 0.4218750000000001 0.7265625 0.42187500000000017
0 0.12500000000000006 0.3421875 0.09531250000000005 0.3421875 0.09531250000000005 0.365625 0.12500000000000006 0.365625
0 0.20625000000000004 0.3421875 0.17500000000000004 0.3421875 0.17500000000000004 0.365625 0.2062500000000001 0.365625
0 0.3484375 0.3140625 0.3171875 0.3140625 0.3171875 0.3390625 0.3484375 0.3390625
0 0.11406250000000004 0.48125 0.07968750000000006 0.48125 0.07968750000000006 0.503125 0.11406250000000004 0.503125
0 0.24218750000000008 0.50625 0.2093750000000001 0.50625 0.2093750000000001 0.53125 0.24218750000000008 0.53125
3 0.2062500000000001 0.471875 0.16875000000000004 0.471875 0.16875000000000004 0.5015625 0.2062500000000001 0.5015625
0 0.3468750000000001 0.471875 0.3187500000000001 0.471875 0.3187500000000001 0.496875 0.3468750000000001 0.496875
0 0.3437500000000001 0.5046875 0.30937500000000007 0.5046875 0.30937500000000007 0.528125 0.3437500000000001 0.528125
0 0.4421875 0.465625 0.409375 0.465625 0.409375 0.490625 0.4421875 0.490625
0 0.4609375 0.634375 0.4421875 0.634375 0.4421875 0.684375 0.4609375 0.684375
0 0.5203125 0.5765625 0.50625 0.5765625 0.50625 0.621875 0.5203125 0.621875
0 0.4515625000000002 0.790625 0.4390625000000002 0.790625 0.4390625000000002 0.8515625 0.4515625000000002 0.8515625
0 0.55 0.4671875 0.51875 0.4671875 0.51875 0.490625 0.55 0.490625
0 0.6421875 0.4546875 0.6140625 0.4546875 0.6140625 0.48125 0.6421875 0.48125
0 0.7203125 0.4859375 0.6921875 0.4859375 0.6921875 0.5125 0.7203125 0.5125
0 0.5828125 0.3109375000000001 0.55 0.3109375000000001 0.55 0.3359375000000001 0.5828125 0.3359375000000001
0 0.6734375 0.2843750000000001 0.64375 0.2843750000000001 0.64375 0.30937500000000007 0.6734375 0.30937500000000007
0 0.71875 0.2609375000000001 0.690625 0.2609375000000001 0.690625 0.2812500000000001 0.71875 0.2812500000000001
0 0.715625 0.2828125000000001 0.6859375 0.2828125000000001 0.6859375 0.3078125000000001 0.715625 0.3078125000000001
0 0.921875 0.4125000000000002 0.8953125 0.4125000000000002 0.8953125 0.4359375000000002 0.921875 0.4359375000000002
0 0.8546875 0.41406250000000017 0.825 0.41406250000000017 0.825 0.43750000000000017 0.8546875 0.43750000000000017
0 0.8671875 0.45312500000000017 0.8375 0.45312500000000017 0.8375 0.4750000000000002 0.8671875 0.4750000000000002