2 0.590625 0.39531250000000007 0.5640625 0.39531250000000007 0.5640625 0.58125 0.590625 0.58125
2 0.44218750000000007 0.6671875 0.2765625000000001 0.6671875 0.2765625000000001 0.7296875 0.4421875000000002 0.7296875
0 0.5578125000000002 0.740625 0.5296875000000002 0.740625 0.5296875000000002 0.821875 0.5578125000000002 0.821875
0 0.5921875000000001 0.665625 0.5703125 0.665625 0.5703125000000001 0.7453125 0.5921875000000002 0.7453125
0 0.6421875000000001 0.7453125 0.6156250000000002 0.7453125 0.6156250000000002 0.8234375 0.6421875000000001 0.8234375
0 0.5031250000000002 0.8953125 0.4812500000000002 0.8953125 0.4812500000000002 0.9734375 0.5031250000000002 0.9734375
0 0.5265625 0.020312500000000063 0.50625 0.02031250000000006 0.50625 0.09687500000000007 0.5265625 0.09687500000000007
0 0.659375 0.4171875 0.6234375 0.4171875 0.6234375 0.4609375 0.659375 0.4609375
0 0.7734375 0.4906250000000002 0.7328125 0.4906250000000002 0.7328125 0.5234375000000002 0.7734375 0.5234375000000002
0 0.7734375 0.6265625000000001 0.7328125 0.6265625000000001 0.7328125 0.6609375000000002 0.7734375 0.6609375000000002
0 0.8484375 0.48750000000000016 0.809375 0.48750000000000016 0.809375 0.5187500000000002 0.8484375 0.5187500000000002
0 0.95 0.47968750000000016 0.90625 0.47968750000000016 0.90625 0.5125000000000002 0.95 0.5125000000000002
0 0.18906250000000005 0.4921875 0.14375000000000004 0.4921875 0.14375000000000004 0.5234375 0.18906250000000005 0.5234375
3 0.8046875 0.4515625000000002 0.7625 0.4515625000000002 0.7625 0.4859375000000002 0.8046875 0.4859375000000002