3 0.41875 4.984695174654461e-17 0.3953125 4.8411818778793805e-17 0.3953125 0.02343750000000005 0.41875 0.02343750000000005
0 0.6109375 0.2984375000000001 0.5671875 0.2984375000000001 0.5671875 0.3531250000000001 0.6109375 0.3531250000000001
0 0.7125 0.04531250000000008 0.6671875 0.045312500000000075 0.6671875 0.10312500000000009 0.7125 0.10312500000000009
0 0.6671875 0.04062500000000008 0.6296875 0.04062500000000008 0.6296875 0.09062500000000008 0.6671875 0.0906250000000001
0 0.4328125 0.10781250000000005 0.41875 0.10781250000000005 0.41875 0.15937500000000004 0.4328125 0.15937500000000004
0 0.6265625 0.04218750000000008 0.590625 0.04218750000000008 0.590625 0.08906250000000007 0.6265625 0.08906250000000007
0 0.59375 0.04687500000000007 0.559375 0.04687500000000007 0.559375 0.09375000000000007 0.59375 0.09375000000000007
0 0.5640625 0.05312500000000007 0.5265625 0.05312500000000007 0.5265625 0.09687500000000007 0.5640625 0.09687500000000007
0 0.5171875 0.05156250000000007 0.478125 0.05156250000000007 0.478125 0.10000000000000005 0.5171875 0.10000000000000005
0 0.7734375 0.16406250000000008 0.728125 0.16406250000000008 0.728125 0.22656250000000008 0.7734375 0.22656250000000008
0 0.8875 0.1984375000000001 0.85 0.1984375000000001 0.85 0.25468750000000007 0.8875 0.25468750000000007
0 1 0.2218750000000001 0.9640625 0.2218750000000001 0.9640625 0.2875000000000001 1 0.2875000000000001
0 0.9390625 0.35625000000000007 0.89375 0.35625000000000007 0.89375 0.4359375000000002 0.9390625 0.4359375000000002
0 0.4359375 0.4453125 0.41875 0.4453125 0.41875 0.49375 0.4359375 0.49375
0 0.4921875 0.428125 0.4578125 0.428125 0.4578125 0.4734375 0.4921875 0.4734375
0 0.528125 0.425 0.49375 0.425 0.49375 0.4703125 0.528125 0.4703125
0 0.565625 0.41875 0.5296875 0.41875 0.5296875 0.465625 0.565625 0.465625
0 0.6078125 0.415625 0.5671875 0.415625 0.5671875 0.4671875 0.6078125 0.4671875
0 0.6421875 0.415625 0.60625 0.415625 0.60625 0.465625 0.6421875 0.465625
0 0.6859375 0.4125 0.6484375 0.4125 0.6484375 0.4625 0.6859375 0.4625
0 0.7078125 0.409375 0.6796875 0.409375 0.6796875 0.4546875 0.7078125 0.4546875
0 0.7421875 0.41093750000000007 0.703125 0.4109375 0.703125 0.4562500000000001 0.7421875 0.45625000000000016
0 0.7875 0.40937500000000016 0.746875 0.40937500000000016 0.746875 0.46093750000000017 0.7875 0.46093750000000017
0 0.8546875 0.4046875000000002 0.8203125 0.4046875000000002 0.8203125 0.45625000000000016 0.8546875 0.45625000000000016
0 0.14843750000000008 0.76875 0.10000000000000009 0.76875 0.10000000000000009 0.809375 0.14843750000000008 0.809375
0 0.1625000000000001 0.8109375 0.11250000000000009 0.8109375 0.11250000000000009 0.85625 0.1625000000000001 0.85625
0 0.4187500000000002 0.75 0.4109375000000002 0.75 0.4109375000000002 0.828125 0.4187500000000002 0.828125
0 0.3421875000000001 0.55 0.3078125000000001 0.55 0.3078125000000001 0.5859375 0.3421875000000001 0.5859375
0 0.5343750000000002 0.84375 0.4937500000000002 0.84375 0.4937500000000002 0.9078125 0.5343750000000002 0.9078125
0 0.5781250000000002 0.79375 0.5281250000000002 0.79375 0.5281250000000002 0.8703125 0.5781250000000002 0.8703125
0 0.7187500000000002 0.9765625 0.6765625000000002 0.9765625 0.6765625000000002 1 0.7187500000000002 1
0 0.8453125 0.5843750000000001 0.703125 0.584375 0.7031250000000001 0.7796875000000001 0.8453125 0.7796875000000002
0 0.88125 0.7078125000000002 0.8390625 0.7078125000000002 0.8390625 0.7609375000000002 0.88125 0.7609375000000002
0 0.8796875 0.9109375 0.828125 0.9109375 0.828125 0.9734375 0.8796875 0.9734375