0 0.18906250000000005 0.365625 0.14843750000000006 0.365625 0.14843750000000006 0.403125 0.18906250000000005 0.403125
0 0.050000000000000044 0.4015625 0.0015625000000000493 0.4015625 0.0015625000000000521 0.446875 0.050000000000000044 0.446875
0 0.054687500000000035 0.221875 0.014062500000000028 0.221875 0.01406250000000003 0.2921875 0.05468750000000004 0.2921875
0 0.07500000000000001 0.059375 0.04531250000000001 0.059375 0.04531250000000001 0.125 0.07500000000000002 0.125
0 0.3171875 0.3140625 0.278125 0.3140625 0.278125 0.35 0.3171875 0.35
0 0.33125 0.253125 0.290625 0.253125 0.290625 0.29375 0.33125 0.29375
0 0.334375 0.209375 0.290625 0.209375 0.290625 0.2484375 0.334375 0.2484375
0 0.4 0.21875000000000006 0.3578125 0.21875 0.3578125 0.26093750000000004 0.4 0.2609375000000001
0 0.46875 0.4234375 0.4578125 0.4234375 0.4578125 0.4640625 0.46875 0.4640625
0 0.4375 0.3203125000000001 0.3953125 0.3203125000000001 0.3953125 0.3609375000000001 0.4375 0.3609375000000001
0 0.3796875 0.3140625 0.3359375 0.3140625 0.3359375 0.35625000000000007 0.3796875 0.35625000000000007
0 0.384375 0.26250000000000007 0.3359375 0.2625 0.3359375 0.30468750000000006 0.384375 0.3046875000000001
0 0.4546875 0.2250000000000001 0.4109375 0.2250000000000001 0.4109375 0.2656250000000001 0.4546875 0.2656250000000001
1 0.30781250000000004 0.353125 0.2453125 0.353125 0.24531250000000004 0.403125 0.3078125000000001 0.403125
0 0.4375 0.2734375000000001 0.3921875 0.2734375000000001 0.3921875 0.3125000000000001 0.4375 0.3125000000000001
0 0.528125 0.2765625000000001 0.4953125 0.2765625000000001 0.4953125 0.3031250000000001 0.528125 0.3031250000000001
0 0.6125 0.07343750000000007 0.578125 0.07343750000000007 0.578125 0.10156250000000008 0.6125 0.10156250000000008
0 0.603125 0.13281250000000008 0.5734375 0.13281250000000008 0.5734375 0.17343750000000008 0.603125 0.17343750000000008
3 0.590625 0.11250000000000009 0.5546875 0.11250000000000009 0.5546875 0.1437500000000001 0.590625 0.1437500000000001
3 0.684375 0.2234375000000001 0.6453125 0.2234375000000001 0.6453125 0.2609375000000001 0.684375 0.2609375000000001
2 0.7234375 0.15000000000000008 0.6203125 0.15000000000000008 0.6203125 0.2000000000000001 0.7234375 0.2000000000000001
0 0.603125 0.2578125000000001 0.5734375 0.2578125000000001 0.5734375 0.2828125000000001 0.603125 0.2828125000000001
0 0.5625 0.35625000000000007 0.5296875 0.35625000000000007 0.5296875 0.409375 0.5625 0.409375
0 0.64375 0.3812500000000001 0.621875 0.3812500000000001 0.621875 0.4359375 0.64375 0.4359375
0 0.6671875 0.30937500000000007 0.6375 0.30937500000000007 0.6375 0.3546875000000001 0.6671875 0.3546875000000001
0 0.5875 0.484375 0.565625 0.484375 0.565625 0.5390625 0.5875 0.5390625
0 0.621875 0.459375 0.603125 0.459375 0.603125 0.509375 0.621875 0.509375
0 0.984375 0.19375000000000014 0.9546875 0.19375000000000014 0.9546875 0.22031250000000008 0.984375 0.22031250000000008
0 0.9421875 0.19843750000000013 0.909375 0.19843750000000013 0.909375 0.2250000000000001 0.9421875 0.2250000000000001
0 0.9015625 0.26250000000000007 0.86875 0.26250000000000007 0.86875 0.2890625000000001 0.9015625 0.2890625000000001
0 0.009375000000000081 0.640625 7.845393557037732e-17 0.640625 8.017609513167828e-17 0.66875 0.009375000000000083 0.66875
0 0.05937500000000008 0.61875 0.02656250000000008 0.61875 0.02656250000000008 0.64375 0.05937500000000009 0.64375
0 0.2218750000000001 0.6015625 0.1921875000000001 0.6015625 0.1921875000000001 0.628125 0.2218750000000001 0.628125
0 0.3109375000000001 0.6234375 0.2843750000000001 0.6234375 0.2843750000000001 0.65 0.3109375000000001 0.65
0 0.3828125000000001 0.65625 0.3578125000000001 0.65625 0.3578125000000001 0.6953125 0.3828125000000001 0.6953125
0 0.3671875000000001 0.81875 0.34843750000000007 0.81875 0.34843750000000007 0.871875 0.3671875000000001 0.871875
0 0.3296875000000001 0.8 0.2968750000000001 0.8 0.2968750000000001 0.8328125 0.3296875000000001 0.8328125
0 0.3125000000000001 0.7609375 0.27812500000000007 0.7609375 0.27812500000000007 0.7921875 0.3125000000000001 0.7921875
0 0.2687500000000001 0.7671875 0.23437500000000008 0.7671875 0.23437500000000008 0.7921875 0.2687500000000001 0.7921875
0 0.21875000000000008 0.771875 0.1843750000000001 0.771875 0.1843750000000001 0.8 0.21875000000000008 0.8
0 0.1750000000000001 0.778125 0.1390625000000001 0.778125 0.1390625000000001 0.80625 0.1750000000000001 0.80625
0 0.1312500000000001 0.7828125 0.09687500000000009 0.7828125 0.09687500000000009 0.8109375 0.1312500000000001 0.8109375
0 0.1546875000000001 0.81875 0.11875000000000009 0.81875 0.11875000000000009 0.8484375 0.1546875000000001 0.8484375
0 0.2078125000000001 0.8140625 0.17187500000000008 0.8140625 0.17187500000000008 0.8421875 0.2078125000000001 0.8421875
0 0.2500000000000001 0.8015625 0.2156250000000001 0.8015625 0.2156250000000001 0.8296875 0.2500000000000001 0.8296875
0 0.2953125000000001 0.796875 0.26250000000000007 0.796875 0.26250000000000007 0.825 0.2953125000000001 0.825
0 0.44531250000000017 0.9578125 0.42500000000000016 0.9578125 0.42500000000000016 1 0.44531250000000017 1
3 0.09687500000000011 0.8203125 0.05156250000000011 0.8203125 0.05156250000000011 0.8546875 0.09687500000000011 0.8546875
0 0.7546875000000002 0.86875 0.7203125000000001 0.86875 0.7203125000000001 0.934375 0.7546875000000002 0.934375
0 0.47968750000000016 0.75 0.46875000000000017 0.75 0.46875000000000017 0.81875 0.47968750000000016 0.81875
0 0.7921875 0.5859375000000002 0.7515625 0.5859375000000002 0.7515625 0.6484375000000002 0.7921875 0.6484375000000002