2 0.03437500000000003 0.2625 3.214697847761802e-17 0.2625 3.5112919944303015e-17 0.3109375 0.03437500000000003 0.3109375
2 0.221875 0.2671875 0.05468750000000002 0.2671875 0.054687500000000035 0.328125 0.221875 0.328125
0 0.03437500000000006 0.4859375 0.015625000000000062 0.4859375 0.015625000000000062 0.5296875 0.034375000000000065 0.5296875
0 0.05312500000000005 0.3734375 0.018750000000000044 0.3734375 0.018750000000000048 0.4 0.05312500000000005 0.4
0 0.14218750000000005 0.3546875 0.11250000000000004 0.3546875 0.11250000000000004 0.3828125 0.14218750000000005 0.3828125
0 0.2250000000000001 0.3765625 0.19375000000000003 0.3765625 0.19375000000000003 0.40625 0.2250000000000001 0.40625
0 0.07187500000000002 0.215625 0.03750000000000002 0.215625 0.037500000000000026 0.24375 0.07187500000000002 0.24375
0 0.15937500000000002 0.18125 0.128125 0.18125 0.12812500000000002 0.209375 0.15937500000000004 0.209375
0 0.203125 0.153125 0.171875 0.153125 0.171875 0.1765625 0.203125 0.17656250000000004
0 0.2015625 0.1765625 0.16875 0.1765625 0.16875 0.2046875 0.2015625 0.2046875
0 0.41875 0.2875000000000001 0.3890625 0.2875000000000001 0.3890625 0.3140625000000001 0.41875 0.3140625000000001
0 0.3515625 0.29375 0.31875 0.29375 0.31875 0.3203125 0.3515625 0.3203125
0 0.3671875 0.33281250000000007 0.334375 0.3328125 0.334375 0.35781250000000003 0.3671875 0.3578125000000001
0 0.6875 0.26250000000000007 0.6515625 0.26250000000000007 0.6515625 0.3109375000000001 0.6875 0.3109375000000001
0 0.5390625 0.03750000000000007 0.5046875 0.03750000000000007 0.5046875 0.08281250000000007 0.5390625 0.08281250000000007
0 0.6 7.137394626280668e-17 0.565625 6.926908457677216e-17 0.565625 0.03281250000000007 0.6 0.03281250000000008
0 0.559375 6.668584523482072e-17 0.5296875 6.486801014233636e-17 0.5296875 0.028125000000000067 0.559375 0.028125000000000067
0 0.525 6.218909526920153e-17 0.490625 6.008423358316702e-17 0.490625 0.023437500000000062 0.525 0.023437500000000066
0 0.91875 0.02968750000000011 0.88125 0.02968750000000011 0.88125 0.08281250000000011 0.91875 0.08281250000000011
0 0.875 0.017187500000000105 0.84375 0.017187500000000105 0.84375 0.0640625000000001 0.875 0.0640625000000001
0 0.678125 0.05468750000000009 0.646875 0.05468750000000009 0.646875 0.0984375000000001 0.678125 0.0984375000000001
0 0.5921875 0.09218750000000006 0.559375 0.09218750000000006 0.559375 0.14062500000000008 0.5921875 0.14062500000000008
0 0.8359375 0.009375000000000102 0.8046875 0.0093750000000001 0.8046875 0.0562500000000001 0.8359375 0.05625000000000011
0 0.8015625 0.007812500000000095 0.771875 0.007812500000000094 0.771875 0.057812500000000086 0.8015625 0.057812500000000086
0 0.771875 0.010937500000000093 0.7390625 0.010937500000000091 0.7390625 0.05312500000000009 0.771875 0.05312500000000009
0 0.7265625 0.0015625000000000868 0.6921875 0.0015625000000000847 0.6921875 0.04687500000000009 0.7265625 0.04687500000000009
0 0.5515625 0.3859375000000001 0.5171875 0.3859375000000001 0.5171875 0.434375 0.5515625 0.434375
0 0.5859375 0.3812500000000001 0.553125 0.3812500000000001 0.553125 0.4265625 0.5859375 0.4265625
0 0.6453125 0.3703125000000001 0.6140625 0.3703125000000001 0.6140625 0.4125 0.6453125 0.4125
0 0.6765625 0.37187500000000007 0.646875 0.37187500000000007 0.646875 0.4140625 0.6765625 0.4140625
0 0.7140625 0.3734375000000001 0.684375 0.3734375000000001 0.684375 0.4171875 0.7140625 0.4171875
0 0.7578125 0.3765625000000001 0.7234375 0.3765625000000001 0.7234375 0.4250000000000001 0.7578125 0.42500000000000016
0 0.7921875 0.3828125000000001 0.7609375 0.3828125000000001 0.7609375 0.43281250000000016 0.7921875 0.43281250000000016
0 0.834375 0.3859375000000001 0.803125 0.3859375000000001 0.803125 0.43281250000000016 0.834375 0.43281250000000016
0 0.8578125 0.38750000000000007 0.8359375 0.38750000000000007 0.8359375 0.4312500000000002 0.8578125 0.4312500000000002
0 0.89375 0.3890625000000001 0.85625 0.3890625000000001 0.85625 0.4343750000000002 0.89375 0.4343750000000002
0 0.9359375 0.3984375000000001 0.9015625 0.3984375000000001 0.9015625 0.44843750000000016 0.9359375 0.44843750000000016
0 1 0.4000000000000002 0.9734375 0.4000000000000002 0.9734375 0.4500000000000002 1 0.4500000000000002
3 0.5734375 0.14687500000000006 0.534375 0.14687500000000003 0.534375 0.2078125000000001 0.5734375 0.2078125000000001
0 0.2406250000000001 0.946875 0.17968750000000014 0.946875 0.17968750000000014 1 0.2406250000000001 1
0 0.0906250000000001 0.6453125 0.039062500000000076 0.6453125 0.03906250000000008 0.7234375 0.0906250000000001 0.7234375
0 0.03281250000000007 0.55 6.735557395310443e-17 0.55 7.1947999449907e-17 0.625 0.03281250000000008 0.625
0 0.03281250000000009 0.68125 8.342906319191344e-17 0.68125 8.639500465859842e-17 0.7296875 0.03281250000000009 0.7296875
0 0.31718750000000007 0.834375 0.2609375000000001 0.834375 0.2609375000000001 0.8921875 0.31718750000000007 0.8921875
0 0.3156250000000001 0.95625 0.2484375000000001 0.95625 0.2484375000000001 1 0.3156250000000001 1
0 0.8953125 0.5296875000000002 0.853125 0.5296875000000002 0.853125 0.5718750000000001 0.8953125 0.5718750000000001
0 0.728125 0.6000000000000001 0.6921875 0.6 0.6921875 0.6484375000000001 0.728125 0.6484375000000002