2 0.409375 0.40625 0.3000000000000001 0.40625 0.3000000000000001 0.4625 0.409375 0.4625
3 0.4734375 0.2531250000000001 0.440625 0.2531250000000001 0.440625 0.3593750000000001 0.4734375 0.3593750000000001
0 0.6 0.3187500000000001 0.56875 0.3187500000000001 0.56875 0.3937500000000001 0.6 0.3937500000000001
0 0.4515625 0.5109375 0.4109375 0.5109375 0.4109375 0.5421875 0.4515625 0.5421875
3 0.3062500000000001 0.628125 0.2328125000000001 0.628125 0.2328125000000001 0.6703125 0.3062500000000001 0.6703125
0 0.2296875000000001 0.575 0.1828125000000001 0.575 0.1828125000000001 0.60625 0.2296875000000001 0.60625
0 0.484375 0.5890625 0.4484375 0.5890625 0.4484375 0.6234375 0.484375 0.6234375
0 0.5859375 0.5953125 0.546875 0.5953125 0.546875 0.628125 0.5859375 0.628125
0 0.19843750000000004 0.484375 0.15312500000000004 0.484375 0.15312500000000004 0.5203125 0.19843750000000004 0.5203125
0 0.1546875000000001 0.6671875 0.11250000000000009 0.6671875 0.11250000000000009 0.7015625 0.1546875000000001 0.7015625
0 0.060937500000000075 0.6109375 0.018750000000000072 0.6109375 0.018750000000000076 0.640625 0.06093750000000009 0.640625
3 0.6484375000000001 0.721875 0.615625 0.721875 0.6156250000000001 0.821875 0.6484375000000002 0.821875
0 0.75 0.6171875000000001 0.7125 0.6171875 0.7125 0.6484375000000001 0.75 0.6484375000000002
0 0.665625 0.634375 0.625 0.634375 0.625 0.6671875 0.665625 0.6671875
0 0.765625 0.5546875000000001 0.725 0.5546875 0.725 0.5843750000000001 0.765625 0.5843750000000002
3 0.8296875 0.5531250000000002 0.7796875 0.5531250000000002 0.7796875 0.5859375000000002 0.8296875 0.5859375000000002
0 0.85 0.5093750000000001 0.80625 0.5093750000000001 0.80625 0.5390625000000002 0.85 0.5390625000000002
0 0.65 0.5109375 0.609375 0.5109375 0.609375 0.5421875 0.65 0.5421875
0 0.8515625 0.6015625000000002 0.8125 0.6015625000000002 0.8125 0.6328125000000002 0.8515625 0.6328125000000002
3 0.9984375 0.5937500000000002 0.953125 0.5937500000000002 0.953125 0.6296875000000002 0.9984375 0.6296875000000002
2 0.971875 0.6484375000000002 0.8578125 0.6484375000000002 0.8578125 0.6921875000000002 0.971875 0.6921875000000002
0 0.5296875 0.056250000000000064 0.509375 0.056250000000000064 0.509375 0.12656250000000005 0.5296875 0.12656250000000005