3 0.409375 0.07031250000000004 0.378125 0.07031250000000004 0.378125 0.15156250000000004 0.409375 0.15156250000000004
0 0.4 0.2468750000000001 0.36875 0.2468750000000001 0.36875 0.3312500000000001 0.4 0.3312500000000001
0 0.4359375 0.3375000000000001 0.4078125 0.3375000000000001 0.4078125 0.4078125 0.4359375 0.4078125
0 0.4796875 0.3921875000000001 0.4515625 0.3921875000000001 0.4515625 0.4671875 0.4796875 0.4671875
0 0.6265625 7.520096751014216e-17 0.6015625 7.367015901120797e-17 0.6015625 0.05312500000000007 0.6265625 0.05312500000000007
0 0.5859375 7.013016435742265e-17 0.559375 6.850368032730508e-17 0.559375 0.050000000000000065 0.5859375 0.050000000000000065
0 0.765625 0.14218750000000008 0.721875 0.14218750000000008 0.721875 0.1828125000000001 0.765625 0.1828125000000001
0 0.8328125 0.0906250000000001 0.7890625 0.0906250000000001 0.7890625 0.12656250000000008 0.8328125 0.12656250000000008
0 0.803125 0.04843750000000009 0.759375 0.04843750000000009 0.759375 0.08593750000000008 0.803125 0.08593750000000008
0 0.8140625 0.0062500000000000975 0.771875 0.006250000000000094 0.771875 0.0406250000000001 0.8140625 0.0406250000000001
0 0.8671875 0.0015625000000001033 0.821875 0.0015625000000001007 0.821875 0.0375000000000001 0.8671875 0.03750000000000011
0 0.865625 0.039062500000000104 0.81875 0.0390625000000001 0.81875 0.07500000000000011 0.865625 0.07500000000000011
0 0.921875 0.03125000000000011 0.8734375 0.03125000000000011 0.8734375 0.07031250000000011 0.921875 0.07031250000000011
0 0.9796875 0.023437500000000118 0.93125 0.023437500000000118 0.93125 0.06093750000000011 0.9796875 0.06093750000000011
0 0.4250000000000001 0.6703125 0.3843750000000001 0.6703125 0.3843750000000001 0.7421875 0.42500000000000016 0.7421875
0 0.37968750000000007 0.7734375 0.3281250000000001 0.7734375 0.3281250000000001 0.834375 0.37968750000000007 0.834375
0 0.2578125000000001 0.840625 0.21250000000000008 0.840625 0.21250000000000008 0.88125 0.2578125000000001 0.88125
0 0.23437500000000008 0.965625 0.18437500000000012 0.965625 0.18437500000000012 1 0.23437500000000008 1
0 0.30156250000000007 0.9671875 0.2531250000000001 0.9671875 0.2531250000000001 1 0.30156250000000007 1
0 0.10468750000000013 0.975 0.046875000000000125 0.975 0.046875000000000125 1 0.10468750000000013 1
0 0.17187500000000014 0.9703125 0.12812500000000013 0.9703125 0.12812500000000013 1 0.17187500000000014 1
0 0.1640625000000001 0.8828125 0.1062500000000001 0.8828125 0.10625000000000011 0.928125 0.16406250000000014 0.928125
0 0.428125 0.5296875 0.3984375000000001 0.5296875 0.3984375000000001 0.5578125 0.428125 0.5578125
0 0.5156250000000002 0.9046875 0.4937500000000002 0.9046875 0.4937500000000002 0.9484375 0.5156250000000002 0.9484375
0 0.5171875000000001 0.946875 0.48750000000000016 0.946875 0.48750000000000016 1 0.5171875000000001 1
0 0.5515625000000002 0.9609375 0.5250000000000001 0.9609375 0.5250000000000001 1 0.5515625000000002 1
0 0.5796875000000001 0.9625 0.5578125000000002 0.9625 0.5578125000000002 1 0.5796875000000001 1
0 0.5500000000000002 0.8984375 0.5203125000000002 0.8984375 0.5203125000000002 0.9484375 0.5500000000000002 0.9484375
0 0.5703125000000002 0.8328125 0.5421875000000002 0.8328125 0.5421875000000002 0.890625 0.5703125000000002 0.890625
0 0.6265625000000001 0.85 0.6000000000000002 0.85 0.6000000000000002 0.896875 0.6265625000000001 0.896875
0 0.6671875000000002 0.84375 0.6375000000000002 0.84375 0.6375000000000002 0.9 0.6671875000000002 0.9
0 0.6875000000000002 0.8546875 0.6671875000000002 0.8546875 0.6671875000000002 0.8984375 0.6875000000000002 0.8984375
0 0.7187500000000002 0.853125 0.6937500000000002 0.853125 0.6937500000000002 0.896875 0.7187500000000002 0.896875
0 0.7625000000000002 0.8515625 0.7359375000000001 0.8515625 0.7359375000000001 0.896875 0.7625000000000002 0.896875
0 1 0.5328125000000001 0.9734375 0.5328125000000001 0.9734375 0.6109375000000001 1 0.6109375000000001
0 0.8875 0.8078125 0.8640625 0.8078125 0.8640625 0.85 0.8875 0.85
0 0.8671875 0.809375 0.846875 0.809375 0.846875 0.853125 0.8671875 0.853125
0 0.8453125 0.8 0.81875 0.8 0.81875 0.853125 0.8453125 0.853125
0 0.8203125 0.8140625 0.7953125000000002 0.8140625 0.7953125000000002 0.853125 0.8203125 0.853125
0 0.7937500000000002 0.809375 0.7765625000000002 0.809375 0.7765625000000002 0.8484375 0.7937500000000002 0.8484375
0 0.7750000000000001 0.8078125 0.7531250000000002 0.8078125 0.7531250000000002 0.846875 0.7750000000000001 0.846875
0 0.7515625000000001 0.8015625 0.7250000000000002 0.8015625 0.7250000000000002 0.85 0.7515625000000001 0.85
0 0.7234375000000002 0.8046875 0.6984375000000002 0.8046875 0.6984375000000002 0.846875 0.7234375000000002 0.846875
0 0.6984375000000002 0.8046875 0.6750000000000002 0.8046875 0.6750000000000002 0.8484375 0.6984375000000002 0.8484375
0 0.6750000000000002 0.8015625 0.6515625000000002 0.8015625 0.6515625000000002 0.8453125 0.6750000000000002 0.8453125
0 0.6484375000000002 0.8 0.6281250000000002 0.8 0.6281250000000002 0.846875 0.6484375000000002 0.846875
0 0.6265625000000001 0.8015625 0.6046875000000002 0.8015625 0.6046875000000002 0.84375 0.6265625000000001 0.84375
0 0.6031250000000001 0.7984375 0.5828125000000002 0.7984375 0.5828125000000002 0.8453125 0.6031250000000001 0.8453125
0 0.5812500000000002 0.796875 0.5593750000000002 0.796875 0.5593750000000002 0.840625 0.5812500000000002 0.840625
2 0.5375000000000002 0.7953125 0.47968750000000016 0.7953125 0.47968750000000016 0.896875 0.5375000000000002 0.896875