2 0.09531250000000004 0.26875 3.2912382727085115e-17 0.26875 3.874859012927172e-17 0.3640625 0.09531250000000005 0.3640625
0 0.18593750000000003 0.340625 0.13593750000000004 0.340625 0.13593750000000004 0.3828125 0.18593750000000003 0.3828125
0 0.5296875 0.26250000000000007 0.509375 0.26250000000000007 0.509375 0.30937500000000007 0.5296875 0.30937500000000007
0 0.759375 0.3000000000000001 0.709375 0.3000000000000001 0.709375 0.3500000000000001 0.759375 0.3500000000000001
0 0.921875 0.4312500000000002 0.865625 0.4312500000000002 0.865625 0.4890625000000002 0.921875 0.4890625000000002
0 1 0.4671875000000002 0.946875 0.4671875000000002 0.946875 0.5218750000000002 1 0.5218750000000002
3 0.665625 7.740150472736006e-17 0.5984375 7.328745688647442e-17 0.5984375 0.054687500000000076 0.665625 0.05468750000000009
3 0.7453125 0.03593750000000008 0.6765625 0.03593750000000008 0.6765625 0.10156250000000008 0.7453125 0.10156250000000008
0 0.3546875000000001 0.6765625 0.3078125000000001 0.6765625 0.3078125000000001 0.7484375 0.3546875000000001 0.7484375
0 0.3890625000000001 0.9296875 0.3468750000000001 0.9296875 0.3468750000000001 0.9875 0.3890625000000001 0.9875
0 0.49218750000000017 0.8796875 0.4437500000000002 0.8796875 0.4437500000000002 0.9453125 0.49218750000000017 0.9453125
0 0.6859375 0.5890625 0.6328125 0.5890625 0.6328125 0.6421875 0.6859375 0.6421875
0 0.553125 0.6140625 0.509375 0.6140625 0.509375 0.6828125 0.553125 0.6828125
0 0.6125 0.6046875 0.5625 0.6046875 0.5625 0.6546875 0.6125 0.6546875
0 0.5828125 0.6546875 0.534375 0.6546875 0.534375 0.70625 0.5828125 0.70625
0 0.6421875 0.640625 0.5859375 0.640625 0.5859375 0.696875 0.6421875 0.696875
0 0.7750000000000001 0.7203125000000001 0.71875 0.7203125 0.7187500000000001 0.7812500000000001 0.7750000000000001 0.7812500000000002
0 0.903125 0.7328125000000002 0.8671875 0.7328125000000002 0.8671875 0.803125 0.903125 0.803125
2 0.8703125 0.5500000000000002 0.8015625 0.5500000000000002 0.8015625 0.7218750000000002 0.8703125 0.7218750000000002
2 0.90625 0.890625 0.8234375 0.890625 0.8234375 1 0.90625 1
0 0.853125 0.9625 0.815625 0.9625 0.815625 1 0.853125 1
0 0.825 0.9734375 0.7890625000000002 0.9734375 0.7890625000000002 1 0.825 1