0 0.3140625000000001 0.7875 0.27812500000000007 0.7875 0.27812500000000007 0.815625 0.3140625000000001 0.815625
0 0.4546875000000002 0.7828125 0.41718750000000016 0.7828125 0.41718750000000016 0.8203125 0.4546875000000002 0.8203125
0 0.16875000000000012 0.925 0.13281250000000014 0.925 0.13281250000000014 0.9515625 0.16875000000000012 0.9515625
0 0.3218750000000001 0.925 0.2812500000000001 0.925 0.2812500000000001 0.9609375 0.3218750000000001 0.9609375
0 0.3812500000000001 0.9265625 0.3375000000000001 0.9265625 0.3375000000000001 0.9625 0.3812500000000001 0.9625
0 0.3343750000000001 0.88125 0.3000000000000001 0.88125 0.3000000000000001 0.9171875 0.3343750000000001 0.9171875
0 0.3812500000000001 0.8875 0.34843750000000007 0.8875 0.34843750000000007 0.9171875 0.3812500000000001 0.9171875
0 0.8234375 0.7843750000000002 0.7828125000000001 0.7843750000000002 0.7828125000000001 0.8140625 0.8234375 0.8140625
0 0.6125 0.49375 0.596875 0.49375 0.596875 0.540625 0.6125 0.540625
0 0.6390625 0.2531250000000001 0.621875 0.2531250000000001 0.621875 0.3046875000000001 0.6390625 0.3046875000000001
0 0.590625 0.4265625 0.575 0.4265625 0.575 0.484375 0.590625 0.484375
0 0.5640625 0.434375 0.5484375 0.434375 0.5484375 0.4828125 0.5640625 0.4828125
0 0.5421875 0.4453125 0.5265625 0.4453125 0.5265625 0.5015625 0.5421875 0.5015625
0 0.5484375 0.3812500000000001 0.53125 0.3812500000000001 0.53125 0.4328125 0.5484375 0.4328125
0 0.5734375 0.3593750000000001 0.5546875 0.3593750000000001 0.5546875 0.415625 0.5734375 0.415625
0 0.59375 0.34843750000000007 0.5796875 0.34843750000000007 0.5796875 0.4 0.59375 0.4
0 0.596875 0.2765625000000001 0.5796875 0.2765625000000001 0.5796875 0.3343750000000001 0.596875 0.3343750000000001
0 0.553125 0.3078125000000001 0.5359375 0.3078125000000001 0.5359375 0.3656250000000001 0.553125 0.3656250000000001
0 0.559375 0.2453125000000001 0.5421875 0.2453125000000001 0.5421875 0.2984375000000001 0.559375 0.2984375000000001
0 0.58125 0.2234375000000001 0.565625 0.2234375000000001 0.565625 0.2687500000000001 0.58125 0.2687500000000001
0 0.5640625 0.1859375000000001 0.5484375 0.1859375000000001 0.5484375 0.2375000000000001 0.5640625 0.2375000000000001
0 0.5859375 0.16562500000000008 0.571875 0.16562500000000008 0.571875 0.2093750000000001 0.5859375 0.2093750000000001
0 0.578125 0.2765625000000001 0.5640625 0.2765625000000001 0.5640625 0.3265625000000001 0.578125 0.3265625000000001
0 0.56875 0.12343750000000009 0.553125 0.12343750000000009 0.553125 0.1703125000000001 0.56875 0.1703125000000001
0 0.5921875 0.11562500000000009 0.575 0.11562500000000009 0.575 0.1609375000000001 0.5921875 0.1609375000000001
0 0.59375 0.06093750000000007 0.5765625 0.06093750000000007 0.5765625 0.10937500000000008 0.59375 0.10937500000000008
0 0.596875 0.001562500000000072 0.5828125 0.0015625000000000714 0.5828125 0.056250000000000064 0.596875 0.056250000000000064
3 0.578125 0.03906250000000007 0.55625 0.03906250000000007 0.55625 0.11718750000000008 0.578125 0.11718750000000008
3 0.54375 0.12343750000000005 0.5140625 0.12343750000000005 0.5140625 0.19843750000000004 0.54375 0.19843750000000004
2 0.8328125 0.821875 0.7421875000000002 0.821875 0.7421875000000002 0.8609375 0.8328125 0.8609375