0 0.25 0.3375 0.225 0.3375 0.225 0.359375 0.25 0.359375
0 0.17968750000000003 0.14375 0.1546875 0.14375 0.15468750000000003 0.2234375 0.17968750000000006 0.2234375
0 0.2078125 0.08125000000000002 0.184375 0.08125000000000002 0.184375 0.15312500000000004 0.2078125 0.15312500000000004
0 0.540625 0.048437500000000064 0.49375 0.04843750000000006 0.49375 0.10625000000000004 0.540625 0.10625000000000004
0 0.6921875 8.256798341126295e-17 0.65625 8.036744619404505e-17 0.65625 0.026562500000000083 0.6921875 0.02656250000000009
0 0.06562500000000011 0.828125 0.0328125000000001 0.828125 0.0328125000000001 0.85625 0.06562500000000011 0.85625
0 0.11250000000000009 0.8515625 0.07656250000000012 0.8515625 0.07656250000000012 0.8828125 0.11250000000000009 0.8828125
0 0.15000000000000008 0.8171875 0.11562500000000009 0.8171875 0.11562500000000009 0.8453125 0.15000000000000008 0.8453125
0 0.1906250000000001 0.85625 0.1531250000000001 0.85625 0.1531250000000001 0.89375 0.1906250000000001 0.89375
0 0.24218750000000008 0.9328125 0.21875000000000008 0.9328125 0.21875000000000008 0.9796875 0.24218750000000008 0.9796875
0 0.3390625000000001 0.834375 0.3078125000000001 0.834375 0.3078125000000001 0.8828125 0.3390625000000001 0.8828125
0 0.3125000000000001 0.771875 0.2796875000000001 0.771875 0.2796875000000001 0.8015625 0.3125000000000001 0.8015625
0 0.2687500000000001 0.665625 0.2390625000000001 0.665625 0.2390625000000001 0.70625 0.2687500000000001 0.70625
0 0.4593750000000002 0.778125 0.4500000000000002 0.778125 0.4500000000000002 0.80625 0.4593750000000002 0.80625
0 0.5140625 0.5265625 0.484375 0.5265625 0.484375 0.553125 0.5140625 0.553125
0 0.603125 0.5484375 0.5765625 0.5484375 0.5765625 0.575 0.603125 0.575
0 0.675 0.58125 0.65 0.58125 0.65 0.6203125 0.675 0.6203125
0 0.6593750000000002 0.74375 0.6406250000000002 0.74375 0.6406250000000002 0.796875 0.6593750000000002 0.796875
0 0.6218750000000001 0.725 0.5890625 0.725 0.5890625 0.7578125 0.6218750000000002 0.7578125
0 0.6046875 0.6859375 0.5703125 0.6859375 0.5703125 0.7171875 0.6046875 0.7171875
0 0.5609375 0.6921875 0.5265625 0.6921875 0.5265625 0.7171875 0.5609375 0.7171875
0 0.5109375 0.696875 0.4765625 0.696875 0.4765625 0.725 0.5109375 0.725
0 0.4671875000000001 0.703125 0.459375 0.703125 0.4593750000000001 0.73125 0.4671875000000002 0.73125
0 0.5000000000000002 0.7390625 0.46406250000000016 0.7390625 0.46406250000000016 0.7671875 0.5000000000000002 0.7671875
0 0.5421875000000002 0.7265625 0.5078125000000002 0.7265625 0.5078125000000002 0.7546875 0.5421875000000002 0.7546875
0 0.5875000000000001 0.721875 0.5546875 0.721875 0.5546875000000001 0.75 0.5875000000000001 0.75
2 0.934375 0.5406250000000001 0.83125 0.5406250000000001 0.83125 0.5890625000000002 0.934375 0.5890625000000002
0 0.7437500000000001 0.9703125 0.7234375000000002 0.9703125 0.7234375000000002 1 0.7437500000000001 1
0 0.7390625000000002 0.884375 0.7187500000000002 0.884375 0.7187500000000002 0.9421875 0.7390625000000002 0.9421875