0 0.528125 0.08750000000000006 0.5 0.08750000000000006 0.5 0.15312500000000004 0.528125 0.15312500000000004
0 0.1515625000000001 0.66875 0.11093750000000009 0.66875 0.11093750000000009 0.725 0.1515625000000001 0.725
0 0.478125 0.4140625 0.440625 0.4140625 0.440625 0.465625 0.478125 0.465625
0 0.5 0.415625 0.478125 0.415625 0.478125 0.4671875 0.5 0.4671875
0 0.16093750000000004 0.43125 0.11875000000000005 0.43125 0.11875000000000005 0.4890625 0.16093750000000004 0.4890625
0 0.19843750000000004 0.4234375 0.16406250000000006 0.4234375 0.16406250000000006 0.475 0.19843750000000004 0.475
0 0.484375 0.4734375 0.4484375 0.4734375 0.4484375 0.525 0.484375 0.525
0 0.5 0.525 0.4796875 0.525 0.4796875 0.571875 0.5 0.571875
0 0.2390625000000001 0.4203125 0.2062500000000001 0.4203125 0.2062500000000001 0.4671875 0.2390625000000001 0.4671875
0 0.2687500000000001 0.425 0.2375000000000001 0.425 0.2375000000000001 0.4703125 0.2687500000000001 0.4703125
0 0.3031250000000001 0.4265625 0.2656250000000001 0.4265625 0.2656250000000001 0.4734375 0.3031250000000001 0.4734375
0 0.3500000000000001 0.425 0.3125000000000001 0.425 0.3125000000000001 0.46875 0.3500000000000001 0.46875
0 0.015625000000000038 0.2890625 3.539994653785318e-17 0.2890625 4.0183723097022526e-17 0.3671875 0.015625000000000045 0.3671875
0 0.2296875000000001 0.53125 0.18906250000000005 0.53125 0.18906250000000008 0.5875 0.2296875000000001 0.5875
0 0.11250000000000009 0.559375 0.07812500000000007 0.559375 0.07812500000000007 0.6109375 0.11250000000000009 0.6109375
0 0.49218750000000017 0.81875 0.4546875000000002 0.81875 0.4546875000000002 0.865625 0.49218750000000017 0.865625
0 0.4546875000000002 0.8109375 0.4203125000000002 0.8109375 0.4203125000000002 0.8578125 0.4546875000000002 0.8578125
0 0.39531250000000007 0.79375 0.3625000000000001 0.79375 0.3625000000000001 0.8421875 0.39531250000000007 0.8421875
0 0.3625000000000001 0.790625 0.3281250000000001 0.790625 0.3281250000000001 0.840625 0.3625000000000001 0.840625
0 0.3234375000000001 0.79375 0.2921875000000001 0.79375 0.2921875000000001 0.8390625 0.3234375000000001 0.8390625
0 0.28593750000000007 0.79375 0.2484375000000001 0.79375 0.2484375000000001 0.84375 0.28593750000000007 0.84375
0 0.2468750000000001 0.79375 0.2156250000000001 0.79375 0.2156250000000001 0.8453125 0.2468750000000001 0.8453125
0 0.20468750000000008 0.7921875 0.17343750000000008 0.7921875 0.17343750000000008 0.8375 0.20468750000000008 0.8375
0 0.1750000000000001 0.79375 0.14843750000000008 0.79375 0.14843750000000008 0.8390625 0.1750000000000001 0.8390625
0 0.15000000000000008 0.796875 0.11250000000000009 0.796875 0.11250000000000009 0.84375 0.15000000000000008 0.84375
0 0.10781250000000009 0.796875 0.06875000000000009 0.796875 0.0687500000000001 0.8484375 0.10781250000000009 0.8484375
0 0.0328125000000001 0.7984375 9.778039286942148e-17 0.7984375 1.0093768539847325e-16 0.85 0.0328125000000001 0.85
2 0.7843750000000002 0.8734375 0.6734375000000001 0.8734375 0.6734375000000001 1 0.7843750000000002 1
0 0.7250000000000002 0.746875 0.6796875000000002 0.746875 0.6796875000000002 0.7875 0.7250000000000002 0.7875
0 0.6078125000000002 0.784375 0.5578125000000002 0.784375 0.5578125000000002 0.8296875 0.6078125000000002 0.8296875
0 0.89375 0.6031250000000001 0.85 0.6031250000000001 0.85 0.6781250000000002 0.89375 0.6781250000000002
0 0.5421875 0.7125 0.5015625 0.7125 0.5015625000000001 0.7484375 0.5421875000000002 0.7484375
0 0.6812500000000001 0.8796875 0.6343750000000001 0.8796875 0.6343750000000001 0.9453125 0.6812500000000001 0.9453125
0 0.8609375 0.2890625000000001 0.8265625 0.2890625000000001 0.8265625 0.3625000000000001 0.8609375 0.3625000000000001
0 0.9890625 0.9765625 0.9390625 0.9765625 0.9390625 1 0.9890625 1