0 0.221875 0.03125000000000002 0.1953125 0.03125000000000002 0.1953125 0.10312500000000005 0.221875 0.10312500000000005
0 0.6140625 0.04218750000000008 0.6015625 0.04218750000000008 0.6015625 0.06875000000000006 0.6140625 0.06875000000000006
0 0.5890625 0.2000000000000001 0.5765625 0.2000000000000001 0.5765625 0.2296875000000001 0.5890625 0.2296875000000001
0 0.5828125 0.2375000000000001 0.56875 0.2375000000000001 0.56875 0.2671875000000001 0.5828125 0.2671875000000001
0 0.06875000000000012 0.9609375 0.057812500000000114 0.9609375 0.057812500000000114 0.9796875 0.06875000000000012 0.9796875
0 0.08125000000000011 0.9375 0.07031250000000011 0.9375 0.07031250000000011 0.9578125 0.08125000000000011 0.9578125
0 0.020312500000000122 0.99375 0.0015625000000001215 0.99375 0.0015625000000001217 1 0.020312500000000122 1
0 0.12812500000000013 0.965625 0.11250000000000013 0.965625 0.11250000000000013 0.9859375 0.12812500000000013 0.9859375
0 0.12812500000000013 0.9515625 0.10937500000000014 0.9515625 0.10937500000000014 0.971875 0.12812500000000013 0.971875
0 0.12968750000000012 0.94375 0.11250000000000013 0.94375 0.11250000000000013 0.9609375 0.12968750000000012 0.9609375
0 0.12968750000000012 0.934375 0.11093750000000013 0.934375 0.11093750000000013 0.9515625 0.12968750000000012 0.9515625
0 0.12812500000000013 0.91875 0.10937500000000014 0.91875 0.10937500000000014 0.9359375 0.12812500000000013 0.9359375
0 0.0031250000000001103 0.8921875 1.0926145661142792e-16 0.8921875 1.1021821192326179e-16 0.9078125 0.003125000000000111 0.9078125
0 0.007812500000000108 0.8734375 1.0696524386302664e-16 0.8734375 1.0811335023722728e-16 0.8921875 0.007812500000000108 0.8921875
0 0.010937500000000107 0.85625 0.0015625000000001048 0.85625 0.001562500000000106 0.875 0.010937500000000109 0.875
0 0.017187500000000102 0.83125 0.007812500000000102 0.83125 0.007812500000000102 0.846875 0.017187500000000105 0.846875
0 0.0187500000000001 0.815625 0.0093750000000001 0.815625 0.009375000000000102 0.8328125 0.0187500000000001 0.8328125
0 0.0218750000000001 0.7984375 0.0125000000000001 0.7984375 0.0125000000000001 0.8140625 0.0218750000000001 0.8140625
0 0.0906250000000001 0.815625 0.08125000000000009 0.815625 0.0812500000000001 0.8296875 0.09062500000000011 0.8296875
0 0.07500000000000011 0.8890625 0.06562500000000011 0.8890625 0.06562500000000011 0.9046875 0.07500000000000011 0.9046875
0 0.10781250000000009 0.8390625 0.10000000000000009 0.8390625 0.10000000000000009 0.8546875 0.10781250000000009 0.8546875
3 0.08125000000000009 0.7828125 0.07187500000000009 0.7828125 0.07187500000000009 0.7984375 0.08125000000000009 0.7984375
0 0.10156250000000008 0.7484375 0.09531250000000009 0.7484375 0.09531250000000009 0.7625 0.10156250000000008 0.7625
0 0.08593750000000008 0.721875 0.07968750000000009 0.721875 0.07968750000000009 0.734375 0.08593750000000008 0.734375
0 0.09531250000000009 0.690625 0.08906250000000009 0.690625 0.08906250000000009 0.7 0.09531250000000009 0.7
0 0.09375000000000008 0.7125 0.08750000000000009 0.7125 0.08750000000000009 0.725 0.09375000000000008 0.725
0 0.023437500000000097 0.7875 0.015625000000000094 0.7875 0.015625000000000097 0.8 0.0234375000000001 0.8
0 0.0250000000000001 0.7734375 0.017187500000000095 0.7734375 0.017187500000000095 0.7875 0.0250000000000001 0.7875
0 0.04687500000000009 0.7390625 0.03906250000000009 0.7390625 0.03906250000000009 0.7546875 0.04687500000000009 0.7546875
0 0.02968750000000009 0.734375 0.01875000000000009 0.734375 0.01875000000000009 0.7453125 0.02968750000000009 0.7453125
0 0.03125000000000009 0.7296875 0.01875000000000009 0.7296875 0.01875000000000009 0.7390625 0.03125000000000009 0.7390625
0 0.04687500000000009 0.721875 0.03906250000000009 0.721875 0.03906250000000009 0.734375 0.04687500000000009 0.734375
0 0.04843750000000009 0.7125 0.042187500000000086 0.7125 0.042187500000000086 0.7234375 0.04843750000000009 0.7234375
0 0.050000000000000086 0.703125 0.04375000000000009 0.703125 0.04375000000000009 0.7140625 0.050000000000000086 0.7140625
0 0.05156250000000009 0.6828125 0.04531250000000009 0.6828125 0.04531250000000009 0.69375 0.05156250000000009 0.69375
0 0.10156250000000008 0.6125 0.09531250000000006 0.6125 0.09531250000000006 0.6234375 0.10156250000000008 0.6234375
0 0.0984375000000001 0.6359375 0.09218750000000009 0.6359375 0.09218750000000009 0.6453125 0.0984375000000001 0.6453125
0 0.8828125 0.8296875 0.825 0.8296875 0.825 0.9015625 0.8828125 0.9015625
0 0.9515625 0.9 0.89375 0.9 0.89375 0.9546875 0.9515625 0.9546875
0 1 0.5515625000000002 0.98125 0.5515625000000002 0.98125 0.6328125000000002 1 0.6328125000000002
0 0.7828125 0.3578125000000001 0.721875 0.3578125000000001 0.721875 0.3968750000000001 0.7828125 0.3968750000000001
0 0.6828125 0.3390625000000001 0.6265625 0.3390625000000001 0.6265625 0.3781250000000001 0.6828125 0.3781250000000001
0 0.975 0.8609375 0.91875 0.8609375 0.91875 0.915625 0.975 0.915625
0 0.4046875 0.503125 0.34062500000000007 0.503125 0.34062500000000007 0.5640625 0.4046875 0.5640625
0 0.6765625000000002 0.7359375 0.6078125000000002 0.7359375 0.6078125000000002 0.8015625 0.6765625000000002 0.8015625
0 0.39531250000000007 0.675 0.3593750000000001 0.675 0.3593750000000001 0.74375 0.39531250000000007 0.74375
0 0.3859375000000001 0.8734375 0.3500000000000001 0.8734375 0.3500000000000001 0.9390625 0.3859375000000001 0.9390625
0 0.3578125000000001 0.8234375 0.3203125000000001 0.8234375 0.3203125000000001 0.903125 0.3578125000000001 0.903125
0 0.3281250000000001 0.8296875 0.28593750000000007 0.8296875 0.28593750000000007 0.9125 0.3281250000000001 0.9125