0 0.3953125 0.2609375000000001 0.3703125 0.2609375000000001 0.3703125 0.3359375000000001 0.3953125 0.3359375000000001
0 0.471875 0.38750000000000007 0.440625 0.38750000000000007 0.440625 0.46875 0.471875 0.46875
0 0.51875 0.3265625000000001 0.4953125 0.3265625000000001 0.4953125 0.3828125000000001 0.51875 0.3828125000000001
0 0.41875 0.15312500000000004 0.3953125 0.15312500000000004 0.3953125 0.2218750000000001 0.41875 0.2218750000000001
0 0.4125 4.889019643471074e-17 0.3859375 4.7263712404593165e-17 0.3859375 0.06093750000000005 0.4125 0.06093750000000005
2 0.9625 0.2968750000000001 0.8640625 0.2968750000000001 0.8640625 0.46875000000000017 0.9625 0.46875000000000017
0 0.978125 0.17187500000000014 0.934375 0.17187500000000014 0.934375 0.21093750000000008 0.978125 0.21093750000000008
0 0.8171875 0.0171875000000001 0.7765625 0.017187500000000095 0.7765625 0.0906250000000001 0.8171875 0.09062500000000011
0 0.61875 0.20468750000000008 0.571875 0.20468750000000008 0.571875 0.24375000000000008 0.61875 0.24375000000000008
0 1 0.3078125000000001 0.9671875 0.3078125000000001 0.9671875 0.3703125000000001 1 0.3703125000000001
0 0.7015625 0.3843750000000001 0.6546875 0.3843750000000001 0.6546875 0.4203125 0.7015625 0.4203125
0 0.2656250000000001 0.778125 0.2062500000000001 0.778125 0.2062500000000001 0.834375 0.2656250000000001 0.834375
0 0.19531250000000008 0.8296875 0.1359375000000001 0.8296875 0.1359375000000001 0.884375 0.19531250000000008 0.884375
0 0.1984375000000001 0.76875 0.1281250000000001 0.76875 0.1281250000000001 0.8328125 0.1984375000000001 0.8328125
0 0.17656250000000007 0.5296875 0.12968750000000004 0.5296875 0.12968750000000007 0.5984375 0.1765625000000001 0.5984375
0 0.11406250000000007 0.475 0.057812500000000065 0.475 0.057812500000000065 0.5546875 0.1140625000000001 0.5546875
0 0.056250000000000064 0.515625 0.02187500000000006 0.515625 0.021875000000000065 0.5640625 0.056250000000000064 0.5640625
0 0.2968750000000001 0.8109375 0.2312500000000001 0.8109375 0.2312500000000001 0.871875 0.2968750000000001 0.871875
0 0.5765625000000002 0.7796875 0.5484375000000001 0.7796875 0.5484375000000001 0.8328125 0.5765625000000002 0.8328125
0 0.6531250000000002 0.825 0.6359375000000002 0.825 0.6359375000000002 0.8703125 0.6531250000000002 0.8703125
0 0.55 0.6234375 0.528125 0.6234375 0.528125 0.6703125 0.55 0.6703125
0 0.5515625 0.6640625 0.521875 0.6640625 0.521875 0.7234375 0.5515625 0.7234375
0 0.5843750000000001 0.6765625 0.5578125 0.6765625 0.5578125 0.7296875 0.5843750000000002 0.7296875
0 0.6125 0.6875 0.590625 0.6875 0.5906250000000001 0.73125 0.6125000000000002 0.73125
0 0.58125 0.6203125 0.553125 0.6203125 0.553125 0.66875 0.58125 0.66875
0 0.659375 0.5765625 0.6359375 0.5765625 0.6359375 0.6234375 0.659375 0.6234375
0 0.7 0.5703125 0.671875 0.5703125 0.671875 0.625 0.7 0.625
0 0.7203125 0.58125 0.7 0.58125 0.7 0.621875 0.7203125 0.621875
0 0.7515625 0.5781250000000002 0.7265625 0.5781250000000002 0.7265625 0.6265625000000001 0.7515625 0.6265625000000001
0 0.796875 0.5796875000000001 0.7703125 0.5796875000000001 0.7703125 0.6265625000000001 0.796875 0.6265625000000001
0 1 0.8515625 0.990625 0.8515625 0.990625 0.8953125 1 0.8953125
0 0.921875 0.5421875000000002 0.8984375 0.5421875000000002 0.8984375 0.5843750000000002 0.921875 0.5843750000000002
0 0.9015625 0.5453125000000002 0.88125 0.5453125000000002 0.88125 0.5859375000000002 0.9015625 0.5859375000000002
0 0.88125 0.5328125000000001 0.8546875 0.5328125000000001 0.8546875 0.5875000000000001 0.88125 0.5875000000000001
0 0.8546875 0.5437500000000002 0.8296875 0.5437500000000002 0.8296875 0.5875000000000001 0.8546875 0.5875000000000001
0 0.8296875 0.5421875000000002 0.8125 0.5421875000000002 0.8125 0.5828125000000002 0.8296875 0.5828125000000002
0 0.809375 0.5421875000000002 0.7890625 0.5421875000000002 0.7890625 0.5781250000000002 0.809375 0.5781250000000002
0 0.7859375 0.5343750000000002 0.7625 0.5343750000000002 0.7625 0.5812500000000002 0.7859375 0.5812500000000002
0 0.7578125 0.5296875000000002 0.734375 0.5296875000000002 0.734375 0.5765625000000002 0.7578125 0.5765625000000002
0 0.7328125 0.5296875000000001 0.709375 0.5296875 0.709375 0.5734375 0.7328125 0.5734375000000002
0 0.709375 0.5296875 0.6875 0.5296875 0.6875 0.571875 0.709375 0.571875
0 0.684375 0.5296875 0.6640625 0.5296875 0.6640625 0.5734375 0.684375 0.5734375
0 0.6609375 0.525 0.6390625 0.525 0.6390625 0.5703125 0.6609375 0.5703125
0 0.6375 0.521875 0.61875 0.521875 0.61875 0.5671875 0.6375 0.5671875
0 0.615625 0.51875 0.59375 0.51875 0.59375 0.5640625 0.615625 0.5640625
3 0.6796875000000002 0.8171875 0.6500000000000001 0.8171875 0.6500000000000001 0.8796875 0.6796875000000002 0.8796875
2 0.571875 0.5078125 0.51875 0.5078125 0.51875 0.6171875 0.571875 0.6171875
3 0.6046875 0.5515625 0.575 0.5515625 0.575 0.615625 0.6046875 0.615625