0 0.5953125 0.07500000000000007 0.55625 0.07500000000000007 0.55625 0.11093750000000009 0.5953125 0.11093750000000009
0 0.353125 0.09375000000000004 0.315625 0.09375000000000004 0.315625 0.12812500000000004 0.353125 0.12812500000000004
0 0.271875 0.09062500000000002 0.2328125 0.09062500000000002 0.2328125 0.14062500000000006 0.271875 0.14062500000000006
0 0.1640625 0.05468750000000002 0.140625 0.05468750000000002 0.140625 0.1078125 0.1640625 0.1078125
0 0.08125000000000003 0.234375 0.04218750000000003 0.234375 0.04218750000000003 0.275 0.08125000000000004 0.275
0 0.010937500000000034 0.2640625 3.2338329539984796e-17 0.2640625 3.4347515694835924e-17 0.296875 0.010937500000000036 0.296875
0 0.33125 0.3 0.2921875 0.3 0.2921875 0.3296875 0.33125 0.3296875
0 0.4109375 0.2890625000000001 0.3703125 0.2890625000000001 0.3703125 0.3203125000000001 0.4109375 0.3203125000000001
0 0.4171875 0.2062500000000001 0.3796875 0.2062500000000001 0.3796875 0.2375000000000001 0.4171875 0.2375000000000001
1 0.203125 2.1909696640995614e-17 0.1546875 1.894375517431062e-17 0.1546875 0.051562500000000025 0.203125 0.051562500000000025
3 0.371875 0.21250000000000005 0.328125 0.2125 0.328125 0.24843750000000003 0.371875 0.2484375000000001
2 0.45625 0.23437500000000006 0.340625 0.234375 0.340625 0.29218750000000004 0.45625 0.2921875000000001
3 0.953125 0.06562500000000011 0.9109375 0.06562500000000011 0.9109375 0.17500000000000013 0.953125 0.17500000000000013
0 0.9578125 0.2671875000000001 0.9078125 0.2671875000000001 0.9078125 0.3312500000000001 0.9578125 0.3312500000000001
0 0.8203125 0.3453125000000001 0.7703125 0.3453125000000001 0.7703125 0.3859375000000001 0.8203125 0.3859375000000001
0 0.825 0.3937500000000001 0.775 0.3937500000000001 0.775 0.4343750000000002 0.825 0.4343750000000002
0 0.7671875 0.3921875000000001 0.7203125 0.3921875000000001 0.7203125 0.4296875000000001 0.7671875 0.42968750000000017
0 0.7359375 0.3546875000000001 0.690625 0.3546875000000001 0.690625 0.3937500000000001 0.7359375 0.3937500000000001
0 0.7140625 0.4046875 0.665625 0.4046875 0.665625 0.4421875 0.7140625 0.4421875
0 0.6453125 0.4109375 0.6 0.4109375 0.6 0.4484375 0.6453125 0.4484375
2 0.2312500000000001 0.74375 0.1296875000000001 0.74375 0.1296875000000001 0.796875 0.2312500000000001 0.796875
2 0.11718750000000008 0.778125 9.529282905865343e-17 0.778125 9.950255243072244e-17 0.846875 0.11718750000000008 0.846875
0 0.571875 0.6796875 0.5390625 0.6796875 0.5390625 0.7078125 0.571875 0.7078125
0 0.49375 0.6921875 0.459375 0.6921875 0.459375 0.7203125 0.49375 0.7203125
0 0.34843750000000007 0.684375 0.3140625000000001 0.684375 0.3140625000000001 0.7140625 0.34843750000000007 0.7140625
0 0.6000000000000002 0.815625 0.5671875000000002 0.815625 0.5671875000000002 0.8421875 0.6000000000000002 0.8421875
0 0.4828125000000002 0.859375 0.44531250000000017 0.859375 0.44531250000000017 0.8890625 0.4828125000000002 0.8890625
3 0.5171875000000001 0.8203125 0.47656250000000017 0.8203125 0.47656250000000017 0.8546875 0.5171875000000001 0.8546875
0 0.3687500000000001 0.840625 0.3375000000000001 0.840625 0.3375000000000001 0.8703125 0.3687500000000001 0.8703125
0 0.3812500000000001 0.871875 0.3453125000000001 0.871875 0.3453125000000001 0.9 0.3812500000000001 0.9
0 0.27812500000000007 0.846875 0.24218750000000008 0.846875 0.24218750000000008 0.8765625 0.27812500000000007 0.8765625
0 0.2000000000000001 0.9703125 0.17968750000000014 0.9703125 0.17968750000000014 1 0.2000000000000001 1
0 0.1703125000000001 0.8625 0.1359375000000001 0.8625 0.1359375000000001 0.890625 0.1703125000000001 0.890625
0 0.07500000000000011 0.865625 0.04375000000000011 0.865625 0.04375000000000011 0.8953125 0.07500000000000011 0.8953125
0 0.11718750000000008 0.7140625 0.08125000000000009 0.7140625 0.08125000000000009 0.74375 0.11718750000000008 0.74375
0 0.020312500000000087 0.7 8.572527594031472e-17 0.7 8.744743550161569e-17 0.728125 0.020312500000000087 0.728125
0 0.9859375 0.7625000000000002 0.95625 0.7625000000000002 0.95625 0.8140625 0.9859375 0.8140625
0 0.9828125 0.8203125 0.9578125 0.8203125 0.9578125 0.86875 0.9828125 0.86875
0 0.9953125 0.8734375 0.96875 0.8734375 0.96875 0.9265625 0.9953125 0.9265625
0 0.95 0.84375 0.928125 0.84375 0.928125 0.8875 0.95 0.8875
0 0.96875 0.8859375 0.9375 0.8859375 0.9375 0.9421875 0.96875 0.9421875
0 0.934375 0.903125 0.90625 0.903125 0.90625 0.9546875 0.934375 0.9546875
0 0.903125 0.9203125 0.8796875 0.9203125 0.8796875 0.9640625 0.903125 0.9640625
0 0.925 0.846875 0.8953125 0.846875 0.8953125 0.896875 0.925 0.896875
0 0.8875 0.7890625000000002 0.8578125 0.7890625000000002 0.8578125 0.85 0.8875 0.85
0 0.834375 0.8234375 0.8078125 0.8234375 0.8078125 0.8703125 0.834375 0.8703125
0 0.7984375000000001 0.8265625 0.7671875000000001 0.8265625 0.7671875000000001 0.8828125 0.7984375000000001 0.8828125
0 0.7703125000000002 0.84375 0.7515625000000001 0.84375 0.7515625000000001 0.8859375 0.7703125000000002 0.8859375
0 0.7437500000000001 0.846875 0.7171875000000002 0.846875 0.7171875000000002 0.89375 0.7437500000000001 0.89375
0 0.7046875000000001 0.8578125 0.6750000000000002 0.8578125 0.6750000000000002 0.909375 0.7046875000000001 0.909375
0 0.6109375000000001 0.8328125 0.6000000000000002 0.8328125 0.6000000000000002 0.8890625 0.6109375000000001 0.8890625
0 0.6359375000000002 0.8375 0.6093750000000002 0.8375 0.6093750000000002 0.8828125 0.6359375000000002 0.8828125
0 0.6515625000000002 0.8296875 0.6328125000000002 0.8296875 0.6328125000000002 0.8703125 0.6515625000000002 0.8703125
0 0.6734375000000001 0.825 0.6531250000000002 0.825 0.6531250000000002 0.8640625 0.6734375000000001 0.8640625
0 0.7000000000000002 0.8109375 0.6734375000000001 0.8109375 0.6734375000000001 0.8578125 0.7000000000000002 0.8578125
0 0.7265625000000002 0.8 0.7015625000000002 0.8 0.7015625000000002 0.8515625 0.7265625000000002 0.8515625
0 0.7500000000000002 0.7953125000000001 0.7250000000000002 0.7953125 0.7250000000000002 0.84375 0.7500000000000002 0.84375
0 0.7718750000000002 0.7875000000000002 0.7484375000000002 0.7875000000000002 0.7484375000000002 0.834375 0.7718750000000002 0.834375
0 0.7937500000000002 0.7796875000000002 0.7718750000000002 0.7796875000000002 0.7718750000000002 0.8265625 0.7937500000000002 0.8265625
0 0.8171875 0.7750000000000001 0.7937500000000002 0.7750000000000001 0.7937500000000002 0.81875 0.8171875 0.81875
0 0.8375 0.7671875000000001 0.8171875 0.7671875000000001 0.8171875 0.8109375 0.8375 0.8109375
0 0.859375 0.7609375000000002 0.8375 0.7609375000000002 0.8375 0.803125 0.859375 0.803125
2 0.953125 0.7343750000000002 0.8828125 0.7343750000000002 0.8828125 0.840625 0.953125 0.840625