1 0.696875 7.759285578972683e-17 0.5703125 6.984313776387249e-17 0.5703125 0.028125000000000077 0.696875 0.028125000000000087
0 0.60625 0.1546875000000001 0.553125 0.1546875000000001 0.553125 0.2156250000000001 0.60625 0.2156250000000001
0 0.775 0.1281250000000001 0.7328125 0.1281250000000001 0.7328125 0.1859375000000001 0.775 0.1859375000000001
0 0.4171875 0.26250000000000007 0.3796875 0.26250000000000007 0.3796875 0.3234375000000001 0.4171875 0.3234375000000001
0 0.05937500000000011 0.88125 0.02968750000000011 0.88125 0.02968750000000011 0.925 0.05937500000000011 0.925
0 0.034375000000000114 0.88125 0.015625000000000104 0.88125 0.015625000000000108 0.915625 0.034375000000000114 0.915625
0 0.007812500000000114 0.91875 1.1251442467166307e-16 0.91875 1.1500198848243113e-16 0.959375 0.007812500000000116 0.959375
0 0.029687500000000117 0.925 0.0046875000000001135 0.925 0.004687500000000116 0.9625 0.029687500000000124 0.9625
0 0.05312500000000011 0.93125 0.02812500000000011 0.93125 0.028125000000000115 0.9734375 0.05312500000000011 0.9734375
0 0.08593750000000011 0.9375 0.05625000000000011 0.9375 0.05625000000000011 0.978125 0.08593750000000011 0.978125
0 0.10937500000000014 0.9484375 0.08281250000000011 0.9484375 0.08281250000000011 0.9875 0.10937500000000014 0.9875
0 0.12812500000000013 0.9578125 0.10312500000000013 0.9578125 0.10312500000000013 0.9984375 0.12812500000000013 0.9984375
0 0.3187500000000001 0.671875 0.2953125000000001 0.671875 0.2953125000000001 0.7109375 0.3187500000000001 0.7109375
0 0.2984375000000001 0.6625 0.2734375000000001 0.6625 0.2734375000000001 0.703125 0.2984375000000001 0.703125
0 0.27812500000000007 0.65 0.2468750000000001 0.65 0.2468750000000001 0.7 0.27812500000000007 0.7
0 0.2453125000000001 0.6484375 0.2218750000000001 0.6484375 0.2218750000000001 0.6859375 0.2453125000000001 0.6859375
0 0.2218750000000001 0.6375 0.1937500000000001 0.6375 0.1937500000000001 0.678125 0.2218750000000001 0.678125
0 0.15625000000000008 0.6203125 0.1312500000000001 0.6203125 0.1312500000000001 0.6578125 0.15625000000000008 0.6578125
0 0.020312500000000074 0.5828125 7.137394626280668e-17 0.5828125 7.376583454239135e-17 0.621875 0.020312500000000077 0.621875
3 0.3843750000000001 0.675 0.3187500000000001 0.675 0.3187500000000001 0.740625 0.3843750000000001 0.740625
2 0.8203125 0.6937500000000001 0.7015625 0.69375 0.7015625000000001 0.7718750000000001 0.8203125 0.7718750000000002
0 0.703125 0.6453125 0.6578125 0.6453125 0.6578125 0.6859375 0.703125 0.6859375
0 0.59375 0.653125 0.55 0.653125 0.55 0.6921875 0.59375 0.6921875
0 0.925 0.5453125000000002 0.8765625 0.5453125000000002 0.8765625 0.5875000000000001 0.925 0.5875000000000001
0 0.91875 0.5953125000000001 0.8640625 0.5953125000000001 0.8640625 0.6453125000000002 0.91875 0.6453125000000002
0 0.89375 0.6531250000000002 0.846875 0.6531250000000002 0.846875 0.6937500000000002 0.89375 0.6937500000000002
0 0.9421875 0.6703125000000002 0.8953125 0.6703125000000002 0.8953125 0.7109375000000002 0.9421875 0.7109375000000002
0 0.965625 0.6296875000000002 0.915625 0.6296875000000002 0.915625 0.6750000000000002 0.965625 0.6750000000000002
0 1 0.5921875000000002 0.9609375 0.5921875000000002 0.9609375 0.6421875000000001 1 0.6421875000000001
0 1 0.6468750000000002 0.96875 0.6468750000000002 0.96875 0.6906250000000002 1 0.6906250000000002
0 0.965625 0.5687500000000002 0.921875 0.5687500000000002 0.921875 0.6109375000000001 0.965625 0.6109375000000001