0 0.946875 0.1796875000000001 0.90625 0.17968750000000008 0.90625 0.22031250000000008 0.946875 0.22031250000000008
0 0.984375 0.3578125000000001 0.946875 0.3578125000000001 0.946875 0.39531250000000007 0.984375 0.39531250000000007
0 0.9390625 0.3359375000000001 0.8984375 0.3359375000000001 0.8984375 0.3765625000000001 0.9390625 0.3765625000000001
0 0.9890625 0.3031250000000001 0.9484375 0.3031250000000001 0.9484375 0.3453125000000001 0.9890625 0.3453125000000001
0 0.865625 0.23593750000000008 0.825 0.23593750000000008 0.825 0.2765625000000001 0.865625 0.2765625000000001
0 0.74375 0.1781250000000001 0.70625 0.1781250000000001 0.70625 0.21875000000000008 0.74375 0.21875000000000008
0 0.71875 0.11250000000000009 0.675 0.11250000000000009 0.675 0.1531250000000001 0.71875 0.1531250000000001
0 0.7859375 0.3078125000000001 0.74375 0.3078125000000001 0.74375 0.3515625000000001 0.7859375 0.3515625000000001
0 0.5015625 0.6640625 0.4625 0.6640625 0.4625 0.721875 0.5015625 0.721875
0 0.4203125000000002 0.840625 0.39531250000000007 0.840625 0.39531250000000007 0.915625 0.4203125000000002 0.915625
0 0.17187500000000008 0.5890625 0.12656250000000008 0.5890625 0.12656250000000008 0.5984375 0.17187500000000008 0.5984375
2 0.5609375000000002 0.7765625 0.4515625000000002 0.7765625 0.4515625000000002 0.9 0.5609375000000002 0.9
0 0.859375 0.7593750000000001 0.8390625 0.7593750000000001 0.8390625 0.7968750000000002 0.859375 0.7968750000000002
0 1 0.6468750000000002 0.9921875 0.6468750000000002 0.9921875 0.6828125000000002 1 0.6828125000000002