3 0.5890625 0.715625 0.559375 0.715625 0.5593750000000001 0.75625 0.5890625000000002 0.75625
3 0.5546875000000002 0.896875 0.5375000000000002 0.896875 0.5375000000000002 0.9609375 0.5546875000000002 0.9609375
0 0.6687500000000002 0.8828125 0.6546875000000002 0.8828125 0.6546875000000002 0.9171875 0.6687500000000002 0.9171875
0 0.6687500000000002 0.8015625 0.6578125000000001 0.8015625 0.6578125000000001 0.8390625 0.6687500000000002 0.8390625
0 0.6515625000000002 0.7671875 0.6406250000000002 0.7671875 0.6406250000000002 0.8 0.6515625000000002 0.8
0 0.6515625 0.690625 0.6421875 0.690625 0.6421875 0.7140625 0.6515625 0.7140625
0 0.6625 0.6734375 0.6546875 0.6734375 0.6546875 0.696875 0.6625 0.696875
0 0.6656250000000001 0.7125 0.65625 0.7125 0.6562500000000001 0.7375 0.6656250000000001 0.7375
0 0.6265625 0.5578125 0.61875 0.5578125 0.61875 0.5796875 0.6265625 0.5796875
0 0.6390625 0.5796875 0.6296875 0.5796875 0.6296875 0.6015625 0.6390625 0.6015625
0 0.625 0.58125 0.615625 0.58125 0.615625 0.603125 0.625 0.603125
0 0.640625 0.2843750000000001 0.6359375 0.2843750000000001 0.6359375 0.2953125000000001 0.640625 0.2953125000000001
0 0.65 0.2500000000000001 0.6453125 0.2500000000000001 0.6453125 0.2593750000000001 0.65 0.2593750000000001
0 0.634375 0.2250000000000001 0.63125 0.2250000000000001 0.63125 0.23437500000000008 0.634375 0.23437500000000008