0 0.02187500000000004 0.3 3.6739403974420595e-17 0.3 3.884426566045511e-17 0.334375 0.02187500000000004 0.334375
0 0.2234375 0.28125 0.18593750000000003 0.28125 0.18593750000000003 0.3140625 0.2234375 0.3140625
0 0.2265625 0.24375 0.19062500000000004 0.24375 0.19062500000000004 0.2765625 0.2265625 0.2765625
0 0.309375 0.2203125 0.2734375 0.2203125 0.2734375 0.2515625 0.309375 0.2515625
0 0.4234375 0.18750000000000006 0.3875 0.18750000000000006 0.3875 0.22031250000000008 0.4234375 0.22031250000000008
0 0.409375 0.2468750000000001 0.375 0.2468750000000001 0.375 0.2953125000000001 0.409375 0.2953125000000001
0 0.321875 0.31875 0.2875 0.31875 0.28750000000000003 0.3734375 0.3218750000000001 0.3734375
0 0.37968750000000007 0.446875 0.3500000000000001 0.446875 0.3500000000000001 0.5125 0.37968750000000007 0.5125
0 0.40625 0.434375 0.3765625000000001 0.434375 0.3765625000000001 0.496875 0.40625 0.496875
0 0.43125 0.5234375 0.4015625 0.5234375 0.4015625 0.584375 0.43125 0.584375
2 0.4453125 0.10000000000000005 0.3390625 0.10000000000000005 0.3390625 0.16406250000000006 0.4453125 0.16406250000000006
0 0.7875 0.3296875000000001 0.7390625 0.3296875000000001 0.7390625 0.3703125000000001 0.7875 0.3703125000000001
0 0.5828125 0.3656250000000001 0.53125 0.3656250000000001 0.53125 0.409375 0.5828125 0.409375
0 0.665625 0.4890625 0.61875 0.4890625 0.61875 0.53125 0.665625 0.53125
0 1 0.4125000000000002 0.959375 0.4125000000000002 0.959375 0.45625000000000016 1 0.45625000000000016
0 1 0.5375000000000002 0.9921875 0.5375000000000002 0.9921875 0.6156250000000002 1 0.6156250000000002
0 0.11562500000000012 0.85625 0.08281250000000011 0.85625 0.08281250000000011 0.940625 0.11562500000000013 0.940625
0 0.2468750000000001 0.75625 0.2140625000000001 0.75625 0.2140625000000001 0.8046875 0.2468750000000001 0.8046875
0 0.34843750000000007 0.7890625 0.31718750000000007 0.7890625 0.31718750000000007 0.834375 0.34843750000000007 0.834375
0 0.3218750000000001 0.8015625 0.3031250000000001 0.8015625 0.3031250000000001 0.8359375 0.3218750000000001 0.8359375
0 0.42187500000000017 0.8265625 0.3968750000000001 0.8265625 0.3968750000000001 0.86875 0.42187500000000017 0.86875
0 0.4437500000000002 0.825 0.41718750000000016 0.825 0.41718750000000016 0.8640625 0.4437500000000002 0.8640625
0 0.46875000000000017 0.8140625 0.4421875000000002 0.8140625 0.4421875000000002 0.8640625 0.46875000000000017 0.8640625
0 0.5000000000000002 0.809375 0.46875000000000017 0.809375 0.46875000000000017 0.85625 0.5000000000000002 0.85625
0 0.1375000000000001 0.790625 0.11250000000000009 0.790625 0.11250000000000009 0.83125 0.1375000000000001 0.83125
0 0.6203125000000002 0.934375 0.5750000000000002 0.934375 0.5750000000000002 0.9765625 0.6203125000000002 0.9765625
0 0.7109375000000002 0.9859375 0.6625000000000002 0.9859375 0.6625000000000002 1 0.7109375000000002 1
0 0.8046875 0.93125 0.7562500000000002 0.93125 0.7562500000000002 0.971875 0.8046875 0.971875