0 0.4203125 0.16562500000000005 0.3640625 0.16562500000000005 0.3640625 0.2140625000000001 0.4203125 0.2140625000000001
0 0.2890625 0.15156250000000004 0.234375 0.15156250000000004 0.234375 0.19687500000000005 0.2890625 0.19687500000000005
0 0.215625 0.08125000000000002 0.165625 0.08125000000000002 0.165625 0.12656250000000002 0.215625 0.12656250000000005
0 0.2234375 0.035937500000000025 0.1734375 0.035937500000000025 0.1734375 0.07968750000000002 0.2234375 0.07968750000000002
0 0.05468750000000002 0.128125 0.001562500000000016 0.128125 0.0015625000000000198 0.190625 0.05468750000000002 0.190625
0 0.9859375 0.2375000000000001 0.9515625 0.2375000000000001 0.9515625 0.2906250000000001 0.9859375 0.2906250000000001
0 0.959375 0.29375000000000007 0.93125 0.29375000000000007 0.93125 0.3390625000000001 0.959375 0.3390625000000001
0 0.9234375 0.3000000000000001 0.8953125 0.3000000000000001 0.8953125 0.3390625000000001 0.9234375 0.3390625000000001
0 0.8984375 0.2906250000000001 0.8640625 0.2906250000000001 0.8640625 0.3390625000000001 0.8984375 0.3390625000000001
0 0.8859375 0.2218750000000001 0.85 0.2218750000000001 0.85 0.2828125000000001 0.8859375 0.2828125000000001
0 0.8234375 0.23437500000000008 0.7921875 0.23437500000000008 0.7921875 0.2828125000000001 0.8234375 0.2828125000000001
0 0.7890625 0.2234375000000001 0.753125 0.2234375000000001 0.753125 0.2812500000000001 0.7890625 0.2812500000000001
0 0.759375 0.2312500000000001 0.734375 0.2312500000000001 0.734375 0.2734375000000001 0.759375 0.2734375000000001
0 0.73125 0.2250000000000001 0.7015625 0.2250000000000001 0.7015625 0.2687500000000001 0.73125 0.2687500000000001
0 0.690625 0.2156250000000001 0.6578125 0.2156250000000001 0.6578125 0.2671875000000001 0.690625 0.2671875000000001
0 0.56875 0.16093750000000007 0.540625 0.16093750000000004 0.540625 0.20468750000000008 0.56875 0.20468750000000008
0 0.5859375 0.1625000000000001 0.559375 0.1625000000000001 0.559375 0.2078125000000001 0.5859375 0.2078125000000001
0 0.6125 0.15781250000000008 0.5796875 0.15781250000000008 0.5796875 0.21250000000000008 0.6125 0.21250000000000008
0 0.6359375 0.17343750000000008 0.6078125 0.17343750000000008 0.6078125 0.2140625000000001 0.6359375 0.2140625000000001
0 0.653125 0.17187500000000008 0.63125 0.17187500000000008 0.63125 0.2140625000000001 0.653125 0.2140625000000001
0 0.678125 0.17187500000000008 0.6515625 0.17187500000000008 0.6515625 0.2140625000000001 0.678125 0.2140625000000001
0 0.70625 0.1703125000000001 0.675 0.1703125000000001 0.675 0.2234375000000001 0.70625 0.2234375000000001
0 0.73125 0.1765625000000001 0.703125 0.1765625000000001 0.703125 0.22031250000000008 0.73125 0.22031250000000008
0 0.7578125 0.17968750000000008 0.728125 0.17968750000000008 0.728125 0.2250000000000001 0.7578125 0.2250000000000001
0 0.7796875 0.17968750000000008 0.7515625 0.17968750000000008 0.7515625 0.22656250000000008 0.7796875 0.22656250000000008
0 0.803125 0.1828125000000001 0.7765625 0.1828125000000001 0.7765625 0.2296875000000001 0.803125 0.2296875000000001
0 0.825 0.1843750000000001 0.7984375 0.1843750000000001 0.7984375 0.2296875000000001 0.825 0.2296875000000001
0 0.8484375 0.1843750000000001 0.821875 0.1843750000000001 0.821875 0.2312500000000001 0.8484375 0.2312500000000001
0 0.871875 0.18750000000000008 0.8453125 0.18750000000000008 0.8453125 0.2296875000000001 0.871875 0.2296875000000001
2 0.9578125 0.1906250000000001 0.878125 0.1906250000000001 0.878125 0.2984375000000001 0.9578125 0.2984375000000001
0 0.023437500000000062 0.484375 5.931882933369991e-17 0.484375 6.343287717458556e-17 0.5515625 0.023437500000000066 0.5515625
0 0.31718750000000007 0.409375 0.2687500000000001 0.409375 0.2687500000000001 0.48125 0.31718750000000007 0.48125
0 0.14531250000000012 0.9328125 0.10312500000000013 0.9328125 0.10312500000000013 0.9890625 0.14531250000000012 0.9890625
2 0.9140625 0.7218750000000002 0.7296875 0.7218750000000002 0.7296875 0.8140625 0.9140625 0.8140625
0 0.790625 0.6734375000000001 0.7421875 0.6734375000000001 0.7421875 0.7171875000000002 0.790625 0.7171875000000002
0 0.7359375 0.6656250000000001 0.6875 0.665625 0.6875 0.7078125000000001 0.7359375 0.7078125000000002
0 0.7265625000000001 0.7187500000000001 0.6765625 0.71875 0.6765625000000001 0.7640625000000001 0.7265625000000002 0.7640625000000002
0 0.5375 0.4390625 0.5015625 0.4390625 0.5015625 0.515625 0.5375 0.515625
0 0.5390625 0.3390625000000001 0.5015625 0.3390625000000001 0.5015625 0.39531250000000007 0.5390625 0.39531250000000007