0 0.054687500000000056 0.4421875 0.010937500000000055 0.4421875 0.010937500000000057 0.4765625 0.05468750000000007 0.4765625
0 0.2921875000000001 0.58125 0.2500000000000001 0.58125 0.2500000000000001 0.6125 0.2921875000000001 0.6125
0 0.2953125000000001 0.6265625 0.2531250000000001 0.6265625 0.2531250000000001 0.6625 0.2953125000000001 0.6625
0 0.5796875 0.634375 0.559375 0.634375 0.559375 0.709375 0.5796875 0.709375
0 0.6656250000000001 0.6875 0.6328125 0.6875 0.6328125000000001 0.7484375 0.6656250000000001 0.7484375
0 0.534375 0.3781250000000001 0.515625 0.3781250000000001 0.515625 0.4484375 0.534375 0.4484375
0 0.515625 0.16406250000000006 0.496875 0.16406250000000006 0.496875 0.2375000000000001 0.515625 0.2375000000000001
0 0.49375 0.05156250000000007 0.471875 0.05156250000000007 0.471875 0.12812500000000004 0.49375 0.12812500000000004
0 0.5234375 0.034375000000000065 0.503125 0.034375000000000065 0.503125 0.10468750000000004 0.5234375 0.10468750000000004
0 0.6296875000000002 0.796875 0.6078125000000002 0.796875 0.6078125000000002 0.8765625 0.6296875000000002 0.8765625
0 0.7578125 0.6265625000000001 0.7109375 0.6265625 0.7109375 0.6671875 0.7578125 0.6671875000000002
0 0.7734375 0.45625000000000016 0.728125 0.45625000000000016 0.728125 0.49531250000000016 0.7734375 0.49531250000000016
0 0.7765625 0.5062500000000002 0.7296875 0.5062500000000002 0.7296875 0.5406250000000001 0.7765625 0.5406250000000001
0 0.8296875 0.4984375000000002 0.7890625 0.4984375000000002 0.7890625 0.5296875000000002 0.8296875 0.5296875000000002
0 0.8328125 0.45625000000000016 0.790625 0.45625000000000016 0.790625 0.48750000000000016 0.8328125 0.48750000000000016
0 0.8984375 0.4578125000000002 0.85 0.4578125000000002 0.85 0.4906250000000002 0.8984375 0.4906250000000002
0 0.8859375 0.4984375000000002 0.8421875 0.4984375000000002 0.8421875 0.5343750000000002 0.8859375 0.5343750000000002
0 0.9375 0.5015625000000001 0.896875 0.5015625000000001 0.896875 0.5312500000000002 0.9375 0.5312500000000002
0 0.990625 0.5015625000000001 0.9453125 0.5015625000000001 0.9453125 0.5359375000000002 0.990625 0.5359375000000002