3 0.428125 0.528125 0.39531250000000007 0.528125 0.39531250000000007 0.5703125 0.428125 0.5703125
0 0.5015625 0.61875 0.4890625 0.61875 0.4890625 0.65 0.5015625 0.65
0 0.4890625 0.5828125 0.475 0.5828125 0.475 0.615625 0.4890625 0.615625
0 0.4921875 0.50625 0.48125 0.50625 0.48125 0.53125 0.4921875 0.53125
0 0.503125 0.490625 0.49375 0.490625 0.49375 0.5140625 0.503125 0.5140625
0 0.5046875 0.5296875 0.49375 0.5296875 0.49375 0.5546875 0.5046875 0.5546875
0 0.4734375 0.3734375000000001 0.4640625 0.3734375000000001 0.4640625 0.39531250000000007 0.4734375 0.39531250000000007
0 0.484375 0.3968750000000001 0.475 0.3968750000000001 0.475 0.41875 0.484375 0.41875
0 0.471875 0.3968750000000001 0.4609375 0.3968750000000001 0.4609375 0.41875 0.471875 0.41875
0 0.503125 0.10156250000000004 0.496875 0.10156250000000004 0.496875 0.11250000000000004 0.503125 0.11250000000000004
0 0.5125 0.06718750000000007 0.5078125 0.06718750000000007 0.5078125 0.07656250000000006 0.5125 0.07656250000000006
0 0.5 0.04218750000000006 0.4953125 0.04218750000000006 0.4953125 0.05156250000000007 0.5 0.05156250000000007
0 0.6296875 0.3468750000000001 0.5953125 0.3468750000000001 0.5953125 0.3937500000000001 0.6296875 0.3937500000000001
0 0.5828125 0.05937500000000007 0.55 0.05937500000000007 0.55 0.10781250000000009 0.5828125 0.10781250000000009
0 0.8921875 0.1468750000000001 0.85625 0.1468750000000001 0.85625 0.2000000000000001 0.8921875 0.2000000000000001
0 0.85 0.1296875000000001 0.8203125 0.1296875000000001 0.8203125 0.1765625000000001 0.85 0.1765625000000001
0 0.65 0.1390625000000001 0.6203125 0.1390625000000001 0.6203125 0.1828125000000001 0.65 0.1828125000000001
0 0.5578125 0.16406250000000006 0.5390625 0.16406250000000006 0.5390625 0.21093750000000008 0.5578125 0.21093750000000008
0 0.8109375 0.11562500000000009 0.78125 0.11562500000000009 0.78125 0.1625000000000001 0.8109375 0.1625000000000001
0 0.778125 0.10937500000000008 0.75 0.10937500000000008 0.75 0.15781250000000008 0.778125 0.15781250000000008
0 0.75 0.10937500000000008 0.71875 0.10937500000000008 0.71875 0.15000000000000008 0.75 0.15000000000000008
0 0.7046875 0.09375000000000008 0.671875 0.09375000000000008 0.671875 0.1375000000000001 0.7046875 0.1375000000000001
0 0.9953125 1.2083819588461776e-16 0.978125 1.197857650416005e-16 0.978125 0.06562500000000011 0.9953125 0.06562500000000011
0 1 0.3281250000000001 0.9734375 0.3281250000000001 0.9734375 0.3843750000000001 1 0.3843750000000001
0 1 0.5000000000000002 0.9765625 0.5000000000000002 0.9765625 0.5812500000000002 1 0.5812500000000002
0 0.5734375 0.446875 0.54375 0.446875 0.54375 0.4875 0.5734375 0.4875
0 0.6046875 0.453125 0.5765625 0.453125 0.5765625 0.49375 0.6046875 0.49375
0 0.6421875 0.4609375 0.6140625 0.4609375 0.6140625 0.5046875 0.6421875 0.5046875
0 0.6828125 0.46875 0.65 0.46875 0.65 0.515625 0.6828125 0.515625
0 0.715625 0.4796875 0.6859375 0.4796875 0.6859375 0.528125 0.715625 0.528125
0 0.759375 0.4890625000000002 0.7296875 0.4890625000000002 0.7296875 0.5359375000000002 0.759375 0.5359375000000002
0 0.78125 0.4937500000000002 0.7609375 0.4937500000000002 0.7609375 0.5375000000000002 0.78125 0.5375000000000002
0 0.8171875 0.5000000000000002 0.78125 0.5000000000000002 0.78125 0.5437500000000002 0.8171875 0.5437500000000002
0 0.85625 0.5156250000000002 0.8234375 0.5156250000000002 0.8234375 0.5640625000000001 0.85625 0.5640625000000001
0 0.9234375 0.5281250000000002 0.896875 0.5281250000000002 0.896875 0.5765625000000002 0.9234375 0.5765625000000002
0 0.13906250000000014 0.98125 0.08125000000000011 0.98125 0.08125000000000013 1 0.13906250000000014 1
0 0.17656250000000012 0.909375 0.10937500000000014 0.909375 0.10937500000000014 0.9734375 0.17656250000000012 0.9734375
0 0.11250000000000009 0.775 0.057812500000000086 0.775 0.0578125000000001 0.840625 0.11250000000000009 0.840625
0 0.029687500000000082 0.6609375 8.094149938114538e-17 0.6609375 8.572527594031472e-17 0.7390625 0.02968750000000009 0.7390625
0 0.7781250000000002 0.95 0.7515625000000001 0.95 0.7515625000000001 1 0.7781250000000002 1
0 0.83125 0.7171875000000002 0.8078125 0.7171875000000002 0.8078125 0.7828125000000001 0.83125 0.7828125000000001
0 0.7078125000000002 0.8265625 0.6718750000000002 0.8265625 0.6718750000000002 0.896875 0.7078125000000002 0.896875
0 0.6453125000000002 0.91875 0.5984375000000002 0.91875 0.5984375000000002 0.9765625 0.6453125000000002 0.9765625
0 0.7421875 0.6500000000000001 0.7171875 0.65 0.7171875 0.7156250000000001 0.7421875 0.7156250000000002