0 0.20468750000000008 0.603125 0.1593750000000001 0.603125 0.1593750000000001 0.6453125 0.20468750000000008 0.6453125
0 0.07343750000000009 0.6609375 0.020312500000000084 0.6609375 0.020312500000000087 0.7125 0.07343750000000009 0.7125
0 0.05312500000000007 0.484375 0.0031250000000000596 0.484375 0.003125000000000064 0.5578125 0.05312500000000007 0.5578125
0 0.04687500000000004 0.31875 0.00937500000000004 0.31875 0.009375000000000043 0.3859375 0.04687500000000004 0.3859375
0 0.3218750000000001 0.5328125 0.27812500000000007 0.5328125 0.27812500000000007 0.575 0.3218750000000001 0.575
0 0.3265625000000001 0.4703125 0.2812500000000001 0.4703125 0.2812500000000001 0.515625 0.3265625000000001 0.515625
0 0.3218750000000001 0.425 0.2734375000000001 0.425 0.2734375000000001 0.4703125 0.3218750000000001 0.4703125
0 0.3890625000000001 0.425 0.3421875000000001 0.425 0.3421875000000001 0.471875 0.3890625000000001 0.471875
0 0.521875 0.6125 0.4734375 0.6125 0.4734375 0.659375 0.521875 0.659375
0 0.509375 0.471875 0.4625 0.471875 0.4625 0.5171875 0.509375 0.5171875
0 0.4421875 0.5203125 0.39531250000000007 0.5203125 0.39531250000000007 0.565625 0.4421875 0.565625
0 0.3843750000000001 0.5234375 0.3359375000000001 0.5234375 0.3359375000000001 0.5703125 0.3843750000000001 0.5703125
0 0.3812500000000001 0.4703125 0.3281250000000001 0.4703125 0.3281250000000001 0.51875 0.3812500000000001 0.51875
0 0.4453125 0.421875 0.39531250000000007 0.421875 0.39531250000000007 0.46875 0.4453125 0.46875
0 0.60625 0.465625 0.5578125 0.465625 0.5578125 0.5109375 0.60625 0.5109375
0 0.609375 0.4203125 0.590625 0.4203125 0.590625 0.465625 0.609375 0.465625
1 0.3203125000000001 0.5734375 0.2515625000000001 0.5734375 0.2515625000000001 0.63125 0.3203125000000001 0.63125
3 0.5328125 0.3921875000000001 0.4578125 0.3921875000000001 0.4578125 0.4671875 0.5328125 0.4671875
0 0.4359375 0.4734375 0.3859375000000001 0.4734375 0.3859375000000001 0.51875 0.4359375 0.51875
0 0.834375 0.3593750000000001 0.765625 0.3593750000000001 0.765625 0.42500000000000016 0.834375 0.42500000000000016
0 0.7765625 0.4171875000000001 0.7125 0.4171875 0.7125 0.4781250000000001 0.7765625 0.4781250000000002
0 0.678125 0.4421875 0.609375 0.4421875 0.609375 0.5125 0.678125 0.5125
0 0.675 0.06250000000000008 0.61875 0.06250000000000007 0.61875 0.1390625000000001 0.675 0.1390625000000001
0 0.64375 0.08281250000000008 0.609375 0.08281250000000007 0.609375 0.1671875000000001 0.64375 0.1671875000000001
0 0.965625 0.29375000000000007 0.89375 0.29375000000000007 0.89375 0.3593750000000001 0.965625 0.3593750000000001
0 0.7234375 0.5328125 0.65 0.5328125 0.65 0.6 0.7234375 0.6
0 1 0.5625000000000002 0.9875 0.5625000000000002 0.9875 0.6312500000000002 1 0.6312500000000002
0 0.018750000000000114 0.90625 1.1098361617272889e-16 0.90625 1.1385388210823048e-16 0.953125 0.018750000000000117 0.953125
0 0.029687500000000117 0.94375 1.1557604166953146e-16 0.94375 1.190203607921334e-16 1 0.029687500000000124 1
0 0.06406250000000012 0.9546875 0.031250000000000125 0.9546875 0.031250000000000125 1 0.06406250000000013 1
0 0.09218750000000012 0.959375 0.06562500000000011 0.959375 0.06562500000000013 1 0.09218750000000013 1
0 0.05312500000000011 0.8984375 0.01875000000000011 0.8984375 0.018750000000000114 0.95 0.05312500000000011 0.95
0 0.06718750000000011 0.8296875 0.0312500000000001 0.8296875 0.031250000000000104 0.890625 0.06718750000000011 0.890625
0 0.12500000000000008 0.8421875 0.09375000000000011 0.8421875 0.09375000000000011 0.890625 0.12500000000000008 0.890625
0 0.16406250000000008 0.8296875 0.1281250000000001 0.8296875 0.1281250000000001 0.8890625 0.16406250000000008 0.8890625
0 0.1843750000000001 0.8390625 0.1593750000000001 0.8390625 0.1593750000000001 0.88125 0.1843750000000001 0.88125
0 0.2156250000000001 0.83125 0.1859375000000001 0.83125 0.1859375000000001 0.8796875 0.2156250000000001 0.8796875
0 0.2609375000000001 0.825 0.22812500000000008 0.825 0.22812500000000008 0.8765625 0.2609375000000001 0.8765625
0 0.3781250000000001 0.7796875 0.3500000000000001 0.7796875 0.3500000000000001 0.8125 0.3781250000000001 0.8125
0 0.35625000000000007 0.7796875 0.33281250000000007 0.7796875 0.33281250000000007 0.8171875 0.35625000000000007 0.8171875
0 0.3375000000000001 0.7796875 0.3046875000000001 0.7796875 0.3046875000000001 0.821875 0.3375000000000001 0.821875
0 0.3125000000000001 0.78125 0.2828125000000001 0.78125 0.2828125000000001 0.825 0.3125000000000001 0.825
0 0.28593750000000007 0.7796875 0.26250000000000007 0.7796875 0.26250000000000007 0.8265625 0.28593750000000007 0.8265625
0 0.2656250000000001 0.7859375 0.2406250000000001 0.7859375 0.2406250000000001 0.8234375 0.2656250000000001 0.8234375
0 0.24218750000000008 0.7796875 0.21093750000000008 0.7796875 0.21093750000000008 0.828125 0.24218750000000008 0.828125
0 0.2140625000000001 0.78125 0.1843750000000001 0.78125 0.1843750000000001 0.8296875 0.2140625000000001 0.8296875
0 0.1906250000000001 0.7859375 0.1609375000000001 0.7859375 0.1609375000000001 0.834375 0.1906250000000001 0.834375
0 0.16562500000000008 0.784375 0.1375000000000001 0.784375 0.1375000000000001 0.834375 0.16562500000000008 0.834375
0 0.14062500000000008 0.7890625 0.1140625000000001 0.7890625 0.1140625000000001 0.8359375 0.14062500000000008 0.8359375
0 0.11875000000000009 0.790625 0.0906250000000001 0.790625 0.0906250000000001 0.8359375 0.11875000000000009 0.8359375
0 0.0953125000000001 0.7921875 0.06875000000000009 0.7921875 0.0687500000000001 0.8390625 0.0953125000000001 0.8390625
0 0.0718750000000001 0.79375 0.0453125000000001 0.79375 0.0453125000000001 0.8375 0.0718750000000001 0.8375
2 0.0375000000000001 0.7921875 9.701498861995439e-17 0.7921875 1.0399930239634162e-16 0.90625 0.03750000000000011 0.90625
2 0.6859375000000002 0.896875 0.6171875000000002 0.896875 0.6171875000000002 1 0.6859375000000002 1
0 0.6750000000000002 0.796875 0.6468750000000002 0.796875 0.6468750000000002 0.8671875 0.6750000000000002 0.8671875