2 0.09687500000000004 0.2984375 0.009375000000000036 0.2984375 0.00937500000000004 0.3390625 0.09687500000000004 0.3390625
2 0.3531250000000001 0.3828125 0.18437500000000004 0.3828125 0.18437500000000004 0.4234375 0.3531250000000001 0.4234375
2 0.7125 0.3468750000000001 0.6140625 0.3468750000000001 0.6140625 0.3859375000000001 0.7125 0.3859375000000001
3 0.2875000000000001 0.4921875 0.23593750000000008 0.4921875 0.23593750000000008 0.5265625 0.2875000000000001 0.5265625
3 0.4796875 0.3750000000000001 0.446875 0.3750000000000001 0.446875 0.4359375 0.4796875 0.4359375
0 0.08750000000000006 0.471875 0.05156250000000007 0.471875 0.05156250000000007 0.4953125 0.08750000000000006 0.4953125
0 0.18593750000000003 0.46875 0.15625000000000006 0.46875 0.15625000000000006 0.4921875 0.18593750000000003 0.4921875
0 0.2328125000000001 0.475 0.2000000000000001 0.475 0.2000000000000001 0.5015625 0.2328125000000001 0.5015625
0 0.15000000000000005 0.340625 0.11875000000000005 0.340625 0.11875000000000005 0.3625 0.15000000000000005 0.3625
0 0.3234375 0.31875 0.2953125 0.31875 0.2953125 0.3421875 0.3234375 0.3421875
0 0.503125 0.2687500000000001 0.4765625 0.2687500000000001 0.4765625 0.29375000000000007 0.503125 0.29375000000000007
0 0.765625 0.2531250000000001 0.7375 0.2531250000000001 0.7375 0.2750000000000001 0.765625 0.2750000000000001
0 0.71875 0.27812500000000007 0.6875 0.27812500000000007 0.6875 0.3046875000000001 0.71875 0.3046875000000001
0 0.678125 0.2796875000000001 0.65 0.2796875000000001 0.65 0.3031250000000001 0.678125 0.3031250000000001
0 0.6234375 0.2812500000000001 0.5953125 0.2812500000000001 0.5953125 0.3046875000000001 0.6234375 0.3046875000000001
0 0.584375 0.2828125000000001 0.5546875 0.2828125000000001 0.5546875 0.3031250000000001 0.584375 0.3031250000000001
0 0.584375 0.3062500000000001 0.553125 0.3062500000000001 0.553125 0.3296875000000001 0.584375 0.3296875000000001
0 0.671875 0.4625 0.6421875 0.4625 0.6421875 0.4859375 0.671875 0.4859375
0 0.7578125 0.4187500000000002 0.7296875 0.4187500000000002 0.7296875 0.4421875000000002 0.7578125 0.4421875000000002
0 0.915625 0.40625000000000017 0.8859375 0.40625000000000017 0.8859375 0.4312500000000002 0.915625 0.4312500000000002
0 0.8671875 0.4156250000000002 0.8390625 0.4156250000000002 0.8390625 0.4390625000000002 0.8671875 0.4390625000000002
0 0.3296875000000001 0.465625 0.30156250000000007 0.465625 0.30156250000000007 0.4890625 0.3296875000000001 0.4890625
0 0.3828125000000001 0.465625 0.3515625000000001 0.465625 0.3515625000000001 0.4875 0.3828125000000001 0.4875
0 0.415625 0.5078125 0.3859375000000001 0.5078125 0.3859375000000001 0.5421875 0.415625 0.5421875
0 0.459375 0.5984375 0.4375 0.5984375 0.4375 0.6515625 0.459375 0.6515625
0 0.5140625 0.53125 0.4984375 0.53125 0.4984375 0.58125 0.5140625 0.58125
0 0.4671875000000002 0.7609375 0.4515625000000002 0.7609375 0.4515625000000002 0.8234375 0.4671875000000002 0.8234375
3 0.14218750000000005 0.4671875 0.10156250000000004 0.4671875 0.10156250000000004 0.4953125 0.14218750000000005 0.4953125