0 0.08906250000000009 0.653125 0.039062500000000076 0.653125 0.03906250000000008 0.6921875 0.08906250000000009 0.6921875
0 0.21875000000000008 0.671875 0.17187500000000008 0.671875 0.17187500000000008 0.70625 0.21875000000000008 0.70625
0 0.3031250000000001 0.6203125 0.2593750000000001 0.6203125 0.2593750000000001 0.65625 0.3031250000000001 0.65625
0 0.3062500000000001 0.575 0.26250000000000007 0.575 0.26250000000000007 0.609375 0.3062500000000001 0.609375
0 0.4453125000000001 0.7046875 0.4046875 0.7046875 0.4046875000000001 0.7578125 0.44531250000000017 0.7578125
2 0.88125 0.5328125000000001 0.76875 0.5328125000000001 0.76875 0.5765625000000002 0.88125 0.5765625000000002
0 0.76875 0.4984375000000001 0.721875 0.4984375 0.721875 0.5328125000000001 0.76875 0.5328125000000001
0 0.75 0.4515625000000001 0.70625 0.4515625 0.70625 0.4843750000000001 0.75 0.48437500000000017
0 0.8296875 0.4468750000000002 0.7890625 0.4468750000000002 0.7890625 0.4812500000000002 0.8296875 0.4812500000000002
0 0.896875 0.44843750000000016 0.85 0.44843750000000016 0.85 0.48437500000000017 0.896875 0.48437500000000017
0 0.828125 0.4890625000000002 0.7859375 0.4890625000000002 0.7859375 0.5218750000000002 0.828125 0.5218750000000002
0 0.8875 0.49218750000000017 0.8453125 0.49218750000000017 0.8453125 0.5218750000000002 0.8875 0.5218750000000002
0 0.9390625 0.49218750000000017 0.896875 0.49218750000000017 0.896875 0.5203125000000002 0.9390625 0.5203125000000002
0 0.940625 0.5406250000000001 0.896875 0.5406250000000001 0.896875 0.5671875000000002 0.940625 0.5671875000000002
0 0.996875 0.5406250000000001 0.953125 0.5406250000000001 0.953125 0.5718750000000001 0.996875 0.5718750000000001
0 0.9921875 0.49218750000000017 0.946875 0.49218750000000017 0.946875 0.5281250000000002 0.9921875 0.5281250000000002
0 0.9765625 0.4468750000000002 0.93125 0.4468750000000002 0.93125 0.4812500000000002 0.9765625 0.4812500000000002