2 0.4718750000000001 0.6671875 0.3078125000000001 0.6671875 0.3078125000000001 0.7578125 0.47187500000000016 0.7578125
2 0.59375 0.32500000000000007 0.565625 0.32500000000000007 0.565625 0.5109375 0.59375 0.5109375
0 0.5265625 0.018750000000000065 0.50625 0.018750000000000062 0.50625 0.09843750000000007 0.5265625 0.09843750000000007
0 0.08125000000000007 0.4859375 0.03437500000000006 0.4859375 0.03437500000000006 0.515625 0.08125000000000007 0.515625
0 0.10937500000000008 0.5609375 0.06562500000000007 0.5609375 0.06562500000000007 0.5953125 0.10937500000000008 0.5953125
0 0.534375 0.63125 0.5015625 0.63125 0.5015625 0.70625 0.534375 0.70625
0 0.5875 0.5859375 0.5671875 0.5859375 0.5671875 0.6625 0.5875 0.6625
0 0.6687500000000001 0.6671875 0.6328125 0.6671875 0.6328125000000001 0.7375 0.6687500000000002 0.7375
0 0.6046875000000002 0.8234375 0.5812500000000002 0.8234375 0.5812500000000002 0.9015625 0.6046875000000002 0.9015625
0 0.925 0.4781250000000002 0.88125 0.4781250000000002 0.88125 0.5109375000000002 0.925 0.5109375000000002
0 0.8390625 0.6203125000000002 0.7953125 0.6203125000000002 0.7953125 0.6515625000000002 0.8390625 0.6515625000000002
0 0.8390625 0.48437500000000017 0.7984375 0.48437500000000017 0.7984375 0.5171875000000001 0.8390625 0.5171875000000001
0 0.771875 0.4890625000000002 0.73125 0.4890625000000002 0.73125 0.5218750000000002 0.771875 0.5218750000000002
0 0.659375 0.4171875 0.6234375 0.4171875 0.6234375 0.45625 0.659375 0.45625
3 0.7796875 0.4500000000000002 0.7390625 0.4500000000000002 0.7390625 0.4828125000000002 0.7796875 0.4828125000000002