3 0.378125 0.22656250000000006 0.3 0.2265625 0.3 0.3375 0.378125 0.3375000000000001
0 0.2593750000000001 0.4953125 0.2078125000000001 0.4953125 0.2078125000000001 0.51875 0.2593750000000001 0.51875
3 1 0.3890625000000001 0.98125 0.3890625000000001 0.98125 0.44843750000000016 1 0.44843750000000016
0 0.018750000000000086 0.6859375 8.400311637901375e-17 0.6859375 8.658635572096521e-17 0.728125 0.01875000000000009 0.728125
0 0.07656250000000009 0.6796875 0.028125000000000077 0.6796875 0.028125000000000084 0.721875 0.07656250000000009 0.721875
0 0.08593750000000008 0.7328125 0.03593750000000009 0.7328125 0.035937500000000094 0.778125 0.08593750000000008 0.778125
0 0.2687500000000001 0.51875 0.23437500000000008 0.51875 0.23437500000000008 0.5359375 0.2687500000000001 0.5359375
0 0.3312500000000001 0.70625 0.2890625000000001 0.70625 0.2890625000000001 0.790625 0.3312500000000001 0.790625
0 0.37187500000000007 0.9171875 0.3281250000000001 0.9171875 0.3281250000000001 1 0.37187500000000007 1
0 0.5000000000000002 0.953125 0.4671875000000002 0.953125 0.4671875000000002 1 0.5000000000000002 1
0 0.6140625000000002 0.95625 0.5843750000000002 0.95625 0.5843750000000002 1 0.6140625000000002 1
0 0.7156250000000002 0.940625 0.6843750000000002 0.940625 0.6843750000000002 0.9890625 0.7156250000000002 0.9890625
0 0.7718750000000002 0.940625 0.7437500000000001 0.940625 0.7437500000000001 0.9859375 0.7718750000000002 0.9859375
0 0.8125 0.934375 0.7796875000000002 0.934375 0.7796875000000002 0.984375 0.8125 0.984375
0 0.83125 0.9359375 0.8078125 0.9359375 0.8078125 0.9796875 0.83125 0.9796875
0 0.8625 0.93125 0.834375 0.93125 0.834375 0.975 0.8625 0.975
0 0.9078125 0.9234375 0.878125 0.9234375 0.878125 0.9671875 0.9078125 0.9671875
0 1 0.5187500000000002 0.9921875 0.5187500000000002 0.9921875 0.5781250000000002 1 0.5781250000000002
0 1 0.8734375 0.98125 0.8734375 0.98125 0.9109375 1 0.9109375
0 0.9859375 0.871875 0.95625 0.871875 0.95625 0.915625 0.9859375 0.915625
0 0.9578125 0.875 0.93125 0.875 0.93125 0.9140625 0.9578125 0.9140625
0 0.9328125 0.8765625 0.9140625 0.8765625 0.9140625 0.9109375 0.9328125 0.9109375
0 0.9125 0.8765625 0.8890625 0.8765625 0.8890625 0.9125 0.9125 0.9125
0 0.890625 0.8796875 0.8625 0.8796875 0.8625 0.9203125 0.890625 0.9203125
0 0.8625 0.8828125 0.8359375 0.8828125 0.8359375 0.921875 0.8625 0.921875
0 0.8375 0.884375 0.8125 0.884375 0.8125 0.925 0.8375 0.925
0 0.8140625 0.890625 0.7906250000000001 0.890625 0.7906250000000001 0.928125 0.8140625 0.928125
0 0.7906250000000001 0.89375 0.7671875000000001 0.89375 0.7671875000000001 0.93125 0.7906250000000001 0.93125
0 0.7687500000000002 0.8953125 0.7437500000000001 0.8953125 0.7437500000000001 0.934375 0.7687500000000002 0.934375
0 0.7437500000000001 0.896875 0.7218750000000002 0.896875 0.7218750000000002 0.9328125 0.7437500000000001 0.9328125
0 0.7218750000000002 0.9015625 0.6968750000000001 0.9015625 0.6968750000000001 0.9375 0.7218750000000002 0.9375
2 0.6859375000000002 0.925 0.6156250000000002 0.925 0.6156250000000002 1 0.6859375000000002 1