2 0.3062500000000001 0.5578125 0.2218750000000001 0.5578125 0.2218750000000001 0.659375 0.3062500000000001 0.659375
2 0.6 0.559375 0.5234375 0.559375 0.5234375 0.6109375 0.6 0.6109375
0 0.3421875000000001 0.4359375 0.30156250000000007 0.4359375 0.30156250000000007 0.4703125 0.3421875000000001 0.4703125
0 0.4578125 0.4921875 0.4125 0.4921875 0.4125 0.53125 0.4578125 0.53125
0 0.19375000000000003 0.265625 0.15937500000000004 0.265625 0.15937500000000004 0.3359375 0.19375000000000003 0.3359375
0 0.5265625 0.43125 0.4890625 0.43125 0.4890625 0.4609375 0.5265625 0.4609375
0 0.6 0.475 0.559375 0.475 0.559375 0.5046875 0.6 0.5046875
0 0.36406250000000007 0.575 0.32500000000000007 0.575 0.32500000000000007 0.634375 0.36406250000000007 0.634375
0 0.2640625 3.090319657223399e-17 0.240625 2.9468063604483184e-17 0.240625 0.031250000000000035 0.2640625 0.031250000000000035
0 0.05000000000000008 0.6234375 0.004687500000000076 0.6234375 0.004687500000000079 0.6546875 0.050000000000000086 0.6546875
0 0.725 0.5328125 0.70625 0.5328125 0.70625 0.634375 0.725 0.634375
0 0.7890625 9.529282905865343e-17 0.7671875 9.3953371622086e-17 0.7671875 0.05312500000000009 0.7890625 0.05312500000000009
0 0.953125 0.3609375000000001 0.91875 0.3609375000000001 0.91875 0.40937500000000016 0.953125 0.40937500000000016
0 0.6125 0.3656250000000001 0.6 0.3656250000000001 0.6 0.4078125 0.6125 0.4078125
0 0.9765625 0.14062500000000014 0.94375 0.14062500000000014 0.94375 0.18593750000000014 0.9765625 0.18593750000000014
0 1 0.08906250000000013 0.9765625 0.08906250000000011 0.9765625 0.13125000000000014 1 0.13125000000000014
0 0.96875 0.08281250000000011 0.9421875 0.08281250000000011 0.9421875 0.12500000000000014 0.96875 0.12500000000000014
0 0.934375 0.07343750000000011 0.903125 0.07343750000000011 0.903125 0.12187500000000011 0.934375 0.12187500000000014
0 0.93125 0.4828125000000002 0.896875 0.4828125000000002 0.896875 0.5281250000000002 0.93125 0.5281250000000002
0 0.9640625 0.4828125000000002 0.934375 0.4828125000000002 0.934375 0.5234375000000002 0.9640625 0.5234375000000002
0 0.24218750000000008 0.96875 0.2296875000000001 0.96875 0.2296875000000001 1 0.24218750000000008 1
0 0.3765625000000001 0.8828125 0.3531250000000001 0.8828125 0.3531250000000001 0.925 0.3765625000000001 0.925
0 0.4703125000000002 0.934375 0.44843750000000016 0.934375 0.44843750000000016 0.9765625 0.4703125000000002 0.9765625
0 0.07812500000000008 0.659375 0.05468750000000009 0.659375 0.05468750000000009 0.7 0.07812500000000008 0.7
0 0.44531250000000017 0.9375 0.43281250000000016 0.9375 0.43281250000000016 0.9734375 0.44531250000000017 0.9734375
0 0.08593750000000008 0.7078125 0.06562500000000009 0.7078125 0.06562500000000009 0.7546875 0.08593750000000008 0.7546875
0 0.0828125000000001 0.7671875 0.06250000000000008 0.7671875 0.06250000000000008 0.809375 0.0828125000000001 0.809375
0 0.11875000000000009 0.7234375 0.10156250000000008 0.7234375 0.10156250000000008 0.7640625 0.11875000000000009 0.7640625
0 0.11562500000000009 0.7671875 0.0906250000000001 0.7671875 0.0906250000000001 0.8203125 0.11562500000000009 0.8203125
0 0.15000000000000008 0.784375 0.1281250000000001 0.784375 0.1281250000000001 0.8265625 0.15000000000000008 0.8265625
0 0.1781250000000001 0.7875 0.1593750000000001 0.7875 0.1593750000000001 0.8296875 0.1781250000000001 0.8296875
0 0.1515625000000001 0.7203125 0.1281250000000001 0.7203125 0.1281250000000001 0.765625 0.1515625000000001 0.765625
0 0.1781250000000001 0.659375 0.1546875000000001 0.659375 0.1546875000000001 0.7109375 0.1781250000000001 0.7109375
0 0.23593750000000008 0.6796875 0.2140625000000001 0.6796875 0.2140625000000001 0.721875 0.23593750000000008 0.721875
0 0.2750000000000001 0.6765625 0.2515625000000001 0.6765625 0.2515625000000001 0.728125 0.2750000000000001 0.728125
0 0.29375000000000007 0.6890625 0.27812500000000007 0.6890625 0.27812500000000007 0.7296875 0.29375000000000007 0.7296875
0 0.3265625000000001 0.690625 0.3062500000000001 0.690625 0.3062500000000001 0.73125 0.3265625000000001 0.73125
0 0.3703125000000001 0.69375 0.34843750000000007 0.69375 0.34843750000000007 0.7359375 0.3703125000000001 0.7359375
0 0.5609375000000002 0.9859375 0.5437500000000002 0.9859375 0.5437500000000002 1 0.5609375000000002 1
0 0.5828125000000002 0.9875 0.5640625000000001 0.9875 0.5640625000000001 1 0.5828125000000002 1
0 0.5 0.6625 0.4796875 0.6625 0.4796875 0.7 0.5 0.7
0 0.478125 0.6625 0.4625 0.6625 0.4625 0.703125 0.478125 0.703125
0 0.4578125 0.659375 0.434375 0.659375 0.434375 0.7 0.4578125 0.7
0 0.43125 0.659375 0.409375 0.659375 0.409375 0.696875 0.43125 0.696875
0 0.4046875 0.659375 0.3921875000000001 0.659375 0.3921875000000001 0.6921875 0.4046875 0.6921875
0 0.3859375000000001 0.659375 0.3687500000000001 0.659375 0.3687500000000001 0.6875 0.3859375000000001 0.6875
0 0.3625000000000001 0.659375 0.3421875000000001 0.659375 0.3421875000000001 0.6875 0.3625000000000001 0.6875
0 0.3359375000000001 0.659375 0.3156250000000001 0.659375 0.3156250000000001 0.6828125 0.3359375000000001 0.6828125
0 0.3109375000000001 0.659375 0.2906250000000001 0.659375 0.2906250000000001 0.6796875 0.3109375000000001 0.6796875
0 0.2875000000000001 0.659375 0.27031250000000007 0.659375 0.27031250000000007 0.6765625 0.2875000000000001 0.6765625
0 0.2609375000000001 0.659375 0.2453125000000001 0.659375 0.2453125000000001 0.671875 0.2609375000000001 0.671875
0 0.2390625000000001 0.659375 0.22031250000000008 0.659375 0.22031250000000008 0.6703125 0.2390625000000001 0.6703125
0 0.2671875000000001 0.8921875 0.2500000000000001 0.8921875 0.2500000000000001 0.9328125 0.2671875000000001 0.9328125
2 0.1468750000000001 0.659375 0.08906250000000009 0.659375 0.08906250000000009 0.7109375 0.1468750000000001 0.7109375
0 0.9109375 0.903125 0.878125 0.903125 0.878125 0.9484375 0.9109375 0.9484375
0 0.6093750000000002 0.9140625 0.6000000000000002 0.9140625 0.6000000000000002 0.959375 0.6093750000000002 0.959375
0 0.6406250000000002 0.921875 0.6140625000000002 0.921875 0.6140625000000002 0.9703125 0.6406250000000002 0.9703125
0 0.6828125000000002 0.93125 0.6546875000000002 0.93125 0.6546875000000002 0.971875 0.6828125000000002 0.971875
0 0.7078125000000002 0.9296875 0.6859375000000002 0.9296875 0.6859375000000002 0.975 0.7078125000000002 0.975
0 0.7421875000000002 0.9390625 0.7093750000000002 0.9390625 0.7093750000000002 0.98125 0.7421875000000002 0.98125
0 0.7843750000000002 0.946875 0.7515625000000001 0.946875 0.7515625000000001 0.9953125 0.7843750000000002 0.9953125
0 0.8515625 0.9609375 0.825 0.9609375 0.825 1 0.8515625 1