0 0.846875 0.7859375000000002 0.828125 0.7859375000000002 0.828125 0.8171875 0.846875 0.8171875
0 0.85 0.7718750000000002 0.8359375 0.7718750000000002 0.8359375 0.7984375000000001 0.85 0.7984375000000001
0 0.9046875 0.7390625000000002 0.8890625 0.7390625000000002 0.8890625 0.7718750000000002 0.9046875 0.7718750000000002
0 0.9390625 0.7234375000000002 0.921875 0.7234375000000002 0.921875 0.7515625000000001 0.9390625 0.7515625000000001
0 0.946875 0.7218750000000002 0.9328125 0.7218750000000002 0.9328125 0.7484375000000002 0.946875 0.7484375000000002
0 0.9546875 0.7125000000000001 0.9390625 0.7125000000000001 0.9390625 0.7421875000000002 0.9546875 0.7421875000000002
0 0.921875 0.8015625 0.90625 0.8015625 0.90625 0.8171875 0.921875 0.8171875
0 0.9296875 0.815625 0.909375 0.815625 0.909375 0.83125 0.9296875 0.83125
0 0.934375 0.828125 0.915625 0.828125 0.915625 0.846875 0.934375 0.846875
0 0.9734375 0.809375 0.9546875 0.809375 0.9546875 0.825 0.9734375 0.825
0 0.9796875 0.7703125000000002 0.9609375 0.7703125000000002 0.9609375 0.7890625000000002 0.9796875 0.7890625000000002
0 0.98125 0.7015625000000002 0.9671875 0.7015625000000002 0.9671875 0.7281250000000001 0.98125 0.7281250000000001
0 0.990625 0.6968750000000001 0.9734375 0.6968750000000001 0.9734375 0.7250000000000002 0.990625 0.7250000000000002
0 0.9375 0.8953125 0.91875 0.8953125 0.91875 0.9140625 0.9375 0.9140625
3 0.9375 0.878125 0.9125 0.878125 0.9125 0.9015625 0.9375 0.9015625
0 0.9453125 0.8578125 0.9265625 0.8578125 0.9265625 0.8734375 0.9453125 0.8734375
0 0.921875 0.8546875 0.903125 0.8546875 0.903125 0.871875 0.921875 0.871875
0 0.9765625 0.9296875 0.95625 0.9296875 0.95625 0.9484375 0.9765625 0.9484375
0 0.915625 0.9625 0.896875 0.9625 0.896875 0.98125 0.915625 0.98125
0 0.9859375 0.965625 0.971875 0.965625 0.971875 0.9953125 0.9859375 0.9953125
0 0.9703125 0.971875 0.9578125 0.971875 0.9578125 0.9984375 0.9703125 0.9984375
3 0.990625 0.8328125 0.9625 0.8328125 0.9625 0.8546875 0.990625 0.8546875
0 0.9921875 0.85 0.971875 0.85 0.971875 0.86875 0.9921875 0.86875
0 0.996875 0.8125 0.98125 0.8125 0.98125 0.8296875 0.996875 0.8296875