2 0.4046875 0.14375000000000004 0.303125 0.14375000000000004 0.303125 0.19687500000000005 0.4046875 0.19687500000000005
0 0.06875000000000002 0.1765625 0.034375000000000024 0.1765625 0.034375000000000024 0.2046875 0.06875000000000002 0.2046875
0 0.20625 0.1296875 0.171875 0.1296875 0.171875 0.15937500000000002 0.20625 0.15937500000000004
0 0.12812500000000004 0.334375 0.09062500000000004 0.334375 0.09062500000000004 0.3640625 0.12812500000000004 0.3640625
3 0.08750000000000005 0.30625 0.046875000000000035 0.30625 0.04687500000000004 0.340625 0.08750000000000005 0.340625
0 0.225 0.2859375 0.19375000000000003 0.2859375 0.19375000000000003 0.315625 0.225 0.315625
0 0.2265625 0.31875 0.19062500000000004 0.31875 0.19062500000000004 0.346875 0.2265625 0.346875
0 0.3203125 0.265625 0.284375 0.265625 0.284375 0.2953125 0.3203125 0.2953125
0 0.3656250000000001 0.43125 0.3390625000000001 0.43125 0.3390625000000001 0.4828125 0.3656250000000001 0.4828125
0 0.415625 0.3656250000000001 0.39531250000000007 0.3656250000000001 0.39531250000000007 0.4125 0.415625 0.4125
0 0.37968750000000007 0.5875 0.3578125000000001 0.5875 0.3578125000000001 0.6484375 0.37968750000000007 0.6484375
0 0.4265625 0.2515625000000001 0.3921875 0.2515625000000001 0.3921875 0.2796875000000001 0.4265625 0.2796875000000001
0 0.4375 0.09375000000000004 0.4015625 0.09375000000000004 0.4015625 0.12343750000000005 0.4375 0.12343750000000005
0 0.8703125 0.5593750000000002 0.8609375 0.5593750000000002 0.8609375 0.5781250000000002 0.8703125 0.5781250000000002
0 0.88125 0.5546875000000002 0.8703125 0.5546875000000002 0.8703125 0.5750000000000002 0.88125 0.5750000000000002
0 0.8640625 0.5109375000000002 0.85625 0.5109375000000002 0.85625 0.5281250000000002 0.8640625 0.5281250000000002
0 0.17968750000000008 0.74375 0.1546875000000001 0.74375 0.1546875000000001 0.828125 0.17968750000000008 0.828125
0 0.32500000000000007 0.65625 0.2953125000000001 0.65625 0.2953125000000001 0.703125 0.32500000000000007 0.703125
0 0.4218750000000001 0.6953125 0.3937500000000001 0.6953125 0.3937500000000001 0.740625 0.42187500000000017 0.740625
0 0.39531250000000007 0.70625 0.37968750000000007 0.70625 0.37968750000000007 0.740625 0.39531250000000007 0.740625
0 0.21250000000000008 0.6796875 0.1906250000000001 0.6796875 0.1906250000000001 0.71875 0.21250000000000008 0.71875
0 1 0.9828125 0.99375 0.9828125 0.99375 1 1 1