0 0.11875000000000009 0.55 0.07656250000000006 0.55 0.07656250000000006 0.584375 0.11875000000000009 0.584375
0 0.14218750000000005 0.4515625 0.10625000000000004 0.4515625 0.10625000000000004 0.4828125 0.14218750000000005 0.4828125
0 0.3828125000000001 0.434375 0.3500000000000001 0.434375 0.3500000000000001 0.465625 0.3828125000000001 0.465625
0 0.4640625 0.421875 0.4296875 0.421875 0.4296875 0.4671875 0.4640625 0.4671875
0 0.55 0.3703125000000001 0.5328125 0.3703125000000001 0.5328125 0.421875 0.55 0.421875
0 0.5546875 0.16093750000000007 0.5390625 0.16093750000000004 0.5390625 0.22031250000000008 0.5546875 0.22031250000000008
0 0.6734375 0.5375 0.6390625 0.5375 0.6390625 0.5734375 0.6734375 0.5734375
0 0.7421875 0.5593750000000001 0.7109375 0.559375 0.7109375 0.5875000000000001 0.7421875 0.5875000000000001
0 0.4359375 0.6375 0.4 0.6375 0.4 0.6625 0.4359375 0.6625
0 0.35625000000000007 0.6375 0.3187500000000001 0.6375 0.3187500000000001 0.6640625 0.35625000000000007 0.6640625
0 0.3343750000000001 0.55625 0.3000000000000001 0.55625 0.3000000000000001 0.5828125 0.3343750000000001 0.5828125
0 0.6125000000000002 0.8765625 0.5921875000000002 0.8765625 0.5921875000000002 0.940625 0.6125000000000002 0.940625
0 0.7546875 0.5171875000000001 0.7234375 0.5171875 0.7234375 0.5453125000000001 0.7546875 0.5453125000000002
0 0.7953125 0.5140625000000002 0.759375 0.5140625000000002 0.759375 0.5437500000000002 0.7953125 0.5437500000000002
0 0.7515625 0.48125000000000007 0.721875 0.48125 0.721875 0.5062500000000001 0.7515625 0.5062500000000002
0 0.79375 0.4750000000000002 0.759375 0.4750000000000002 0.759375 0.5062500000000002 0.79375 0.5062500000000002
0 0.834375 0.4781250000000002 0.8 0.4781250000000002 0.8 0.5031250000000002 0.834375 0.5031250000000002
0 0.8796875 0.47656250000000017 0.8421875 0.47656250000000017 0.8421875 0.5015625000000001 0.8796875 0.5015625000000001
0 0.9203125 0.4703125000000002 0.8828125 0.4703125000000002 0.8828125 0.4984375000000002 0.9203125 0.4984375000000002
0 0.75625 0.44218750000000007 0.721875 0.4421875 0.721875 0.4703125000000001 0.75625 0.4703125000000002
0 0.7984375 0.44062500000000016 0.7640625 0.44062500000000016 0.7640625 0.47187500000000016 0.7984375 0.47187500000000016
0 0.84375 0.4421875000000002 0.80625 0.4421875000000002 0.80625 0.4703125000000002 0.84375 0.4703125000000002
0 0.88125 0.4421875000000002 0.846875 0.4421875000000002 0.846875 0.4671875000000002 0.88125 0.4671875000000002
0 0.971875 0.4671875000000002 0.93125 0.4671875000000002 0.93125 0.4984375000000002 0.971875 0.4984375000000002
0 0.934375 0.5046875000000002 0.9015625 0.5046875000000002 0.9015625 0.5312500000000002 0.934375 0.5312500000000002
0 0.9796875 0.5000000000000002 0.94375 0.5000000000000002 0.94375 0.5265625000000002 0.9796875 0.5265625000000002
1 0.521875 0.27812500000000007 0.4859375 0.27812500000000007 0.4859375 0.3703125000000001 0.521875 0.3703125000000001
3 0.38750000000000007 0.55625 0.3468750000000001 0.55625 0.3468750000000001 0.5875 0.38750000000000007 0.5875
3 0.5375 0.11250000000000004 0.51875 0.11250000000000004 0.51875 0.18125000000000005 0.5375 0.18125000000000005
2 0.8953125 0.5078125000000002 0.80625 0.5078125000000002 0.80625 0.5453125000000002 0.8953125 0.5453125000000002
2 0.3781250000000001 0.5890625 0.2671875000000001 0.5890625 0.2671875000000001 0.63125 0.3781250000000001 0.63125