2 0.66875 0.2687500000000001 0.584375 0.2687500000000001 0.584375 0.30937500000000007 0.66875 0.30937500000000007
0 0.6203125 0.23593750000000008 0.5765625 0.23593750000000008 0.5765625 0.2765625000000001 0.6203125 0.2765625000000001
0 0.5671875 0.2468750000000001 0.521875 0.2468750000000001 0.521875 0.28593750000000007 0.5671875 0.28593750000000007
0 0.5734375 0.3000000000000001 0.528125 0.3000000000000001 0.528125 0.30937500000000007 0.5734375 0.30937500000000007
0 0.3203125 3.7696159286254463e-17 0.2953125 3.6165350787320275e-17 0.2953125 0.04375000000000004 0.3203125 0.043750000000000046
0 0.2796875 0.10937500000000004 0.2484375 0.10937500000000004 0.2484375 0.19218750000000004 0.2796875 0.19218750000000004
0 0.209375 0.06250000000000003 0.171875 0.06250000000000003 0.171875 0.11875000000000002 0.209375 0.11875000000000005
0 0.06875000000000002 0.1734375 0.02343750000000002 0.1734375 0.023437500000000024 0.2125 0.06875000000000002 0.2125
0 0.07343750000000002 0.2125 0.029687500000000023 0.2125 0.029687500000000026 0.25 0.07343750000000002 0.25
0 0.06875000000000003 0.25625 0.021875000000000033 0.25625 0.021875000000000037 0.2953125 0.06875000000000005 0.2953125
0 0.965625 0.2484375000000001 0.9390625 0.2484375000000001 0.9390625 0.30937500000000007 0.965625 0.30937500000000007
0 0.8546875 0.18125000000000008 0.81875 0.18125000000000008 0.81875 0.22656250000000008 0.8546875 0.22656250000000008
0 0.8171875 0.1828125000000001 0.784375 0.1828125000000001 0.784375 0.2250000000000001 0.8171875 0.2250000000000001
0 0.75625 0.1828125000000001 0.725 0.1828125000000001 0.725 0.22812500000000008 0.75625 0.22812500000000008
0 0.725 0.18906250000000008 0.69375 0.18906250000000008 0.69375 0.2375000000000001 0.725 0.2375000000000001
0 0.6859375 0.2000000000000001 0.66875 0.2000000000000001 0.66875 0.2453125000000001 0.6859375 0.2453125000000001
0 0.2171875000000001 0.55625 0.1937500000000001 0.55625 0.1937500000000001 0.6296875 0.2171875000000001 0.6296875
0 0.18593750000000006 0.5140625 0.16250000000000003 0.5140625 0.16250000000000006 0.584375 0.1859375000000001 0.584375
0 0.14843750000000008 0.5578125 0.12031250000000009 0.5578125 0.12031250000000009 0.6390625 0.14843750000000008 0.6390625
0 0.10468750000000007 0.5046875 0.07812500000000007 0.5046875 0.07812500000000007 0.58125 0.10468750000000009 0.58125
0 0.2000000000000001 0.6484375 0.17343750000000008 0.6484375 0.17343750000000008 0.7203125 0.2000000000000001 0.7203125
0 0.4312500000000002 0.7953125 0.3828125000000001 0.7953125 0.3828125000000001 0.84375 0.4312500000000002 0.84375
0 0.5609375000000002 0.8390625 0.5109375000000002 0.8390625 0.5109375000000002 0.903125 0.5609375000000002 0.903125
0 0.4984375000000002 0.821875 0.45312500000000017 0.821875 0.45312500000000017 0.8671875 0.4984375000000002 0.8671875
0 0.5187500000000002 0.875 0.47656250000000017 0.875 0.47656250000000017 0.921875 0.5187500000000002 0.921875
0 0.46875000000000017 0.853125 0.4187500000000002 0.853125 0.4187500000000002 0.903125 0.46875000000000017 0.903125
0 0.3265625000000001 0.9125 0.2765625000000001 0.9125 0.2765625000000001 0.96875 0.3265625000000001 0.96875
0 0.1750000000000001 0.903125 0.14843750000000008 0.903125 0.1484375000000001 0.9734375 0.17500000000000013 0.9734375
2 0.2500000000000001 0.7171875 0.20468750000000008 0.7171875 0.20468750000000008 0.903125 0.2500000000000001 0.903125
0 1 0.5218750000000002 0.9859375 0.5218750000000002 0.9859375 0.5500000000000002 1 0.5500000000000002
0 0.9828125 0.5546875000000002 0.9453125 0.5546875000000002 0.9453125 0.5859375000000002 0.9828125 0.5859375000000002
0 0.9375 0.5281250000000002 0.903125 0.5281250000000002 0.903125 0.5562500000000001 0.9375 0.5562500000000001
0 0.9078125 0.5734375000000002 0.8703125 0.5734375000000002 0.8703125 0.6109375000000001 0.9078125 0.6109375000000001
0 0.8609375 0.6593750000000002 0.8359375 0.6593750000000002 0.8359375 0.7062500000000002 0.8609375 0.7062500000000002
0 0.878125 0.803125 0.85625 0.803125 0.85625 0.865625 0.878125 0.865625
0 0.821875 0.7265625000000002 0.8015625 0.7265625000000002 0.8015625 0.7781250000000002 0.821875 0.7781250000000002
0 0.8296875 0.8171875 0.809375 0.8171875 0.809375 0.875 0.8296875 0.875
0 0.834375 0.8953125 0.8140625 0.8953125 0.8140625 0.9609375 0.834375 0.9609375
0 0.84375 0.9828125 0.815625 0.9828125 0.815625 1 0.84375 1
0 0.7546875 0.5796875000000001 0.721875 0.5796875 0.721875 0.6296875000000001 0.7546875 0.6296875000000002
0 0.7671875 0.5156250000000002 0.7328125 0.5156250000000002 0.7328125 0.5453125000000002 0.7671875 0.5453125000000002
0 0.7890625 0.40156250000000016 0.7578125 0.40156250000000016 0.7578125 0.4437500000000002 0.7890625 0.4437500000000002