0 0.03437500000000003 0.190625 2.3344829608746423e-17 0.190625 2.5832393419514485e-17 0.23125 0.03437500000000003 0.23125
0 0.2375 0.23125 0.19062500000000004 0.23125 0.19062500000000004 0.265625 0.2375 0.265625
2 0.3437500000000001 0.3984375 0.17187500000000006 0.3984375 0.17187500000000006 0.459375 0.3437500000000001 0.459375
2 0.778125 0.4062500000000001 0.665625 0.40625 0.665625 0.4546875000000001 0.778125 0.4546875000000002
2 0.921875 0.4156250000000002 0.8734375 0.4156250000000002 0.8734375 0.4593750000000002 0.921875 0.4593750000000002
0 0.903125 0.2250000000000001 0.8671875 0.2250000000000001 0.8671875 0.2843750000000001 0.903125 0.2843750000000001
0 0.9671875 0.17187500000000014 0.9453125 0.17187500000000014 0.9453125 0.2250000000000001 0.9671875 0.2250000000000001
0 0.9859375 0.2796875000000001 0.959375 0.2796875000000001 0.959375 0.3390625000000001 0.9859375 0.3390625000000001
0 0.953125 0.3687500000000001 0.93125 0.3687500000000001 0.93125 0.43281250000000016 0.953125 0.43281250000000016
0 0.7359375 0.3781250000000001 0.6984375 0.3781250000000001 0.6984375 0.4015625000000001 0.7359375 0.40156250000000016
0 0.9578125 0.050000000000000114 0.934375 0.050000000000000114 0.934375 0.11093750000000013 0.9578125 0.11093750000000013
0 0.9921875 0.15000000000000013 0.9703125 0.15000000000000013 0.9703125 0.2156250000000001 0.9921875 0.2156250000000001
0 1 0.16093750000000012 0.99375 0.16093750000000012 0.99375 0.2250000000000001 1 0.2250000000000001
3 0.790625 0.3781250000000001 0.75 0.3781250000000001 0.75 0.4156250000000002 0.790625 0.4156250000000002
0 0.1593750000000001 0.7421875 0.11250000000000009 0.7421875 0.11250000000000009 0.78125 0.1593750000000001 0.78125
0 0.5546875000000002 0.75 0.5328125000000001 0.75 0.5328125000000001 0.7953125 0.5546875000000002 0.7953125
0 0.8296875 0.7578125000000002 0.803125 0.7578125000000002 0.803125 0.8 0.8296875 0.8
0 0.903125 0.81875 0.878125 0.81875 0.878125 0.8625 0.903125 0.8625
0 0.8765625 0.8203125 0.8625 0.8203125 0.8625 0.8546875 0.8765625 0.8546875
0 0.4671875 0.625 0.4453125 0.625 0.4453125 0.6640625 0.4671875 0.6640625
0 0.446875 0.55625 0.4390625 0.55625 0.4390625 0.6 0.446875 0.6
0 0.4828125 0.496875 0.45625 0.496875 0.45625 0.5453125 0.4828125 0.5453125
0 0.5359375 0.51875 0.5125 0.51875 0.5125 0.5625 0.5359375 0.5625
0 0.575 0.51875 0.5484375 0.51875 0.5484375 0.5703125 0.575 0.5703125
0 0.59375 0.5328125 0.575 0.5328125 0.575 0.5734375 0.59375 0.5734375
0 0.6265625 0.5359375 0.603125 0.5359375 0.603125 0.578125 0.6265625 0.578125
0 0.6703125 0.5421875 0.6453125 0.5421875 0.6453125 0.5859375 0.6703125 0.5859375
0 0.83125 0.8578125 0.809375 0.8578125 0.809375 0.8984375 0.83125 0.8984375
0 0.8515625 0.8640625 0.8296875 0.8640625 0.8296875 0.9 0.8515625 0.9
0 0.875 0.865625 0.8546875 0.865625 0.8546875 0.9046875 0.875 0.9046875
0 0.909375 0.8671875 0.8828125 0.8671875 0.8828125 0.909375 0.909375 0.909375
0 0.9328125 0.875 0.909375 0.875 0.909375 0.9140625 0.9328125 0.9140625
0 0.953125 0.88125 0.9328125 0.88125 0.9328125 0.9203125 0.953125 0.9203125
0 1 0.5484375000000001 0.9828125 0.5484375000000001 0.9828125 0.5906250000000002 1 0.5906250000000002
0 0.940625 0.5421875000000002 0.91875 0.5421875000000002 0.91875 0.5781250000000002 0.940625 0.5781250000000002
0 0.8 0.5250000000000001 0.778125 0.5250000000000001 0.778125 0.5593750000000002 0.8 0.5593750000000002
0 0.7796875 0.5234375000000002 0.7609375 0.5234375000000002 0.7609375 0.5578125000000002 0.7796875 0.5578125000000002
0 0.759375 0.5109375000000002 0.7359375 0.5109375000000002 0.7359375 0.5578125000000002 0.759375 0.5578125000000002
0 0.734375 0.5125000000000001 0.7109375 0.5125 0.7109375 0.5531250000000001 0.734375 0.5531250000000002
0 0.709375 0.5078125 0.69375 0.5078125 0.69375 0.54375 0.709375 0.54375
0 0.6890625 0.503125 0.6703125 0.503125 0.6703125 0.5390625 0.6890625 0.5390625
0 0.6671875 0.5 0.64375 0.5 0.64375 0.5375 0.6671875 0.5375
0 0.640625 0.49375 0.61875 0.49375 0.61875 0.5296875 0.640625 0.5296875
0 0.6171875 0.4859375 0.59375 0.4859375 0.59375 0.525 0.6171875 0.525
0 0.59375 0.48125 0.5734375 0.48125 0.5734375 0.5203125 0.59375 0.5203125
0 0.56875 0.4765625 0.5484375 0.4765625 0.5484375 0.5171875 0.56875 0.5171875
0 0.546875 0.471875 0.525 0.471875 0.525 0.5125 0.546875 0.5125
0 0.5234375 0.4671875 0.5046875 0.4671875 0.5046875 0.503125 0.5234375 0.503125
0 0.503125 0.4609375 0.4828125 0.4609375 0.4828125 0.496875 0.503125 0.496875
0 0.6984375000000002 0.7453125 0.6781250000000002 0.7453125 0.6781250000000002 0.7890625 0.6984375000000002 0.7890625
2 0.453125 0.4609375 0.4390625 0.4609375 0.4390625 0.5484375 0.453125 0.5484375