0 0.5390625 0.006250000000000064 0.50625 0.006250000000000061 0.50625 0.03125000000000007 0.5390625 0.03125000000000007
0 0.4578125 5.43437017121638e-17 0.4296875 5.262154215086284e-17 0.4296875 0.015625000000000052 0.4578125 0.015625000000000056
0 0.5078125 0.08906250000000007 0.478125 0.08906250000000007 0.478125 0.14062500000000006 0.5078125 0.14062500000000006
0 0.4171875 0.11875000000000005 0.396875 0.11875000000000005 0.396875 0.17187500000000006 0.4171875 0.17187500000000006
0 0.3984375 0.04687500000000004 0.371875 0.04687500000000004 0.371875 0.09062500000000004 0.3984375 0.09062500000000004
3 0.4640625 0.4359375 0.4390625 0.4359375 0.4390625 0.5296875 0.4640625 0.5296875
0 0.478125 0.21875000000000008 0.459375 0.21875000000000008 0.459375 0.2828125000000001 0.478125 0.2828125000000001
0 0.440625 0.19375000000000003 0.425 0.19375000000000003 0.425 0.24218750000000008 0.440625 0.24218750000000008
0 0.4359375 0.2843750000000001 0.4203125 0.2843750000000001 0.4203125 0.3437500000000001 0.4359375 0.3437500000000001
0 0.428125 0.3625000000000001 0.4125 0.3625000000000001 0.4125 0.428125 0.428125 0.428125
0 0.425 0.4515625 0.4046875 0.4515625 0.4046875 0.528125 0.425 0.528125
0 0.165625 0.010937500000000018 0.134375 0.010937500000000017 0.134375 0.03593750000000002 0.165625 0.035937500000000025
0 0.9984375 0.04843750000000012 0.965625 0.04843750000000012 0.965625 0.09531250000000012 0.9984375 0.09531250000000013
0 0.6859375 0.11093750000000009 0.65 0.11093750000000009 0.65 0.1625000000000001 0.6859375 0.1625000000000001
0 0.721875 0.09375000000000008 0.69375 0.09375000000000008 0.69375 0.14062500000000008 0.721875 0.14062500000000008
0 0.8546875 0.13437500000000008 0.8234375 0.13437500000000008 0.8234375 0.1828125000000001 0.8546875 0.1828125000000001
0 0.9671875 0.16875000000000012 0.9359375 0.16875000000000012 0.9359375 0.2093750000000001 0.9671875 0.2093750000000001
0 0.7609375 0.08906250000000009 0.7328125 0.08906250000000009 0.7328125 0.1296875000000001 0.7609375 0.1296875000000001
0 0.7921875 0.08906250000000009 0.765625 0.08906250000000009 0.765625 0.1296875000000001 0.7921875 0.1296875000000001
0 0.8265625 0.0828125000000001 0.7953125 0.0828125000000001 0.7953125 0.1296875000000001 0.8265625 0.1296875000000001
0 0.8734375 0.07500000000000011 0.8421875 0.07500000000000011 0.8421875 0.11562500000000009 0.8734375 0.11562500000000009
0 0.5765625 6.955611117032232e-17 0.559375 6.850368032730508e-17 0.559375 0.02343750000000007 0.5765625 0.023437500000000073
0 0.971875 0.43750000000000017 0.94375 0.43750000000000017 0.94375 0.4781250000000002 0.971875 0.4781250000000002
0 0.9375 0.44062500000000016 0.909375 0.44062500000000016 0.909375 0.4812500000000002 0.9375 0.4812500000000002
0 0.9015625 0.4421875000000002 0.8734375 0.4421875000000002 0.8734375 0.4890625000000002 0.9015625 0.4890625000000002
0 0.8625 0.4500000000000002 0.8296875 0.4500000000000002 0.8296875 0.4968750000000002 0.8625 0.4968750000000002
0 0.825 0.45625000000000016 0.796875 0.45625000000000016 0.796875 0.5046875000000002 0.825 0.5046875000000002
0 0.7828125 0.46406250000000016 0.7546875 0.46406250000000016 0.7546875 0.5078125000000002 0.7828125 0.5078125000000002
0 0.7515625 0.4656250000000002 0.73125 0.4656250000000002 0.73125 0.5078125000000002 0.7515625 0.5078125000000002
0 0.7296875 0.4703125000000001 0.6953125 0.4703125 0.6953125 0.51875 0.7296875 0.5187500000000002
0 0.6875 0.48125 0.6546875 0.48125 0.6546875 0.528125 0.6875 0.528125
0 0.6125 0.490625 0.5859375 0.490625 0.5859375 0.5296875 0.6125 0.5296875
3 0.984375 0.22656250000000008 0.9453125 0.22656250000000008 0.9453125 0.2828125000000001 0.984375 0.2828125000000001
0 0.40625 0.565625 0.3500000000000001 0.565625 0.3500000000000001 0.6046875 0.40625 0.6046875
0 0.3031250000000001 0.559375 0.2500000000000001 0.559375 0.2500000000000001 0.5953125 0.3031250000000001 0.5953125
0 0.08437500000000009 0.709375 0.028125000000000087 0.709375 0.028125000000000087 0.7609375 0.08437500000000009 0.7609375
0 0.04531250000000012 0.915625 0.01562500000000011 0.915625 0.015625000000000118 0.9828125 0.045312500000000124 0.9828125
0 0.83125 0.5296875000000002 0.81875 0.5296875000000002 0.81875 0.5859375000000002 0.83125 0.5859375000000002
0 0.75625 0.5968750000000002 0.734375 0.5968750000000002 0.734375 0.6765625000000002 0.75625 0.6765625000000002
0 0.5484375000000001 0.884375 0.5390625000000002 0.884375 0.5390625000000002 0.9203125 0.5484375000000001 0.9203125
0 0.5765625000000002 0.884375 0.5562500000000001 0.884375 0.5562500000000001 0.9203125 0.5765625000000002 0.9203125
0 0.6000000000000002 0.88125 0.5812500000000002 0.88125 0.5812500000000002 0.91875 0.6000000000000002 0.91875
0 0.6265625000000001 0.8765625 0.6031250000000001 0.8765625 0.6031250000000001 0.9171875 0.6265625000000001 0.9171875
0 0.6531250000000002 0.8796875 0.6359375000000002 0.8796875 0.6359375000000002 0.915625 0.6531250000000002 0.915625
0 0.6828125000000002 0.8765625 0.6609375000000002 0.8765625 0.6609375000000002 0.9140625 0.6828125000000002 0.9140625
0 0.7484375000000002 0.875 0.7296875000000002 0.875 0.7296875000000002 0.9109375 0.7484375000000002 0.9109375
0 0.890625 0.878125 0.8703125 0.878125 0.8703125 0.9109375 0.890625 0.9109375
0 0.9078125 0.8765625 0.8890625 0.8765625 0.8890625 0.9125 0.9078125 0.9125
0 0.9328125 0.86875 0.9109375 0.86875 0.9109375 0.9109375 0.9328125 0.9109375
0 0.9578125 0.8734375 0.9375 0.8734375 0.9375 0.909375 0.9578125 0.909375
0 0.9765625 0.8703125 0.9625 0.8703125 0.9625 0.90625 0.9765625 0.90625
0 1 0.8703125 0.9828125 0.8703125 0.9828125 0.903125 1 0.903125