0 0.284375 0.259375 0.259375 0.259375 0.259375 0.309375 0.284375 0.309375
0 0.2625 0.01875000000000003 0.234375 0.018750000000000027 0.234375 0.07187500000000002 0.2625 0.07187500000000002
0 0.2515625 0.19843750000000004 0.2234375 0.19843750000000004 0.2234375 0.259375 0.2515625 0.259375
0 0.225 0.2109375 0.2 0.2109375 0.2 0.2609375 0.225 0.2609375
0 0.2078125 0.2265625 0.18125000000000005 0.2265625 0.18125000000000005 0.284375 0.2078125 0.284375
0 0.19843750000000002 0.16250000000000003 0.1703125 0.1625 0.17031250000000003 0.2171875 0.19843750000000004 0.2171875
0 0.21875 0.13593750000000004 0.1890625 0.13593750000000004 0.18906250000000002 0.19531250000000006 0.21875 0.19531250000000006
0 0.2359375 0.12187500000000004 0.2109375 0.12187500000000004 0.2109375 0.17656250000000004 0.2359375 0.17656250000000004
0 0.2265625 0.050000000000000024 0.196875 0.050000000000000024 0.196875 0.11093750000000005 0.2265625 0.11093750000000005
0 0.1890625 0.09062500000000002 0.1609375 0.09062500000000002 0.1609375 0.15000000000000002 0.1890625 0.15000000000000005
0 0.18125 0.02812500000000002 0.1546875 0.02812500000000002 0.1546875 0.08437500000000002 0.18125 0.08437500000000002
0 0.196875 0.0015625000000000226 0.171875 0.001562500000000021 0.171875 0.050000000000000024 0.196875 0.050000000000000024
0 0.1734375 1.961348389259433e-17 0.146875 1.798699986247675e-17 0.146875 0.02187500000000002 0.1734375 0.021875000000000023
0 0.2046875 0.05468750000000002 0.18125 0.05468750000000002 0.18125 0.10625000000000002 0.2046875 0.10625000000000004
0 0.8890625 0.1218750000000001 0.846875 0.1218750000000001 0.846875 0.17343750000000008 0.8890625 0.17343750000000008
0 0.7421875 8.811716421989939e-17 0.696875 8.534257381558118e-17 0.696875 0.017187500000000085 0.7421875 0.017187500000000088
0 0.7046875 0.004687500000000084 0.665625 0.004687500000000082 0.665625 0.06562500000000009 0.7046875 0.06562500000000009
0 0.1546875000000001 0.5921875 0.12500000000000008 0.5921875 0.12500000000000008 0.665625 0.1546875000000001 0.665625
0 0.17187500000000006 0.540625 0.14218750000000005 0.540625 0.14218750000000008 0.6109375 0.17187500000000008 0.6109375
0 0.22812500000000008 0.5703125 0.1921875000000001 0.5703125 0.1921875000000001 0.6515625 0.22812500000000008 0.6515625
0 0.2515625000000001 0.50625 0.2171875000000001 0.50625 0.2171875000000001 0.5828125 0.2515625000000001 0.5828125
0 0.20312500000000008 0.671875 0.1687500000000001 0.671875 0.1687500000000001 0.7453125 0.20312500000000008 0.7453125
0 0.04531250000000011 0.878125 1.0753929705012696e-16 0.878125 1.1069658957917873e-16 0.9296875 0.04531250000000011 0.9296875
0 0.028125000000000115 0.94375 1.1557604166953146e-16 0.94375 1.1892468526095002e-16 0.9984375 0.028125000000000122 0.9984375
0 0.18281250000000013 0.9578125 0.12812500000000013 0.9578125 0.12812500000000013 1 0.18281250000000013 1
0 0.3046875000000001 0.9078125 0.2718750000000001 0.9078125 0.2718750000000001 0.978125 0.3046875000000001 0.978125
2 0.2171875000000001 0.7484375 0.1531250000000001 0.7484375 0.15312500000000012 0.9328125 0.2171875000000001 0.9328125