0 0.3015625 0.11093750000000005 0.25625 0.11093750000000005 0.25625 0.14687500000000003 0.3015625 0.14687500000000003
0 0.528125 6.352855270576895e-17 0.509375 6.23804463315683e-17 0.509375 0.057812500000000065 0.528125 0.057812500000000065
0 0.5890625 0.11875000000000009 0.565625 0.11875000000000009 0.565625 0.2000000000000001 0.5890625 0.2000000000000001
0 0.6609375 0.06562500000000007 0.628125 0.06562500000000007 0.628125 0.12031250000000009 0.6609375 0.12031250000000009
0 0.571875 0.4109375 0.5484375 0.4109375 0.5484375 0.4890625 0.571875 0.4890625
0 0.6828125 0.4640625 0.6578125 0.4640625 0.6578125 0.5328125 0.6828125 0.5328125
3 0.9796875 0.3265625000000001 0.928125 0.3265625000000001 0.928125 0.36406250000000007 0.9796875 0.36406250000000007
0 0.81875 0.16562500000000008 0.7765625 0.16562500000000008 0.7765625 0.2000000000000001 0.81875 0.2000000000000001
0 0.815625 0.20468750000000008 0.775 0.20468750000000008 0.775 0.2390625000000001 0.815625 0.2390625000000001
0 0.828125 0.2484375000000001 0.784375 0.2484375000000001 0.784375 0.2843750000000001 0.828125 0.2843750000000001
0 0.8796875 0.2015625000000001 0.8390625 0.2015625000000001 0.8390625 0.23593750000000008 0.8796875 0.23593750000000008
0 0.878125 0.1625000000000001 0.8359375 0.1625000000000001 0.8359375 0.1937500000000001 0.878125 0.1937500000000001
0 0.95 0.1953125000000001 0.90625 0.19531250000000008 0.90625 0.2296875000000001 0.95 0.2296875000000001
0 1 0.20312500000000008 0.9625 0.20312500000000008 0.9625 0.2375000000000001 1 0.2375000000000001
0 0.03906250000000011 0.8890625 0.01562500000000011 0.8890625 0.015625000000000114 0.9390625 0.03906250000000011 0.9390625
0 0.043750000000000115 0.9484375 0.025000000000000112 0.9484375 0.025000000000000116 0.9953125 0.04375000000000012 0.9953125
0 0.07656250000000012 0.965625 0.05937500000000011 0.965625 0.05937500000000012 1 0.07656250000000013 1
0 0.10937500000000014 0.9671875 0.08437500000000012 0.9671875 0.08437500000000012 1 0.10937500000000014 1
0 0.13906250000000012 0.9046875 0.11562500000000009 0.9046875 0.11562500000000012 0.9625 0.13906250000000014 0.9625
0 0.19375000000000014 0.9328125 0.17187500000000014 0.9328125 0.17187500000000014 0.978125 0.19375000000000014 0.978125
0 0.23437500000000008 0.93125 0.2093750000000001 0.93125 0.2093750000000001 0.984375 0.23437500000000008 0.984375
0 0.2531250000000001 0.94375 0.2390625000000001 0.94375 0.2390625000000001 0.984375 0.2531250000000001 0.984375
0 0.28593750000000007 0.9453125 0.2656250000000001 0.9453125 0.2656250000000001 0.990625 0.28593750000000007 0.990625
0 0.3312500000000001 0.95 0.3062500000000001 0.95 0.3062500000000001 1 0.3312500000000001 1
0 0.4593750000000002 0.93125 0.4390625000000002 0.93125 0.4390625000000002 0.971875 0.4593750000000002 0.971875
0 0.43750000000000017 0.9265625 0.42187500000000017 0.9265625 0.42187500000000017 0.96875 0.43750000000000017 0.96875
0 0.41718750000000016 0.915625 0.39531250000000007 0.915625 0.39531250000000007 0.96875 0.41718750000000016 0.96875
0 0.3906250000000001 0.921875 0.3703125000000001 0.921875 0.3703125000000001 0.9640625 0.3906250000000001 0.9640625
0 0.3671875000000001 0.915625 0.3531250000000001 0.915625 0.3531250000000001 0.95625 0.3671875000000001 0.95625
0 0.3468750000000001 0.9140625 0.3312500000000001 0.9140625 0.3312500000000001 0.9515625 0.3468750000000001 0.9515625
0 0.32500000000000007 0.903125 0.3046875000000001 0.903125 0.3046875000000001 0.9484375 0.32500000000000007 0.9484375
0 0.2968750000000001 0.8953125 0.2765625000000001 0.8953125 0.2765625000000001 0.9453125 0.2968750000000001 0.9453125
0 0.2718750000000001 0.8953125 0.2531250000000001 0.8953125 0.2531250000000001 0.9421875 0.2718750000000001 0.9421875
0 0.2484375000000001 0.8890625 0.2312500000000001 0.8890625 0.2312500000000001 0.934375 0.2484375000000001 0.934375
0 0.2250000000000001 0.884375 0.2078125000000001 0.884375 0.2078125000000001 0.9296875 0.2250000000000001 0.9296875
0 0.2015625000000001 0.8828125 0.1843750000000001 0.8828125 0.18437500000000012 0.925 0.2015625000000001 0.925
0 0.17812500000000012 0.878125 0.1625000000000001 0.878125 0.16250000000000012 0.9203125 0.17812500000000014 0.9203125
0 0.1562500000000001 0.8734375 0.1390625000000001 0.8734375 0.13906250000000012 0.9140625 0.15625000000000014 0.9140625
2 0.10937500000000011 0.85625 0.050000000000000114 0.85625 0.050000000000000114 0.9578125 0.10937500000000014 0.9578125
0 0.6921875000000002 0.9859375 0.6593750000000002 0.9859375 0.6593750000000002 1 0.6921875000000002 1
0 0.5687500000000002 0.7484375 0.5375000000000002 0.7484375 0.5375000000000002 0.790625 0.5687500000000002 0.790625
0 0.6359375 0.7 0.6046875 0.7 0.6046875 0.7484375 0.6359375000000002 0.7484375
0 0.5953125000000001 0.69375 0.56875 0.69375 0.5687500000000001 0.7390625 0.5953125000000001 0.7390625
0 0.5609375000000001 0.6828125 0.5296875 0.6828125 0.5296875000000001 0.73125 0.5609375000000002 0.73125
0 0.946875 0.7781250000000002 0.9125 0.7781250000000002 0.9125 0.8296875 0.946875 0.8296875
0 0.9046875 0.7625000000000002 0.8765625 0.7625000000000002 0.8765625 0.8078125 0.9046875 0.8078125
0 0.7046875000000001 0.7796875 0.6765625000000002 0.7796875 0.6765625000000002 0.821875 0.7046875000000001 0.821875
0 0.6156250000000002 0.8078125 0.5843750000000002 0.8078125 0.5843750000000002 0.853125 0.6156250000000002 0.853125
0 0.8671875 0.7500000000000002 0.8375 0.7500000000000002 0.8375 0.7953125000000002 0.8671875 0.7953125000000002
0 0.8328125 0.7453125000000002 0.80625 0.7453125000000002 0.80625 0.7937500000000002 0.8328125 0.7937500000000002
0 0.803125 0.7453125000000002 0.7734375000000002 0.7453125000000002 0.7734375000000002 0.7859375000000002 0.803125 0.7859375000000002
0 0.7593750000000001 0.7328125000000002 0.7281250000000001 0.7328125000000002 0.7281250000000001 0.7750000000000001 0.7593750000000001 0.7750000000000001
3 0.5906250000000002 0.859375 0.5546875000000002 0.859375 0.5546875000000002 0.91875 0.5906250000000002 0.91875