0 0.3593750000000001 0.8828125 0.34843750000000007 0.8828125 0.34843750000000007 0.9109375 0.3593750000000001 0.9109375
0 0.3781250000000001 0.8875 0.3687500000000001 0.8875 0.3687500000000001 0.9125 0.3781250000000001 0.9125
0 0.39531250000000007 0.85 0.3843750000000001 0.85 0.3843750000000001 0.8765625 0.39531250000000007 0.8765625
0 0.3984375000000001 0.75 0.3890625000000001 0.75 0.3890625000000001 0.7671875 0.3984375000000001 0.7671875
0 0.38750000000000007 0.725 0.37968750000000007 0.725 0.37968750000000007 0.74375 0.38750000000000007 0.74375
0 0.4734375000000002 0.75 0.46406250000000016 0.75 0.46406250000000016 0.771875 0.4734375000000002 0.771875
0 0.47656250000000017 0.803125 0.4671875000000002 0.803125 0.4671875000000002 0.8265625 0.47656250000000017 0.8265625
0 0.4828125000000002 0.909375 0.4734375000000002 0.909375 0.4734375000000002 0.94375 0.4828125000000002 0.94375
0 0.4859375000000002 0.9484375 0.4750000000000002 0.9484375 0.4750000000000002 0.978125 0.4859375000000002 0.978125
0 0.4500000000000002 0.790625 0.43281250000000016 0.790625 0.43281250000000016 0.8046875 0.4500000000000002 0.8046875
0 0.44843750000000016 0.803125 0.4312500000000002 0.803125 0.4312500000000002 0.815625 0.44843750000000016 0.815625
0 0.44843750000000016 0.8203125 0.4312500000000002 0.8203125 0.4312500000000002 0.834375 0.44843750000000016 0.834375
0 0.4500000000000002 0.8328125 0.4312500000000002 0.8328125 0.4312500000000002 0.846875 0.4500000000000002 0.846875
0 0.44843750000000016 0.846875 0.42968750000000017 0.846875 0.42968750000000017 0.859375 0.44843750000000016 0.859375
0 0.4515625000000002 0.85625 0.43281250000000016 0.85625 0.43281250000000016 0.8703125 0.4515625000000002 0.8703125
0 0.45312500000000017 0.8671875 0.4312500000000002 0.8671875 0.4312500000000002 0.8828125 0.45312500000000017 0.8828125
0 0.4515625000000002 0.8796875 0.4312500000000002 0.8796875 0.4312500000000002 0.8953125 0.4515625000000002 0.8953125
0 0.4515625000000002 0.8921875 0.4312500000000002 0.8921875 0.4312500000000002 0.90625 0.4515625000000002 0.90625
0 0.4515625000000002 0.9015625 0.42968750000000017 0.9015625 0.42968750000000017 0.921875 0.4515625000000002 0.921875
0 0.45312500000000017 0.9296875 0.42968750000000017 0.9296875 0.42968750000000017 0.9453125 0.45312500000000017 0.9453125
0 0.45312500000000017 0.9421875 0.4312500000000002 0.9421875 0.4312500000000002 0.959375 0.45312500000000017 0.959375
3 0.4781250000000002 0.8296875 0.46875000000000017 0.8296875 0.46875000000000017 0.859375 0.4781250000000002 0.859375
0 0.45312500000000017 0.96875 0.4312500000000002 0.96875 0.4312500000000002 0.9859375 0.45312500000000017 0.9859375
0 0.45312500000000017 0.9578125 0.43281250000000016 0.9578125 0.43281250000000016 0.9734375 0.45312500000000017 0.9734375
0 0.3437500000000001 0.7484375 0.3296875000000001 0.7484375 0.3296875000000001 0.7671875 0.3437500000000001 0.7671875
0 0.34843750000000007 0.734375 0.3312500000000001 0.734375 0.3312500000000001 0.753125 0.34843750000000007 0.753125
0 0.3468750000000001 0.7265625 0.3312500000000001 0.7265625 0.3312500000000001 0.7421875 0.3468750000000001 0.7421875
0 0.34843750000000007 0.7171875 0.3312500000000001 0.7171875 0.3312500000000001 0.7328125 0.34843750000000007 0.7328125
0 0.3531250000000001 0.7015625 0.3359375000000001 0.7015625 0.3359375000000001 0.7171875 0.3531250000000001 0.7171875
3 0.4718750000000001 0.725 0.4625 0.725 0.4625000000000001 0.7484375 0.47187500000000016 0.7484375
0 0.4703125000000001 0.7078125 0.4625 0.7078125 0.4625000000000001 0.7265625 0.4703125000000002 0.7265625
0 0.46875 0.690625 0.4625 0.690625 0.4625 0.7046875 0.46875 0.7046875
0 0.4671875 0.671875 0.4609375 0.671875 0.4609375 0.6890625 0.4671875 0.6890625
0 0.4671875 0.653125 0.459375 0.653125 0.459375 0.671875 0.4671875 0.671875
0 0.4640625 0.6265625 0.4578125 0.6265625 0.4578125 0.6421875 0.4640625 0.6421875
0 0.4640625 0.6109375 0.45625 0.6109375 0.45625 0.628125 0.4640625 0.628125
0 0.4625 0.5953125 0.45625 0.5953125 0.45625 0.609375 0.4625 0.609375
0 0.3937500000000001 0.603125 0.3859375000000001 0.603125 0.3859375000000001 0.6171875 0.3937500000000001 0.6171875
0 0.4 0.678125 0.3921875000000001 0.678125 0.3921875000000001 0.69375 0.4 0.69375
0 0.37187500000000007 0.625 0.3656250000000001 0.625 0.3656250000000001 0.640625 0.37187500000000007 0.640625
3 0.40625 0.571875 0.3984375000000001 0.571875 0.3984375000000001 0.5875 0.40625 0.5875
0 0.38750000000000007 0.534375 0.3828125000000001 0.534375 0.3828125000000001 0.5484375 0.38750000000000007 0.5484375
0 0.40625 0.5109375 0.4015625 0.5109375 0.4015625 0.521875 0.40625 0.521875
0 0.4015625 0.478125 0.39531250000000007 0.478125 0.39531250000000007 0.4875 0.4015625 0.4875
0 0.4 0.5 0.39531250000000007 0.5 0.39531250000000007 0.5125 0.4 0.5125
0 0.4625 0.584375 0.45625 0.584375 0.45625 0.596875 0.4625 0.596875
0 0.4625 0.56875 0.45625 0.56875 0.45625 0.5828125 0.4625 0.5828125
0 0.4453125 0.5328125 0.4390625 0.5328125 0.4390625 0.546875 0.4453125 0.546875
0 0.465625 0.5296875 0.45625 0.5296875 0.45625 0.5390625 0.465625 0.5390625
0 0.4671875 0.525 0.45625 0.525 0.45625 0.5328125 0.4671875 0.5328125
0 0.446875 0.5140625 0.4390625 0.5140625 0.4390625 0.5265625 0.446875 0.5265625
0 0.4453125 0.5046875 0.4390625 0.5046875 0.4390625 0.515625 0.4453125 0.515625
0 0.4453125 0.496875 0.4390625 0.496875 0.4390625 0.5078125 0.4453125 0.5078125
0 0.4453125 0.4765625 0.440625 0.4765625 0.440625 0.4875 0.4453125 0.4875
0 0.4046875 0.4 0.3984375000000001 0.4 0.3984375000000001 0.409375 0.4046875 0.409375
0 0.4046875 0.4234375 0.3984375000000001 0.4234375 0.3984375000000001 0.4328125 0.4046875 0.4328125
0 0.5890625 0.6453125 0.5765625 0.6453125 0.5765625 0.659375 0.5890625 0.659375
0 0.6015625 0.640625 0.59375 0.640625 0.59375 0.6578125 0.6015625 0.6578125
0 0.6109375 0.6375 0.6015625 0.6375 0.6015625 0.6546875 0.6109375 0.6546875
0 0.6015625 0.628125 0.59375 0.628125 0.59375 0.6453125 0.6015625 0.6453125
0 0.59375 0.628125 0.5875 0.628125 0.5875 0.64375 0.59375 0.64375
0 0.5859375 0.6375 0.571875 0.6375 0.571875 0.65 0.5859375 0.65
0 0.584375 0.63125 0.571875 0.63125 0.571875 0.64375 0.584375 0.64375
0 0.596875 0.6109375 0.5875 0.6109375 0.5875 0.625 0.596875 0.625
0 0.584375 0.61875 0.571875 0.61875 0.571875 0.6328125 0.584375 0.6328125