2 0.459375 0.039062500000000056 0.4109375 0.039062500000000056 0.4109375 0.12031250000000004 0.459375 0.12031250000000004
3 0.36875 4.1618856064773335e-17 0.3109375 3.807886141098801e-17 0.3109375 0.03750000000000004 0.36875 0.03750000000000005
0 0.253125 0.020312500000000032 0.2046875 0.02031250000000003 0.2046875 0.10000000000000005 0.253125 0.10000000000000005
0 0.4421875 0.16875000000000004 0.3953125 0.16875000000000004 0.3953125 0.2093750000000001 0.4421875 0.2093750000000001
0 0.4265625 0.25468750000000007 0.3828125 0.25468750000000007 0.3828125 0.2968750000000001 0.4265625 0.2968750000000001
0 0.33125 0.284375 0.2859375 0.284375 0.2859375 0.325 0.33125 0.325
0 0.17500000000000004 0.3453125 0.13125000000000003 0.3453125 0.13125000000000003 0.384375 0.17500000000000004 0.384375
0 0.26406250000000003 0.340625 0.2171875 0.340625 0.21718750000000003 0.38125 0.2640625000000001 0.38125
0 0.14843750000000006 0.2875 0.10156250000000004 0.2875 0.10156250000000004 0.3265625 0.14843750000000006 0.3265625
3 0.09531250000000005 0.2984375 0.039062500000000035 0.2984375 0.03906250000000004 0.34375 0.09531250000000005 0.34375
0 0.05781250000000003 0.2625 0.009375000000000033 0.2625 0.009375000000000034 0.3015625 0.057812500000000044 0.3015625
0 0.25 0.2171875 0.2015625 0.2171875 0.2015625 0.2578125 0.25 0.2578125
0 0.07500000000000004 0.3546875 0.029687500000000044 0.3546875 0.029687500000000044 0.39375 0.07500000000000004 0.39375
0 0.821875 9.854579711888858e-17 0.7875 9.644093543285407e-17 0.7875 0.0390625000000001 0.821875 0.0390625000000001
0 0.934375 0.017187500000000112 0.9 0.017187500000000112 0.9 0.0718750000000001 0.934375 0.0718750000000001
0 0.9390625 0.15781250000000013 0.9078125 0.15781250000000013 0.9078125 0.2234375000000001 0.9390625 0.2234375000000001
0 0.909375 0.1593750000000001 0.878125 0.1593750000000001 0.878125 0.2218750000000001 0.909375 0.2218750000000001
0 0.928125 0.2500000000000001 0.8984375 0.2500000000000001 0.8984375 0.3109375000000001 0.928125 0.3109375000000001
0 0.9546875 0.3812500000000001 0.9234375 0.3812500000000001 0.9234375 0.4187500000000002 0.9546875 0.4187500000000002
0 0.22812500000000008 0.63125 0.1843750000000001 0.63125 0.1843750000000001 0.690625 0.22812500000000008 0.690625
0 0.16875000000000004 0.41875 0.12656250000000005 0.41875 0.12656250000000005 0.4546875 0.16875000000000004 0.4546875
0 0.2953125000000001 0.45 0.2531250000000001 0.45 0.2531250000000001 0.503125 0.2953125000000001 0.503125
0 0.19843750000000007 0.51875 0.16093750000000004 0.51875 0.16093750000000007 0.56875 0.1984375000000001 0.56875
0 0.11875000000000009 0.5828125 0.07031250000000007 0.5828125 0.07031250000000008 0.6484375 0.11875000000000009 0.6484375
0 0.01250000000000009 0.6828125 8.362041425428021e-17 0.6828125 8.763878656398247e-17 0.7484375 0.012500000000000094 0.7484375
0 0.12031250000000009 0.7765625 0.0750000000000001 0.7765625 0.0750000000000001 0.8578125 0.12031250000000009 0.8578125
0 0.459375 0.6578125 0.428125 0.6578125 0.428125 0.7078125 0.459375 0.7078125
0 0.4296875000000001 0.6765625 0.3890625000000001 0.6765625 0.3890625000000001 0.728125 0.42968750000000017 0.728125
0 0.39531250000000007 0.6953125 0.3609375000000001 0.6953125 0.3609375000000001 0.746875 0.39531250000000007 0.746875
0 0.3546875000000001 0.7140625 0.3203125000000001 0.7140625 0.3203125000000001 0.759375 0.3546875000000001 0.759375
0 0.32500000000000007 0.7234375 0.2984375000000001 0.7234375 0.2984375000000001 0.7640625 0.32500000000000007 0.7640625
0 0.3046875000000001 0.734375 0.2656250000000001 0.734375 0.2656250000000001 0.7828125 0.3046875000000001 0.7828125
0 0.2671875000000001 0.753125 0.22812500000000008 0.753125 0.22812500000000008 0.8046875 0.2671875000000001 0.8046875
0 0.2000000000000001 0.7890625 0.1671875000000001 0.7890625 0.1671875000000001 0.8359375 0.2000000000000001 0.8359375
0 0.7781250000000002 0.7312500000000002 0.7281250000000001 0.7312500000000002 0.7281250000000001 0.7734375000000002 0.7781250000000002 0.7734375000000002
0 0.9796875 0.6703125000000002 0.928125 0.6703125000000002 0.928125 0.7140625000000002 0.9796875 0.7140625000000002
0 0.95625 0.81875 0.909375 0.81875 0.909375 0.8609375 0.95625 0.8609375
2 0.5000000000000002 0.840625 0.4593750000000002 0.840625 0.4593750000000002 0.909375 0.5000000000000002 0.909375
0 0.6187500000000001 0.90625 0.5718750000000001 0.90625 0.5718750000000001 0.95 0.6187500000000001 0.95