0 0.2 0.010937500000000022 0.153125 0.01093750000000002 0.153125 0.051562500000000025 0.2 0.051562500000000025
3 0.029687500000000016 0.08125 9.950255243072244e-18 0.08125 1.3490249896857564e-17 0.1390625 0.029687500000000023 0.1390625
0 0.2125 0.09687500000000002 0.16875 0.09687500000000002 0.16875 0.13906250000000003 0.2125 0.13906250000000003
0 0.309375 0.12656250000000005 0.2640625 0.12656250000000005 0.2640625 0.16718750000000004 0.309375 0.16718750000000004
3 0.3390625 0.265625 0.2828125 0.265625 0.2828125 0.2890625 0.3390625 0.2890625
0 0.4625 0.18750000000000006 0.41875 0.18750000000000006 0.41875 0.22656250000000008 0.4625 0.22656250000000008
0 0.3765625 0.18281250000000004 0.3296875 0.18281250000000004 0.3296875 0.22343750000000004 0.3765625 0.2234375000000001
0 0.49375 0.12968750000000004 0.446875 0.12968750000000004 0.446875 0.16875000000000004 0.49375 0.16875000000000004
3 0.5546875 0.14062500000000006 0.4984375 0.14062500000000006 0.4984375 0.18593750000000006 0.5546875 0.1859375000000001
0 0.5859375 0.10468750000000007 0.5375 0.10468750000000004 0.5375 0.14375000000000007 0.5859375 0.1437500000000001
0 0.3921875 0.059375000000000046 0.34375 0.059375000000000046 0.34375 0.10000000000000005 0.3921875 0.10000000000000005
0 0.5640625 0.19687500000000008 0.51875 0.19687500000000005 0.51875 0.23593750000000008 0.5640625 0.23593750000000008
3 0.66875 0.2218750000000001 0.65625 0.2218750000000001 0.65625 0.2671875000000001 0.66875 0.2671875000000001
2 0.66875 0.2515625000000001 0.5484375 0.2515625000000001 0.5484375 0.2890625000000001 0.66875 0.2890625000000001
3 0.9265625 0.01562500000000011 0.8875 0.01562500000000011 0.8875 0.09843750000000011 0.9265625 0.09843750000000011
0 0.8546875 0.1781250000000001 0.8140625 0.1781250000000001 0.8140625 0.26250000000000007 0.8546875 0.26250000000000007
2 0.3687500000000001 0.9171875 0.2593750000000001 0.9171875 0.2593750000000001 1 0.3687500000000001 1
0 0.40156250000000016 0.975 0.3531250000000001 0.975 0.3531250000000001 1 0.40156250000000016 1
0 0.5140625000000002 0.871875 0.4625000000000002 0.871875 0.4625000000000002 0.9296875 0.5140625000000002 0.9296875
0 0.5093750000000001 0.7875 0.46875000000000017 0.7875 0.46875000000000017 0.825 0.5093750000000001 0.825
0 0.3375000000000001 0.7421875 0.2906250000000001 0.7421875 0.2906250000000001 0.784375 0.3375000000000001 0.784375
0 0.33281250000000007 0.6171875 0.2812500000000001 0.6171875 0.2812500000000001 0.6828125 0.33281250000000007 0.6828125
0 0.1421875000000001 0.8796875 0.09218750000000012 0.8796875 0.09218750000000012 0.9203125 0.14218750000000013 0.9203125
0 0.6687500000000002 0.8734375 0.6250000000000002 0.8734375 0.6250000000000002 0.9109375 0.6687500000000002 0.9109375
0 0.5171875 0.3046875000000001 0.478125 0.3046875000000001 0.478125 0.3843750000000001 0.5171875 0.3843750000000001
0 0.8125 0.8078125 0.7796875000000002 0.8078125 0.7796875000000002 0.8515625 0.8125 0.8515625
0 0.846875 0.871875 0.815625 0.871875 0.815625 0.915625 0.846875 0.915625
0 0.821875 0.871875 0.803125 0.871875 0.803125 0.90625 0.821875 0.90625
0 0.86875 0.2921875000000001 0.8328125 0.2921875000000001 0.8328125 0.3703125000000001 0.86875 0.3703125000000001
0 0.6828125000000002 0.875 0.6687500000000002 0.875 0.6687500000000002 0.915625 0.6828125000000002 0.915625
0 0.7171875000000002 0.8828125 0.6859375000000002 0.8828125 0.6859375000000002 0.925 0.7171875000000002 0.925
0 0.7421875000000002 0.8890625 0.7125000000000001 0.8890625 0.7125000000000001 0.9328125 0.7421875000000002 0.9328125
0 0.7593750000000001 0.9015625 0.7343750000000002 0.9015625 0.7343750000000002 0.9421875 0.7593750000000001 0.9421875
0 0.884375 0.9421875 0.859375 0.9421875 0.859375 0.9828125 0.884375 0.9828125
0 0.9046875 0.95 0.88125 0.95 0.88125 0.9875 0.9046875 0.9875
0 1 0.6343750000000001 0.9828125 0.6343750000000001 0.9828125 0.6703125000000002 1 0.6703125000000002
0 0.9890625 0.6234375000000002 0.9609375 0.6234375000000002 0.9609375 0.6640625000000002 0.9890625 0.6640625000000002
0 0.965625 0.6140625000000002 0.9375 0.6140625000000002 0.9375 0.6531250000000002 0.965625 0.6531250000000002
0 0.940625 0.6062500000000002 0.915625 0.6062500000000002 0.915625 0.6468750000000002 0.940625 0.6468750000000002
0 0.9203125 0.5968750000000002 0.8890625 0.5968750000000002 0.8890625 0.6406250000000002 0.9203125 0.6406250000000002
0 0.8890625 0.5937500000000002 0.8640625 0.5937500000000002 0.8640625 0.6312500000000002 0.8890625 0.6312500000000002
0 0.8640625 0.5812500000000002 0.8359375 0.5812500000000002 0.8359375 0.6218750000000002 0.8640625 0.6218750000000002
0 0.8 0.5625000000000002 0.775 0.5625000000000002 0.775 0.5984375000000002 0.8 0.5984375000000002