0 0.471875 0.2828125000000001 0.45625 0.2828125000000001 0.45625 0.3546875000000001 0.471875 0.3546875000000001
0 0.5 0.23593750000000008 0.4828125 0.23593750000000008 0.4828125 0.3046875000000001 0.5 0.3046875000000001
0 0.546875 0.2765625000000001 0.5265625 0.2765625000000001 0.5265625 0.3546875000000001 0.546875 0.3546875000000001
0 0.5828125 0.21875000000000008 0.5640625 0.21875000000000008 0.5640625 0.2921875000000001 0.5828125 0.2921875000000001
0 0.5015625 0.37187500000000007 0.4828125 0.37187500000000007 0.4828125 0.4421875 0.5015625 0.4421875
0 0.3109375000000001 0.5421875 0.2656250000000001 0.5421875 0.2656250000000001 0.5859375 0.3109375000000001 0.5859375
0 0.18750000000000008 0.5984375 0.1437500000000001 0.5984375 0.1437500000000001 0.6578125 0.18750000000000008 0.6578125
0 0.24375000000000008 0.575 0.20312500000000008 0.575 0.20312500000000008 0.615625 0.24375000000000008 0.615625
0 0.2250000000000001 0.6296875 0.18750000000000008 0.6296875 0.18750000000000008 0.6734375 0.2250000000000001 0.6734375
0 0.2796875000000001 0.603125 0.23437500000000008 0.603125 0.23437500000000008 0.6484375 0.2796875000000001 0.6484375
0 0.428125 0.6484375 0.3828125000000001 0.6484375 0.3828125000000001 0.7 0.428125 0.7
0 0.553125 0.621875 0.534375 0.621875 0.534375 0.690625 0.553125 0.690625
2 0.478125 0.44375 0.4515625 0.44375 0.4515625 0.6265625 0.478125 0.6265625
2 0.5968750000000002 0.778125 0.5671875000000002 0.778125 0.5671875000000002 0.9984375 0.5968750000000002 0.9984375
0 0.5625000000000002 0.8578125 0.5437500000000002 0.8578125 0.5437500000000002 0.934375 0.5625000000000002 0.934375
0 0.5375000000000002 0.8765625 0.5187500000000002 0.8765625 0.5187500000000002 0.9515625 0.5375000000000002 0.9515625
0 0.5125000000000002 0.9140625 0.49218750000000017 0.9140625 0.49218750000000017 0.9921875 0.5125000000000002 0.9921875