2 0.09218750000000006 0.4765625 5.836207402186604e-17 0.4765625 6.16150420821012e-17 0.5296875 0.09218750000000006 0.5296875
0 0.14531250000000004 0.4578125 0.09531250000000006 0.4578125 0.09531250000000006 0.496875 0.14531250000000004 0.496875
0 0.16562500000000005 0.4125 0.11875000000000005 0.4125 0.11875000000000005 0.45 0.16562500000000005 0.45
0 0.08437500000000005 0.3984375 0.03906250000000004 0.3984375 0.03906250000000005 0.4375 0.08437500000000005 0.4375
0 0.023437500000000052 0.390625 4.7837765591693485e-17 0.390625 5.0325329402461554e-17 0.43125 0.023437500000000056 0.43125
0 0.08281250000000005 0.440625 0.037500000000000054 0.440625 0.037500000000000054 0.478125 0.08281250000000007 0.478125
0 0.021875000000000054 0.434375 5.319559533796316e-17 0.434375 5.539613255518106e-17 0.4703125 0.021875000000000054 0.4703125
0 0.9015625 0.3703125000000001 0.875 0.3703125000000001 0.875 0.4187500000000002 0.9015625 0.4187500000000002
0 0.8859375 0.42187500000000017 0.8609375 0.42187500000000017 0.8609375 0.4703125000000002 0.8859375 0.4703125000000002
0 0.8828125 0.48437500000000017 0.8578125 0.48437500000000017 0.8578125 0.5265625000000002 0.8828125 0.5265625000000002
0 0.85 0.43750000000000017 0.828125 0.43750000000000017 0.828125 0.47968750000000016 0.85 0.47968750000000016
0 0.8546875 0.47968750000000016 0.8265625 0.47968750000000016 0.8265625 0.5296875000000002 0.8546875 0.5296875000000002
0 0.8171875 0.49218750000000017 0.790625 0.49218750000000017 0.790625 0.5296875000000002 0.8171875 0.5296875000000002
0 0.784375 0.49218750000000017 0.7625 0.49218750000000017 0.7625 0.5296875000000002 0.784375 0.5296875000000002
0 0.8234375 0.42968750000000017 0.7953125 0.42968750000000017 0.7953125 0.4750000000000002 0.8234375 0.4750000000000002
0 0.8015625 0.36406250000000007 0.7734375 0.36406250000000007 0.7734375 0.41718750000000016 0.8015625 0.41718750000000016
0 0.74375 0.3765625000000001 0.7171875 0.3765625000000001 0.7171875 0.4234375000000001 0.74375 0.4234375000000002
0 0.7078125 0.37187500000000007 0.678125 0.37187500000000007 0.678125 0.4234375 0.7078125 0.4234375
0 0.678125 0.3843750000000001 0.6578125 0.3843750000000001 0.6578125 0.421875 0.678125 0.421875
0 0.65 0.3781250000000001 0.625 0.3781250000000001 0.625 0.4203125 0.65 0.4203125
0 0.6078125 0.3765625000000001 0.58125 0.3765625000000001 0.58125 0.421875 0.6078125 0.421875
0 0.45 5.443937724334719e-17 0.4390625 5.376964852506348e-17 0.4390625 0.05468750000000004 0.45 0.05468750000000004
0 0.48125 0.33281250000000007 0.4578125 0.33281250000000007 0.4578125 0.37187500000000007 0.48125 0.37187500000000007
0 0.4984375 0.3343750000000001 0.4765625 0.3343750000000001 0.4765625 0.3765625000000001 0.4984375 0.3765625000000001
0 0.525 0.3265625000000001 0.496875 0.3265625000000001 0.496875 0.3750000000000001 0.525 0.3750000000000001
0 0.55 0.3375000000000001 0.525 0.3375000000000001 0.525 0.3750000000000001 0.55 0.3750000000000001
0 0.5671875 0.3343750000000001 0.5484375 0.3343750000000001 0.5484375 0.3750000000000001 0.5671875 0.3750000000000001
0 0.590625 0.3343750000000001 0.56875 0.3343750000000001 0.56875 0.3734375000000001 0.590625 0.3734375000000001
0 0.6171875 0.3296875000000001 0.5921875 0.3296875000000001 0.5921875 0.3734375000000001 0.6171875 0.3734375000000001
0 0.6453125 0.3296875000000001 0.621875 0.3296875000000001 0.621875 0.3687500000000001 0.6453125 0.3687500000000001
0 0.6703125 0.3312500000000001 0.646875 0.3312500000000001 0.646875 0.3734375000000001 0.6703125 0.3734375000000001
0 0.6921875 0.3296875000000001 0.66875 0.3296875000000001 0.66875 0.37187500000000007 0.6921875 0.37187500000000007
0 0.715625 0.3296875000000001 0.69375 0.3296875000000001 0.69375 0.37187500000000007 0.715625 0.37187500000000007
0 0.740625 0.3281250000000001 0.7171875 0.3281250000000001 0.7171875 0.3703125000000001 0.740625 0.3703125000000001
0 0.7609375 0.32500000000000007 0.740625 0.32500000000000007 0.740625 0.3687500000000001 0.7609375 0.3687500000000001
0 0.784375 0.3265625000000001 0.7625 0.3265625000000001 0.7625 0.3687500000000001 0.784375 0.3687500000000001
2 0.871875 0.33281250000000007 0.8046875 0.33281250000000007 0.8046875 0.42968750000000017 0.871875 0.42968750000000017
0 0.3609375000000001 0.903125 0.2906250000000001 0.903125 0.2906250000000001 0.96875 0.3609375000000001 0.96875
0 0.4390625000000002 0.834375 0.40937500000000016 0.834375 0.40937500000000016 0.8890625 0.4390625000000002 0.8890625
0 0.30937500000000007 0.5296875 0.2500000000000001 0.5296875 0.2500000000000001 0.5546875 0.30937500000000007 0.5546875
0 0.2078125000000001 0.5296875 0.15156250000000004 0.5296875 0.15156250000000004 0.5375 0.2078125000000001 0.5375
0 0.9484375 0.7718750000000002 0.925 0.7718750000000002 0.925 0.815625 0.9484375 0.815625
0 0.4875000000000001 0.71875 0.459375 0.71875 0.4593750000000001 0.7609375 0.48750000000000016 0.7609375
0 0.45312500000000017 0.765625 0.4390625000000002 0.765625 0.4390625000000002 0.8109375 0.45312500000000017 0.8109375
0 0.4703125000000002 0.778125 0.4546875000000002 0.778125 0.4546875000000002 0.809375 0.4703125000000002 0.809375
0 1 0.5593750000000002 0.975 0.5593750000000002 0.975 0.5984375000000002 1 0.5984375000000002
0 0.959375 0.5546875000000002 0.9328125 0.5546875000000002 0.9328125 0.5968750000000002 0.959375 0.5968750000000002
0 0.7312500000000002 0.83125 0.7078125000000002 0.83125 0.7078125000000002 0.8734375 0.7312500000000002 0.8734375
0 0.7093750000000002 0.8328125 0.6875000000000002 0.8328125 0.6875000000000002 0.871875 0.7093750000000002 0.871875
0 0.6843750000000002 0.8296875 0.6640625000000002 0.8296875 0.6640625000000002 0.8734375 0.6843750000000002 0.8734375
0 0.6578125000000001 0.8265625 0.6312500000000002 0.8265625 0.6312500000000002 0.8640625 0.6578125000000001 0.8640625
0 0.6296875000000002 0.825 0.6062500000000002 0.825 0.6062500000000002 0.8640625 0.6296875000000002 0.8640625
0 0.6062500000000002 0.825 0.5843750000000002 0.825 0.5843750000000002 0.8640625 0.6062500000000002 0.8640625
0 0.5812500000000002 0.8234375 0.5578125000000002 0.8234375 0.5578125000000002 0.8625 0.5812500000000002 0.8625
0 0.4734375000000002 0.8171875 0.45312500000000017 0.8171875 0.45312500000000017 0.8546875 0.4734375000000002 0.8546875
0 0.45312500000000017 0.815625 0.4390625000000002 0.815625 0.4390625000000002 0.853125 0.45312500000000017 0.853125
0 0.83125 0.5296875000000002 0.8078125 0.5296875000000002 0.8078125 0.5406250000000001 0.83125 0.5406250000000001
0 0.85 0.5296875000000002 0.828125 0.5296875000000002 0.828125 0.5437500000000002 0.85 0.5437500000000002
0 0.875 0.5296875000000002 0.8484375 0.5296875000000002 0.8484375 0.5453125000000002 0.875 0.5453125000000002
0 0.9 0.5296875000000002 0.8765625 0.5296875000000002 0.8765625 0.5453125000000002 0.9 0.5453125000000002
0 0.9171875 0.5296875000000002 0.9015625 0.5296875000000002 0.9015625 0.5437500000000002 0.9171875 0.5437500000000002
0 0.940625 0.5296875000000002 0.921875 0.5296875000000002 0.921875 0.5437500000000002 0.940625 0.5437500000000002
0 0.9671875 0.5296875000000002 0.9421875 0.5296875000000002 0.9421875 0.5500000000000002 0.9671875 0.5500000000000002
0 0.9953125 0.5296875000000002 0.971875 0.5296875000000002 0.971875 0.5468750000000002 0.9953125 0.5468750000000002
0 0.6671875000000002 0.7296875 0.6453125000000002 0.7296875 0.6453125000000002 0.76875 0.6671875000000002 0.76875