0 0.4171875 0.04375000000000005 0.384375 0.043750000000000046 0.384375 0.10781250000000005 0.4171875 0.10781250000000005
0 0.15937500000000004 0.4625 0.12812500000000004 0.4625 0.12812500000000004 0.515625 0.15937500000000004 0.515625
0 0.809375 0.0375000000000001 0.796875 0.0375000000000001 0.796875 0.10937500000000008 0.809375 0.10937500000000008
0 0.8875 0.12031250000000009 0.8671875 0.12031250000000009 0.8671875 0.2000000000000001 0.8875 0.2000000000000001
0 1 0.40625000000000017 0.9765625 0.40625000000000017 0.9765625 0.45312500000000017 1 0.45312500000000017
0 0.96875 0.4078125000000002 0.9515625 0.4078125000000002 0.9515625 0.4437500000000002 0.96875 0.4437500000000002
0 0.94375 0.4031250000000002 0.921875 0.4031250000000002 0.921875 0.44062500000000016 0.94375 0.44062500000000016
0 0.8765625 0.39531250000000007 0.8578125 0.39531250000000007 0.8578125 0.4312500000000002 0.8765625 0.4312500000000002
0 0.7359375 0.3859375000000001 0.715625 0.3859375000000001 0.715625 0.4218750000000001 0.7359375 0.42187500000000017
0 0.7140625 0.3843750000000001 0.696875 0.3843750000000001 0.696875 0.4203125 0.7140625 0.4203125
0 0.6953125 0.3734375000000001 0.6734375 0.3734375000000001 0.6734375 0.41875 0.6953125 0.41875
0 0.4125000000000002 0.9828125 0.3890625000000001 0.9828125 0.3890625000000001 1 0.4125000000000002 1
0 0.0203125000000001 0.8078125 0.0015625000000000992 0.8078125 0.0015625000000001014 0.8453125 0.020312500000000105 0.8453125
0 0.012500000000000108 0.85 1.0409497792752501e-16 0.85 1.0706091939421001e-16 0.8984375 0.012500000000000112 0.8984375
0 0.04687500000000011 0.865625 0.025000000000000112 0.865625 0.025000000000000112 0.9078125 0.04687500000000011 0.9078125
0 0.07500000000000011 0.8703125 0.05625000000000011 0.8703125 0.05625000000000011 0.9078125 0.07500000000000011 0.9078125
0 0.0546875000000001 0.8015625 0.0281250000000001 0.8015625 0.0281250000000001 0.85 0.05468750000000011 0.85
0 0.0828125000000001 0.7421875 0.05937500000000009 0.7421875 0.05937500000000009 0.7890625 0.0828125000000001 0.7890625
0 0.1390625000000001 0.759375 0.11718750000000008 0.759375 0.11718750000000008 0.8046875 0.1390625000000001 0.8046875
0 0.1765625000000001 0.759375 0.1515625000000001 0.759375 0.1515625000000001 0.8109375 0.1765625000000001 0.8109375
0 0.19687500000000008 0.771875 0.17968750000000008 0.771875 0.17968750000000008 0.809375 0.19687500000000008 0.809375
0 0.2296875000000001 0.775 0.2078125000000001 0.775 0.2078125000000001 0.8125 0.2296875000000001 0.8125
0 0.2718750000000001 0.7796875 0.2500000000000001 0.7796875 0.2500000000000001 0.821875 0.2718750000000001 0.821875
0 0.553125 0.51875 0.5328125 0.51875 0.5328125 0.56875 0.553125 0.56875
0 0.6671875000000002 0.775 0.6437500000000002 0.775 0.6437500000000002 0.821875 0.6671875000000002 0.821875
0 0.6359375000000002 0.7765625 0.6187500000000001 0.7765625 0.6187500000000001 0.8125 0.6359375000000002 0.8125
0 0.6109375000000001 0.771875 0.5890625000000002 0.771875 0.5890625000000002 0.809375 0.6109375000000001 0.809375
0 0.5437500000000002 0.7640625 0.5250000000000001 0.7640625 0.5250000000000001 0.8 0.5437500000000002 0.8
0 0.4031250000000002 0.7546875 0.3828125000000001 0.7546875 0.3828125000000001 0.790625 0.4031250000000002 0.790625
0 0.3812500000000001 0.753125 0.36406250000000007 0.753125 0.36406250000000007 0.7890625 0.3812500000000001 0.7890625
0 0.3625000000000001 0.7421875 0.34062500000000007 0.7421875 0.34062500000000007 0.7875 0.3625000000000001 0.7875
0 0.3359375000000001 0.746875 0.3156250000000001 0.746875 0.3156250000000001 0.784375 0.3359375000000001 0.784375
0 0.3109375000000001 0.7421875 0.2968750000000001 0.7421875 0.2968750000000001 0.778125 0.3109375000000001 0.778125
0 0.2921875000000001 0.7390625 0.2734375000000001 0.7390625 0.2734375000000001 0.7765625 0.2921875000000001 0.7765625
0 0.2687500000000001 0.7328125 0.2484375000000001 0.7328125 0.2484375000000001 0.7703125 0.2687500000000001 0.7703125
0 0.2406250000000001 0.7296875 0.22031250000000008 0.7296875 0.22031250000000008 0.765625 0.2406250000000001 0.765625
0 0.2156250000000001 0.725 0.19531250000000008 0.725 0.19531250000000008 0.7625 0.2156250000000001 0.7625
0 0.1937500000000001 0.7203125 0.1750000000000001 0.7203125 0.1750000000000001 0.7578125 0.1937500000000001 0.7578125
0 0.1687500000000001 0.7203125 0.1515625000000001 0.7203125 0.1515625000000001 0.7578125 0.1687500000000001 0.7578125
0 0.1468750000000001 0.7125 0.12656250000000008 0.7125 0.12656250000000008 0.753125 0.1468750000000001 0.753125
0 0.12343750000000009 0.7078125 0.1062500000000001 0.7078125 0.1062500000000001 0.7484375 0.12343750000000009 0.7484375
0 0.10156250000000008 0.70625 0.0828125000000001 0.70625 0.0828125000000001 0.7421875 0.10156250000000008 0.7421875
0 0.28593750000000007 0.98125 0.2671875000000001 0.98125 0.2671875000000001 1 0.28593750000000007 1
2 0.05312500000000009 0.7109375 8.706473337688214e-17 0.7109375 9.184850993605148e-17 0.7890625 0.05312500000000009 0.7890625
3 0.7531250000000002 0.9765625 0.7156250000000002 0.9765625 0.7156250000000002 1 0.7531250000000002 1
0 0.81875 0.9765625 0.7828125000000001 0.9765625 0.7828125000000001 1 0.81875 1
0 0.89375 0.9796875 0.8609375 0.9796875 0.8609375 1 0.89375 1