0 0.37343750000000003 0.29375000000000007 0.359375 0.29375 0.35937500000000006 0.37500000000000006 0.3734375000000001 0.3750000000000001
0 0.3921875 0.14531250000000004 0.359375 0.14531250000000004 0.359375 0.20000000000000004 0.3921875 0.2000000000000001
0 0.478125 0.2062500000000001 0.4453125 0.2062500000000001 0.4453125 0.26250000000000007 0.478125 0.26250000000000007
0 0.4515625 0.2140625000000001 0.4296875 0.2140625000000001 0.4296875 0.2578125000000001 0.4515625 0.2578125000000001
0 0.3703125 0.04531250000000005 0.359375 0.04531250000000005 0.359375 0.09062500000000004 0.3703125 0.09062500000000004
0 0.490625 5.79793718971325e-17 0.45625 5.587451021109799e-17 0.45625 0.01875000000000006 0.490625 0.018750000000000062
0 0.50625 6.056261123908394e-17 0.4828125 5.912747827133314e-17 0.4828125 0.02187500000000006 0.50625 0.02187500000000006
0 0.5375 6.400693036168589e-17 0.5078125 6.218909526920153e-17 0.5078125 0.032812500000000064 0.5375 0.032812500000000064
0 0.58125 0.0015625000000000695 0.5484375 0.0015625000000000673 0.5484375 0.05156250000000007 0.58125 0.05156250000000007
0 0.696875 0.3312500000000001 0.6703125 0.3312500000000001 0.6703125 0.3765625000000001 0.696875 0.3765625000000001
0 0.7171875 0.3359375000000001 0.690625 0.3359375000000001 0.690625 0.3812500000000001 0.7171875 0.3812500000000001
0 0.740625 0.3437500000000001 0.7140625 0.3437500000000001 0.7140625 0.3906250000000001 0.740625 0.3906250000000001
0 0.771875 0.3515625000000001 0.740625 0.3515625000000001 0.740625 0.40156250000000016 0.771875 0.40156250000000016
0 0.796875 0.3625000000000001 0.7671875 0.3625000000000001 0.7671875 0.4109375000000002 0.796875 0.4109375000000002
0 0.815625 0.3734375000000001 0.7890625 0.3734375000000001 0.7890625 0.4187500000000002 0.815625 0.4187500000000002
0 1 0.10468750000000013 0.98125 0.10468750000000013 0.98125 0.15000000000000013 1 0.15000000000000013
0 0.9859375 0.09687500000000011 0.959375 0.09687500000000011 0.959375 0.14375000000000013 0.9859375 0.14375000000000013
0 0.965625 0.08125000000000011 0.9328125 0.08125000000000011 0.9328125 0.13593750000000013 0.965625 0.13593750000000013
0 0.9359375 0.07500000000000011 0.9078125 0.07500000000000011 0.9078125 0.12187500000000014 0.9359375 0.12187500000000014
0 0.909375 0.06562500000000011 0.88125 0.06562500000000011 0.88125 0.1109375000000001 0.909375 0.11093750000000013
0 0.846875 0.0421875000000001 0.81875 0.0421875000000001 0.81875 0.08906250000000011 0.846875 0.08906250000000011
0 0.7109375 0.0062500000000000845 0.684375 0.006250000000000084 0.684375 0.050000000000000086 0.7109375 0.050000000000000086
0 0.690625 0.0031250000000000834 0.6671875 0.0031250000000000817 0.6671875 0.04531250000000008 0.690625 0.04531250000000009
0 0.675 8.065447278759521e-17 0.6421875 7.864528663274409e-17 0.6421875 0.037500000000000075 0.675 0.037500000000000075
0 0.646875 7.749718025854345e-17 0.61875 7.577502069724248e-17 0.61875 0.02968750000000008 0.646875 0.02968750000000008
0 0.6234375 7.491394091659199e-17 0.6 7.347880794884119e-17 0.6 0.020312500000000074 0.6234375 0.020312500000000077
0 0.2578125000000001 0.546875 0.22812500000000008 0.546875 0.22812500000000008 0.609375 0.2578125000000001 0.609375
0 0.2843750000000001 0.584375 0.2515625000000001 0.584375 0.2515625000000001 0.6515625 0.2843750000000001 0.6515625
0 0.3593750000000001 0.4890625 0.3531250000000001 0.4890625 0.3531250000000001 0.5546875 0.3593750000000001 0.5546875
0 0.2906250000000001 0.6796875 0.2593750000000001 0.6796875 0.2593750000000001 0.75 0.2906250000000001 0.75
0 0.2468750000000001 0.784375 0.2171875000000001 0.784375 0.2171875000000001 0.85 0.2468750000000001 0.85
0 0.32500000000000007 0.75 0.29375000000000007 0.75 0.29375000000000007 0.815625 0.32500000000000007 0.815625
0 0.2171875000000001 0.9390625 0.18593750000000014 0.9390625 0.18593750000000014 1 0.2171875000000001 1
0 0.2468750000000001 0.903125 0.2156250000000001 0.903125 0.2156250000000001 0.9703125 0.2468750000000001 0.9703125
0 0.03125000000000012 0.91875 1.1251442467166307e-16 0.91875 1.1548036613834807e-16 0.9671875 0.031250000000000125 0.9671875
2 0.15625000000000014 0.9390625 0.04375000000000011 0.9390625 0.043750000000000115 1 0.15625000000000014 1
3 0.050000000000000114 0.8546875 1.0466903111462534e-16 0.8546875 1.0849605236196083e-16 0.9171875 0.050000000000000114 0.9171875
0 0.496875 0.6125 0.4578125 0.6125 0.4578125 0.7140625 0.496875 0.7140625
0 0.725 0.5765625 0.6765625 0.5765625 0.6765625 0.64375 0.725 0.64375
0 0.4234375000000002 0.8765625 0.3890625000000001 0.8765625 0.3890625000000001 0.9625 0.4234375000000002 0.9625
0 0.4140625 0.5046875 0.37187500000000007 0.5046875 0.37187500000000007 0.553125 0.4140625 0.553125
0 1 0.4890625000000002 0.9734375 0.4890625000000002 0.9734375 0.5265625000000002 1 0.5265625000000002
0 0.8875 0.4890625000000002 0.85 0.4890625000000002 0.85 0.5140625000000002 0.8875 0.5140625000000002
0 0.6921875000000001 0.696875 0.65 0.696875 0.6500000000000001 0.7453125 0.6921875000000002 0.7453125
0 0.7265625000000001 0.7046875000000001 0.6890625 0.7046875 0.6890625000000001 0.7484375000000001 0.7265625000000002 0.7484375000000002
0 0.784375 0.7125000000000001 0.7484375 0.7125000000000001 0.7484375000000001 0.7593750000000001 0.7843750000000002 0.7593750000000001
0 0.8171875 0.7234375000000002 0.7796875 0.7234375000000002 0.7796875000000001 0.7703125000000002 0.8171875 0.7703125000000002
0 0.8515625 0.7328125000000002 0.815625 0.7328125000000002 0.815625 0.7859375000000002 0.8515625 0.7859375000000002
0 0.8921875 0.7531250000000002 0.8515625 0.7531250000000002 0.8515625 0.8046875 0.8921875 0.8046875
0 0.9203125 0.7703125000000002 0.884375 0.7703125000000002 0.884375 0.821875 0.9203125 0.821875
0 0.9609375 0.7890625000000002 0.925 0.7890625000000002 0.925 0.834375 0.9609375 0.834375
0 0.984375 0.7953125000000002 0.9546875 0.7953125000000002 0.9546875 0.84375 0.984375 0.84375
0 1 0.8078125 0.9734375 0.8078125 0.9734375 0.85625 1 0.85625
3 0.875 0.5218750000000002 0.8265625 0.5218750000000002 0.8265625 0.5890625000000002 0.875 0.5890625000000002