0 0.2109375 2.382320726466335e-17 0.178125 2.181402110981223e-17 0.178125 0.03906250000000002 0.2109375 0.03906250000000002
0 0.2015625 0.04687500000000002 0.1578125 0.04687500000000002 0.1578125 0.11718750000000003 0.2015625 0.11718750000000004
0 0.11250000000000002 0.1546875 0.08125000000000002 0.1546875 0.08125000000000002 0.21875 0.11250000000000004 0.21875
0 0.13125000000000003 0.284375 0.09687500000000004 0.284375 0.09687500000000004 0.3640625 0.13125000000000003 0.3640625
3 1 0.2906250000000001 0.9890625 0.2906250000000001 0.9890625 0.3359375000000001 1 0.3359375000000001
3 0.9546875 0.3031250000000001 0.9 0.3031250000000001 0.9 0.3500000000000001 0.9546875 0.3500000000000001
0 0.8859375 0.37187500000000007 0.853125 0.37187500000000007 0.853125 0.4234375000000002 0.8859375 0.4234375000000002
0 0.5359375 0.3187500000000001 0.503125 0.3187500000000001 0.503125 0.3500000000000001 0.5359375 0.3500000000000001
3 0.7109375 0.15000000000000008 0.671875 0.15000000000000008 0.671875 0.18906250000000008 0.7109375 0.18906250000000008
0 0.4000000000000002 0.8484375 0.3890625000000001 0.8484375 0.3890625000000001 0.8875 0.4000000000000002 0.8875
0 0.17187500000000008 0.709375 0.14218750000000008 0.709375 0.14218750000000008 0.7859375 0.17187500000000008 0.7859375
0 0.2062500000000001 0.9578125 0.16875000000000012 0.9578125 0.16875000000000012 1 0.2062500000000001 1
0 0.1281250000000001 0.59375 0.09843750000000007 0.59375 0.09843750000000008 0.6734375 0.1281250000000001 0.6734375
0 0.05312500000000009 0.73125 0.009375000000000088 0.73125 0.009375000000000093 0.784375 0.05312500000000009 0.784375
0 1 0.8875 0.9734375 0.8875 0.9734375 0.934375 1 0.934375
0 0.9640625 0.8890625 0.934375 0.8890625 0.934375 0.946875 0.9640625 0.946875
0 0.9359375 0.9078125 0.915625 0.9078125 0.915625 0.95 0.9359375 0.95
0 0.909375 0.9109375 0.884375 0.9109375 0.884375 0.9578125 0.909375 0.9578125
0 0.8703125 0.921875 0.840625 0.921875 0.840625 0.971875 0.8703125 0.971875
0 0.6203125 0.6 0.603125 0.6 0.603125 0.6671875 0.6203125 0.6671875
0 0.5625000000000001 0.68125 0.5328125 0.68125 0.5328125000000001 0.759375 0.5625000000000002 0.759375
0 0.4281250000000002 0.9890625 0.4046875000000002 0.9890625 0.4046875000000002 1 0.4281250000000002 1
0 0.4515625000000002 0.98125 0.4281250000000002 0.98125 0.4281250000000002 1 0.4515625000000002 1
0 0.47968750000000016 0.96875 0.4500000000000002 0.96875 0.4500000000000002 1 0.47968750000000016 1
0 0.5031250000000002 0.9640625 0.47968750000000016 0.9640625 0.47968750000000016 1 0.5031250000000002 1
0 0.5312500000000002 0.9578125 0.5062500000000002 0.9578125 0.5062500000000002 1 0.5312500000000002 1
0 0.5953125000000001 0.940625 0.5718750000000001 0.940625 0.5718750000000001 0.9875 0.5953125000000001 0.9875
0 0.7328125000000002 0.915625 0.7093750000000002 0.915625 0.7093750000000002 0.9578125 0.7328125000000002 0.9578125
0 0.7515625000000001 0.9140625 0.7312500000000002 0.9140625 0.7312500000000002 0.95625 0.7515625000000001 0.95625
0 0.7765625000000002 0.8984375 0.7484375000000002 0.8984375 0.7484375000000002 0.9515625 0.7765625000000002 0.9515625
0 0.8015625 0.9015625 0.7765625000000002 0.9015625 0.7765625000000002 0.94375 0.8015625 0.94375
0 0.81875 0.8921875 0.8 0.8921875 0.8 0.9375 0.81875 0.9375
0 0.840625 0.8890625 0.81875 0.8890625 0.81875 0.9265625 0.840625 0.9265625
0 0.8671875 0.871875 0.8390625 0.871875 0.8390625 0.921875 0.8671875 0.921875
0 0.8921875 0.865625 0.8671875 0.865625 0.8671875 0.9125 0.8921875 0.9125
0 0.915625 0.859375 0.890625 0.859375 0.890625 0.90625 0.915625 0.90625
0 0.9375 0.85 0.9125 0.85 0.9125 0.8984375 0.9375 0.8984375
0 0.959375 0.84375 0.9375 0.84375 0.9375 0.890625 0.959375 0.890625
0 0.9828125 0.8390625 0.959375 0.8390625 0.959375 0.8828125 0.9828125 0.8828125
0 1 0.8296875 0.98125 0.8296875 0.98125 0.8765625 1 0.8765625