0 0.0578125 4.879452090352735e-18 0.021875 2.678914873134835e-18 0.021875000000000002 0.026562500000000006 0.0578125 0.02656250000000001
0 0.628125 7.443556326067506e-17 0.5875 7.1947999449907e-17 0.5875 0.03125000000000007 0.628125 0.031250000000000076
0 0.45 5.2334515557312676e-17 0.4046875 4.955992515299445e-17 0.4046875 0.02812500000000005 0.45 0.028125000000000056
0 0.9765625 1.1710685016846565e-16 0.9359375 1.146192863576976e-16 0.9359375 0.028125000000000115 0.9765625 0.028125000000000122
0 0.9671875 0.12031250000000013 0.94375 0.12031250000000013 0.94375 0.19531250000000014 0.9671875 0.19531250000000014
0 0.25468750000000007 0.790625 0.2093750000000001 0.790625 0.2093750000000001 0.834375 0.25468750000000007 0.834375
0 0.546875 0.528125 0.5390625 0.528125 0.5390625 0.5484375 0.546875 0.5484375
0 0.5578125 0.5328125 0.5484375 0.5328125 0.5484375 0.5578125 0.5578125 0.5578125
0 0.5671875 0.525 0.5578125 0.525 0.5578125 0.546875 0.5671875 0.546875
0 0.5765625 0.528125 0.56875 0.528125 0.56875 0.553125 0.5765625 0.553125
0 0.5859375 0.525 0.578125 0.525 0.578125 0.55 0.5859375 0.55
3 0.6140625 0.55625 0.5953125 0.55625 0.5953125 0.5703125 0.6140625 0.5703125
0 0.6421875 0.5578125 0.6234375 0.5578125 0.6234375 0.5703125 0.6421875 0.5703125
0 0.6640625 0.559375 0.646875 0.559375 0.646875 0.5703125 0.6640625 0.5703125
0 0.6921875 0.559375 0.675 0.559375 0.675 0.571875 0.6921875 0.571875
0 0.825 0.6250000000000002 0.80625 0.6250000000000002 0.80625 0.6453125000000002 0.825 0.6453125000000002
0 0.6453125000000002 0.746875 0.6265625000000001 0.746875 0.6265625000000001 0.759375 0.6453125000000002 0.759375
3 0.7593750000000001 0.825 0.7375000000000002 0.825 0.7375000000000002 0.8546875 0.7593750000000001 0.8546875
3 0.7046875000000001 0.71875 0.6796875 0.71875 0.6796875000000001 0.734375 0.7046875000000001 0.734375