0 0.0546875 0.004687500000000005 0.0265625 0.004687500000000002 0.026562500000000006 0.059375 0.0546875 0.059375
0 0.08593750000000001 0.065625 0.05 0.065625 0.05000000000000001 0.1328125 0.08593750000000003 0.1328125
0 0.3953125 0.20468750000000005 0.359375 0.2046875 0.359375 0.27187500000000003 0.3953125 0.2718750000000001
0 0.4375 0.03906250000000005 0.4 0.03906250000000004 0.4 0.08593750000000004 0.4375 0.08593750000000004
0 0.6203125 7.386151007357473e-17 0.5859375 7.175664838754022e-17 0.5859375 0.014062500000000075 0.6203125 0.014062500000000078
0 0.3500000000000001 0.6859375 0.31718750000000007 0.6859375 0.31718750000000007 0.7328125 0.3500000000000001 0.7328125
0 0.03906250000000009 0.7046875 0.009375000000000086 0.7046875 0.009375000000000088 0.7484375 0.03906250000000009 0.7484375
0 0.0828125000000001 0.7140625 0.04843750000000009 0.7140625 0.04843750000000009 0.7609375 0.0828125000000001 0.7609375
0 0.1140625000000001 0.7171875 0.08437500000000009 0.7171875 0.08437500000000009 0.7640625 0.1140625000000001 0.7640625
0 0.15625000000000008 0.7265625 0.1281250000000001 0.7265625 0.1281250000000001 0.7671875 0.15625000000000008 0.7671875
0 0.18125000000000008 0.721875 0.1593750000000001 0.721875 0.1593750000000001 0.7703125 0.18125000000000008 0.7703125
0 0.2156250000000001 0.7328125 0.17968750000000008 0.7328125 0.17968750000000008 0.7765625 0.2156250000000001 0.7765625
0 0.2578125000000001 0.7421875 0.2250000000000001 0.7421875 0.2250000000000001 0.7859375 0.2578125000000001 0.7859375
0 0.32500000000000007 0.75625 0.3000000000000001 0.75625 0.3000000000000001 0.8 0.32500000000000007 0.8
3 0.10312500000000006 0.5296875 0.06562500000000007 0.5296875 0.06562500000000007 0.575 0.10312500000000009 0.575
0 0.9828125 0.96875 0.9578125 0.96875 0.9578125 1 0.9828125 1
0 0.4750000000000002 0.7453125 0.4515625000000002 0.7453125 0.4515625000000002 0.7953125 0.4750000000000002 0.7953125
0 0.4828125000000002 0.80625 0.4625000000000002 0.80625 0.4625000000000002 0.8484375 0.4828125000000002 0.8484375
0 0.4812500000000002 0.8703125 0.46093750000000017 0.8703125 0.46093750000000017 0.9078125 0.4812500000000002 0.9078125
0 0.5156250000000002 0.821875 0.4984375000000002 0.821875 0.4984375000000002 0.859375 0.5156250000000002 0.859375
0 0.5125000000000002 0.8703125 0.4890625000000002 0.8703125 0.4890625000000002 0.9125 0.5125000000000002 0.9125
0 0.5468750000000002 0.878125 0.5250000000000001 0.878125 0.5250000000000001 0.915625 0.5468750000000002 0.915625
0 0.5765625000000002 0.88125 0.5578125000000002 0.88125 0.5578125000000002 0.91875 0.5765625000000002 0.91875
0 0.5500000000000002 0.815625 0.5250000000000001 0.815625 0.5250000000000001 0.859375 0.5500000000000002 0.859375
0 0.5750000000000002 0.753125 0.5515625000000002 0.753125 0.5515625000000002 0.8 0.5750000000000002 0.8
0 0.6312500000000002 0.7640625 0.6093750000000002 0.7640625 0.6093750000000002 0.809375 0.6312500000000002 0.809375
0 0.6703125000000002 0.765625 0.6453125000000002 0.765625 0.6453125000000002 0.815625 0.6703125000000002 0.815625
0 0.6906250000000002 0.7734375 0.6750000000000002 0.7734375 0.6750000000000002 0.815625 0.6906250000000002 0.815625
0 0.7234375000000002 0.775 0.7015625000000002 0.775 0.7015625000000002 0.8125 0.7234375000000002 0.8125
0 0.7656250000000002 0.7734375000000002 0.7437500000000001 0.7734375000000002 0.7437500000000001 0.81875 0.7656250000000002 0.81875
0 0.8953125 0.7421875000000002 0.875 0.7421875000000002 0.875 0.7750000000000001 0.8953125 0.7750000000000001
0 0.8734375 0.7421875000000002 0.85625 0.7421875000000002 0.85625 0.7796875000000002 0.8734375 0.7796875000000002
0 0.853125 0.7312500000000002 0.83125 0.7312500000000002 0.83125 0.7765625000000002 0.853125 0.7765625000000002
0 0.8265625 0.7375000000000002 0.80625 0.7375000000000002 0.80625 0.7734375000000002 0.8265625 0.7734375000000002
0 0.8015625 0.7343750000000002 0.7875000000000002 0.7343750000000002 0.7875000000000002 0.7703125000000002 0.8015625 0.7703125000000002
0 0.7828125000000001 0.7343750000000002 0.7640625000000002 0.7343750000000002 0.7640625000000002 0.7671875000000001 0.7828125000000001 0.7671875000000001
0 0.7593750000000001 0.7312500000000002 0.7375000000000002 0.7312500000000002 0.7375000000000002 0.7687500000000002 0.7593750000000001 0.7687500000000002
0 0.7312500000000002 0.7296875 0.7109375000000002 0.7296875 0.7109375000000002 0.7656250000000001 0.7312500000000002 0.7656250000000002
0 0.70625 0.725 0.6875 0.725 0.6875000000000001 0.7625 0.7062500000000002 0.7625
0 0.6828125 0.7234375 0.6640625 0.7234375 0.6640625000000001 0.7609375 0.6828125000000002 0.7609375
0 0.6578125000000001 0.721875 0.640625 0.721875 0.6406250000000001 0.759375 0.6578125000000001 0.759375
0 0.6359375 0.721875 0.6171875 0.721875 0.6171875000000001 0.7578125 0.6359375000000002 0.7578125
0 0.6125 0.7171875 0.5953125 0.7171875 0.5953125000000001 0.753125 0.6125000000000002 0.753125
0 0.5906250000000001 0.715625 0.5703125 0.715625 0.5703125000000001 0.7515625 0.5906250000000002 0.7515625
0 0.846875 0.975 0.828125 0.975 0.828125 1 0.846875 1
2 0.5453125000000001 0.725 0.4859375 0.725 0.4859375000000001 0.803125 0.5453125000000002 0.803125