0 0.3140625 3.587832419377011e-17 0.271875 3.329508485181867e-17 0.271875 0.021875000000000037 0.3140625 0.02187500000000004
0 0.3671875 0.20312500000000006 0.328125 0.203125 0.328125 0.259375 0.3671875 0.2593750000000001
0 0.465625 0.14531250000000004 0.421875 0.14531250000000004 0.421875 0.2093750000000001 0.465625 0.2093750000000001
0 0.3734375000000001 0.3921875 0.3312500000000001 0.3921875 0.3312500000000001 0.45625 0.3734375000000001 0.45625
2 0.9375 0.3046875000000001 0.8390625 0.3046875000000001 0.8390625 0.46875000000000017 0.9375 0.46875000000000017
0 0.971875 0.3578125000000001 0.928125 0.3578125000000001 0.928125 0.4312500000000002 0.971875 0.4312500000000002
0 0.89375 0.1296875000000001 0.8484375 0.1296875000000001 0.8484375 0.1703125000000001 0.89375 0.1703125000000001
0 0.8796875 0.006250000000000105 0.83125 0.006250000000000103 0.83125 0.07031250000000011 0.8796875 0.07031250000000011
0 0.5171875 0.050000000000000065 0.46875 0.050000000000000065 0.46875 0.09062500000000007 0.5171875 0.09062500000000007
0 0.7078125 0.2812500000000001 0.6578125 0.2812500000000001 0.6578125 0.3203125000000001 0.7078125 0.3203125000000001
0 0.17812500000000006 0.53125 0.13281250000000006 0.53125 0.13281250000000006 0.56875 0.1781250000000001 0.56875
0 0.19687500000000008 0.615625 0.1546875000000001 0.615625 0.1546875000000001 0.6546875 0.19687500000000008 0.6546875
0 0.2953125000000001 0.6390625 0.2515625000000001 0.6390625 0.2515625000000001 0.6765625 0.2953125000000001 0.6765625
3 0.3343750000000001 0.775 0.2843750000000001 0.775 0.2843750000000001 0.8796875 0.3343750000000001 0.8796875
0 0.453125 0.6890625 0.4109375 0.6890625 0.4109375 0.725 0.453125 0.725
0 0.3671875000000001 0.690625 0.3218750000000001 0.690625 0.3218750000000001 0.7296875 0.3671875000000001 0.7296875
0 0.46875 0.628125 0.4328125 0.628125 0.4328125 0.665625 0.46875 0.665625
0 0.3734375000000001 0.565625 0.3265625000000001 0.565625 0.3265625000000001 0.6046875 0.3734375000000001 0.6046875
0 0.7390625000000002 0.9640625 0.6984375000000002 0.9640625 0.6984375000000002 1 0.7390625000000002 1
0 0.5593750000000001 0.684375 0.521875 0.684375 0.5218750000000001 0.728125 0.5593750000000002 0.728125
0 0.6421875 0.6515625 0.6015625 0.6515625 0.6015625 0.7046875 0.6421875 0.7046875
0 0.6015625 0.6390625 0.56875 0.6390625 0.56875 0.690625 0.6015625 0.690625
0 0.5703125 0.6265625 0.5328125 0.6265625 0.5328125 0.6765625 0.5703125 0.6765625
0 0.9359375 0.7750000000000001 0.89375 0.7750000000000001 0.89375 0.83125 0.9359375 0.83125
0 0.896875 0.7531250000000002 0.8625 0.7531250000000002 0.8625 0.803125 0.896875 0.803125
0 0.6562500000000001 0.721875 0.6203125 0.721875 0.6203125 0.771875 0.6562500000000002 0.771875
0 0.5828125000000002 0.7484375 0.5484375000000001 0.7484375 0.5484375000000001 0.7953125 0.5828125000000002 0.7953125
0 0.859375 0.7390625000000002 0.8265625 0.7390625000000002 0.8265625 0.7859375000000002 0.859375 0.7859375000000002
0 0.828125 0.7312500000000002 0.7968750000000002 0.7312500000000002 0.7968750000000002 0.7765625000000002 0.828125 0.7765625000000002
0 0.8 0.7234375000000002 0.765625 0.7234375000000002 0.7656250000000001 0.7656250000000002 0.8 0.7656250000000002
0 0.7562500000000001 0.7031250000000001 0.7203125 0.703125 0.7203125000000001 0.7500000000000001 0.7562500000000002 0.7500000000000002
0 0.9421875 0.9078125 0.9 0.9078125 0.9 0.96875 0.9421875 0.96875
3 0.5468750000000002 0.7953125 0.5046875000000002 0.7953125 0.5046875000000002 0.859375 0.5468750000000002 0.859375