1 0.07812500000000001 0.0546875 6.6972871828370884e-18 0.0546875 1.798699986247675e-17 0.2390625 0.07812500000000003 0.2390625
0 0.09375000000000006 0.4359375 0.05312500000000005 0.4359375 0.053125000000000054 0.4875 0.09375000000000007 0.4875
0 0.2390625 0.2578125 0.19375000000000003 0.2578125 0.19375000000000003 0.328125 0.2390625 0.328125
0 0.27343750000000006 0.3140625 0.234375 0.3140625 0.23437500000000006 0.375 0.2734375000000001 0.375
3 0.6609375 0.11718750000000008 0.625 0.11718750000000008 0.625 0.2000000000000001 0.6609375 0.2000000000000001
0 0.8625 0.6046875000000002 0.8109375 0.6046875000000002 0.8109375 0.6500000000000001 0.8625 0.6500000000000001
0 0.7953125 0.5906250000000002 0.7421875 0.5906250000000002 0.7421875 0.6390625000000002 0.7953125 0.6390625000000002
0 0.659375 0.29375000000000007 0.621875 0.29375000000000007 0.621875 0.3781250000000001 0.659375 0.3781250000000001
0 0.6140625 0.3812500000000001 0.58125 0.3812500000000001 0.58125 0.453125 0.6140625 0.453125
0 0.565625 0.434375 0.53125 0.434375 0.53125 0.509375 0.565625 0.509375
0 0.496875 0.3578125000000001 0.440625 0.3578125000000001 0.440625 0.4171875 0.496875 0.4171875
0 0.3078125000000001 0.8703125 0.26250000000000007 0.8703125 0.26250000000000007 0.90625 0.3078125000000001 0.90625
0 0.30156250000000007 0.9171875 0.2593750000000001 0.9171875 0.2593750000000001 0.95 0.30156250000000007 0.95
0 0.3000000000000001 0.959375 0.2593750000000001 0.959375 0.2593750000000001 0.9953125 0.3000000000000001 0.9953125
0 0.24375000000000008 0.95625 0.2000000000000001 0.95625 0.2000000000000001 0.9921875 0.24375000000000008 0.9921875
0 0.17968750000000014 0.95625 0.13750000000000012 0.95625 0.13750000000000012 0.9921875 0.17968750000000014 0.9921875
0 0.17656250000000012 0.9046875 0.1312500000000001 0.9046875 0.13125000000000012 0.946875 0.17656250000000012 0.946875
0 0.12968750000000012 0.903125 0.08437500000000012 0.903125 0.08437500000000012 0.94375 0.12968750000000012 0.94375
0 0.24218750000000008 0.9109375 0.19843750000000013 0.9109375 0.19843750000000013 0.946875 0.24218750000000008 0.946875
3 0.08593750000000008 0.7203125 0.01875000000000009 0.7203125 0.018750000000000093 0.7734375 0.08593750000000008 0.7734375
0 0.95625 0.921875 0.9078125 0.921875 0.9078125 0.990625 0.95625 0.990625
0 0.921875 0.853125 0.8828125 0.853125 0.8828125 0.909375 0.921875 0.909375