0 0.9921875 0.4546875000000002 0.9484375 0.4546875000000002 0.9484375 0.4890625000000002 0.9921875 0.4890625000000002
0 0.9859375 0.5000000000000002 0.940625 0.5000000000000002 0.940625 0.5390625000000002 0.9859375 0.5390625000000002
0 0.68125 0.4875 0.6546875 0.4875 0.6546875 0.5640625 0.68125 0.5640625
0 0.6046875 0.5359375 0.5671875 0.5359375 0.5671875 0.5984375 0.6046875 0.5984375
0 0.7421875 0.23593750000000008 0.71875 0.23593750000000008 0.71875 0.3078125000000001 0.7421875 0.3078125000000001
0 0.7765625 0.023437500000000094 0.7515625 0.023437500000000094 0.7515625 0.0984375000000001 0.7765625 0.0984375000000001
0 0.6203125 0.6453125 0.5921875 0.6453125 0.5921875 0.6796875 0.6203125 0.6796875
0 0.53125 0.4671875 0.48125 0.4671875 0.48125 0.5109375 0.53125 0.5109375
0 0.525 0.2984375000000001 0.4765625 0.2984375000000001 0.4765625 0.3390625000000001 0.525 0.3390625000000001
0 0.5203125 0.3468750000000001 0.471875 0.3468750000000001 0.471875 0.3843750000000001 0.5203125 0.3843750000000001
0 0.4609375 0.33281250000000007 0.4296875 0.33281250000000007 0.4296875 0.3671875000000001 0.4609375 0.3671875000000001
0 0.4609375 0.2921875000000001 0.4296875 0.2921875000000001 0.4296875 0.3265625000000001 0.4609375 0.3265625000000001
0 0.9734375 0.7546875000000002 0.9140625 0.7546875000000002 0.9140625 0.8109375 0.9734375 0.8109375
0 1 0.7984375000000001 0.978125 0.7984375000000001 0.978125 0.85 1 0.85
0 0.7828125000000001 0.6796875000000001 0.71875 0.6796875 0.7187500000000001 0.7281250000000001 0.7828125000000001 0.7281250000000001
0 0.4687500000000001 0.7078125 0.4328125 0.7078125 0.4328125000000001 0.784375 0.46875000000000017 0.784375
0 0.46406250000000016 0.803125 0.4312500000000002 0.803125 0.4312500000000002 0.8671875 0.46406250000000016 0.8671875
0 0.4734375000000002 0.975 0.44062500000000016 0.975 0.44062500000000016 1 0.4734375000000002 1