0 0.2109375 0.050000000000000024 0.1640625 0.050000000000000024 0.1640625 0.10312500000000002 0.2109375 0.10312500000000005
0 0.2796875 0.19687500000000005 0.2328125 0.19687500000000005 0.2328125 0.271875 0.2796875 0.271875
0 0.778125 0.4640625000000001 0.7125 0.4640625 0.7125 0.5265625 0.778125 0.5265625000000002
0 0.83125 0.5140625000000002 0.7671875 0.5140625000000002 0.7671875 0.5500000000000002 0.83125 0.5500000000000002
0 1 0.05000000000000012 0.9421875 0.050000000000000114 0.9421875 0.12968750000000012 1 0.12968750000000012
0 0.959375 0.18437500000000012 0.8984375 0.1843750000000001 0.8984375 0.2671875000000001 0.959375 0.2671875000000001
0 1 0.09843750000000012 0.96875 0.09843750000000011 0.96875 0.17656250000000012 1 0.17656250000000012
0 1 1.2007279163515065e-16 0.9609375 1.1768090335556595e-16 0.9609375 0.039062500000000125 1 0.039062500000000125
0 0.990625 0.2296875000000001 0.9515625 0.2296875000000001 0.9515625 0.2796875000000001 0.990625 0.2796875000000001
0 0.6640625 0.2953125000000001 0.6015625 0.2953125000000001 0.6015625 0.3578125000000001 0.6640625 0.3578125000000001
0 0.509375 0.2500000000000001 0.46875 0.2500000000000001 0.46875 0.31718750000000007 0.509375 0.31718750000000007
0 0.7546875 0.503125 0.68125 0.503125 0.68125 0.55 0.7546875 0.5500000000000002
0 1 0.80625 0.965625 0.80625 0.965625 0.8703125 1 0.8703125
0 0.9015625 0.9671875 0.8625 0.9671875 0.8625 1 0.9015625 1
0 0.7140625 0.6359375 0.6609375 0.6359375 0.6609375 0.6890625 0.7140625 0.6890625
2 1 0.9140625 0.921875 0.9140625 0.921875 1 1 1