0 0.6359375 0.30937500000000007 0.59375 0.30937500000000007 0.59375 0.3625000000000001 0.6359375 0.3625000000000001
0 0.3578125 0.12031250000000004 0.31875 0.12031250000000004 0.31875 0.16562500000000005 0.3578125 0.16562500000000005
0 0.4234375 0.059375000000000046 0.38125 0.059375000000000046 0.38125 0.11250000000000004 0.4234375 0.11250000000000004
0 0.38125 0.06250000000000004 0.346875 0.06250000000000004 0.346875 0.11406250000000004 0.38125 0.11406250000000004
0 0.346875 0.06250000000000004 0.3078125 0.06250000000000004 0.3078125 0.11406250000000004 0.346875 0.11406250000000004
0 0.74375 0.057812500000000086 0.7 0.057812500000000086 0.7 0.11562500000000009 0.74375 0.11562500000000009
0 0.696875 0.05312500000000009 0.6609375 0.05312500000000009 0.6609375 0.10312500000000009 0.696875 0.10312500000000009
0 0.4625 0.11718750000000004 0.4234375 0.11718750000000004 0.4234375 0.16718750000000004 0.4625 0.16718750000000004
0 0.4046875 0.17031250000000003 0.3671875 0.17031250000000003 0.3671875 0.2171875000000001 0.4046875 0.2171875000000001
0 0.65625 0.053125000000000075 0.6203125 0.05312500000000007 0.6203125 0.10000000000000009 0.65625 0.10000000000000009
0 0.625 0.057812500000000065 0.590625 0.057812500000000065 0.590625 0.10468750000000009 0.625 0.10468750000000009
0 0.59375 0.06250000000000007 0.5578125 0.06250000000000007 0.5578125 0.1062500000000001 0.59375 0.1062500000000001
0 0.5484375 0.06093750000000007 0.509375 0.06093750000000007 0.509375 0.10937500000000007 0.5484375 0.10937500000000008
0 0.8015625 0.1781250000000001 0.7578125 0.1781250000000001 0.7578125 0.2390625000000001 0.8015625 0.2390625000000001
0 0.915625 0.2140625000000001 0.878125 0.2140625000000001 0.878125 0.2687500000000001 0.915625 0.2687500000000001
0 0.9640625 0.3734375000000001 0.91875 0.3734375000000001 0.91875 0.4000000000000002 0.9640625 0.4000000000000002
3 0.39375 0.22968750000000004 0.3484375 0.2296875 0.3484375 0.29375000000000007 0.39375 0.29375000000000007
0 0.22656250000000008 0.4 0.18125000000000005 0.4 0.18125000000000005 0.4671875 0.22656250000000008 0.4671875
0 0.2796875000000001 0.790625 0.25468750000000007 0.790625 0.25468750000000007 0.84375 0.2796875000000001 0.84375
0 0.7421875000000002 0.834375 0.7218750000000002 0.834375 0.7218750000000002 0.8578125 0.7421875000000002 0.8578125
0 0.7515625000000001 0.8421875 0.7312500000000002 0.8421875 0.7312500000000002 0.8671875 0.7515625000000001 0.8671875
0 0.7593750000000001 0.853125 0.7406250000000002 0.853125 0.7406250000000002 0.875 0.7593750000000001 0.875
0 0.7687500000000002 0.8625 0.7468750000000002 0.8625 0.7468750000000002 0.8859375 0.7687500000000002 0.8859375
0 0.7765625000000002 0.8734375 0.7546875000000002 0.8734375 0.7546875000000002 0.896875 0.7765625000000002 0.896875
0 0.7859375000000002 0.8828125 0.7640625000000002 0.8828125 0.7640625000000002 0.90625 0.7859375000000002 0.90625
0 0.7937500000000002 0.89375 0.7734375000000002 0.89375 0.7734375000000002 0.9171875 0.7937500000000002 0.9171875
0 0.8046875 0.8984375 0.7843750000000002 0.8984375 0.7843750000000002 0.9234375 0.8046875 0.9234375
0 0.9234375 0.8609375 0.903125 0.8609375 0.903125 0.8875 0.9234375 0.8875
0 0.6421875 0.640625 0.621875 0.640625 0.621875 0.665625 0.6421875 0.665625
0 0.70625 0.4328125 0.684375 0.4328125 0.684375 0.45625 0.70625 0.45625
0 0.478125 0.425 0.4578125 0.425 0.4578125 0.45 0.478125 0.45
0 0.76875 0.6796875000000002 0.746875 0.6796875000000002 0.746875 0.7093750000000002 0.76875 0.7093750000000002
0 0.81875 0.7328125000000002 0.7937500000000002 0.7328125000000002 0.7937500000000002 0.7671875000000001 0.81875 0.7671875000000001
0 0.8359375 0.7593750000000001 0.8125 0.7593750000000001 0.8125 0.7890625000000002 0.8359375 0.7890625000000002
0 0.8625 0.7875000000000002 0.8390625 0.7875000000000002 0.8390625 0.8171875 0.8625 0.8171875