0 0.3421875 0.020312500000000042 0.3015625 0.02031250000000004 0.3015625 0.08906250000000004 0.3421875 0.08906250000000004
0 0.2140625 0.2421875 0.17656250000000004 0.2421875 0.17656250000000004 0.296875 0.2140625 0.296875
0 0.14218750000000002 0.15625 0.1 0.15625 0.10000000000000002 0.2203125 0.14218750000000005 0.2203125
0 0.015625000000000003 9.567553118338699e-19 0 0 2.009186154851126e-18 0.0328125 0.015625000000000007 0.0328125
0 0.15312500000000004 0.4203125 0.11250000000000004 0.4203125 0.11250000000000004 0.484375 0.15312500000000004 0.484375
0 0.590625 0.10937500000000008 0.55 0.10937500000000008 0.55 0.17343750000000008 0.590625 0.17343750000000008
0 0.2484375000000001 0.5390625 0.2078125000000001 0.5390625 0.2078125000000001 0.5859375 0.2484375000000001 0.5859375
0 0.4437500000000002 0.9828125 0.3968750000000001 0.9828125 0.3968750000000001 1 0.4437500000000002 1
0 0.4078125000000002 0.9234375 0.37187500000000007 0.9234375 0.37187500000000007 0.975 0.4078125000000002 0.975
0 0.8453125 0.809375 0.815625 0.809375 0.815625 0.8625 0.8453125 0.8625
0 0.7406250000000002 0.840625 0.7109375000000002 0.840625 0.7109375000000002 0.8984375 0.7406250000000002 0.8984375
0 0.9484375 0.5843750000000002 0.91875 0.5843750000000002 0.91875 0.6343750000000001 0.9484375 0.6343750000000001
0 0.7546875000000002 0.853125 0.7359375000000001 0.853125 0.7359375000000001 0.896875 0.7546875000000002 0.896875
0 0.9296875 0.6390625000000002 0.9046875 0.6390625000000002 0.9046875 0.6906250000000002 0.9296875 0.6906250000000002
0 0.9265625 0.6968750000000001 0.9015625 0.6968750000000001 0.9015625 0.7484375000000002 0.9265625 0.7484375000000002
0 0.89375 0.6531250000000002 0.871875 0.6531250000000002 0.871875 0.7000000000000002 0.89375 0.7000000000000002
0 0.8984375 0.6953125000000002 0.8671875 0.6953125000000002 0.8671875 0.7562500000000002 0.8984375 0.7562500000000002
0 0.8609375 0.7062500000000002 0.8328125 0.7062500000000002 0.8328125 0.7578125000000002 0.8609375 0.7578125000000002
0 0.828125 0.7171875000000002 0.8046875 0.7171875000000002 0.8046875 0.7609375000000002 0.828125 0.7609375000000002
0 0.8671875 0.6515625000000002 0.8375 0.6515625000000002 0.8375 0.6984375000000002 0.8671875 0.6984375000000002
0 0.846875 0.5843750000000002 0.81875 0.5843750000000002 0.81875 0.6421875000000001 0.846875 0.6421875000000001
0 0.7875 0.6015625000000002 0.7609375 0.6015625000000002 0.7609375 0.6484375000000002 0.7875 0.6484375000000002
0 0.7515625 0.5953125000000001 0.721875 0.5953125 0.721875 0.6515625 0.7515625 0.6515625000000002
0 0.721875 0.6015625 0.7 0.6015625 0.7 0.6453125 0.721875 0.6453125
0 0.6953125 0.6 0.66875 0.6 0.66875 0.646875 0.6953125 0.646875
0 0.6515625 0.6 0.6234375 0.6 0.6234375 0.65 0.6515625 0.65
0 0.5421875 0.559375 0.5296875 0.559375 0.5296875 0.603125 0.5421875 0.603125
0 0.56875 0.55 0.540625 0.55 0.540625 0.60625 0.56875 0.60625
0 0.5921875 0.565625 0.5671875 0.565625 0.5671875 0.60625 0.5921875 0.60625
0 0.6125 0.559375 0.5921875 0.559375 0.5921875 0.603125 0.6125 0.603125
0 0.634375 0.559375 0.6125 0.559375 0.6125 0.603125 0.634375 0.603125
0 0.6625 0.553125 0.6359375 0.553125 0.6359375 0.603125 0.6625 0.603125
0 0.6890625 0.553125 0.6640625 0.553125 0.6640625 0.6 0.6890625 0.6
0 0.7125 0.55625 0.6890625 0.55625 0.6890625 0.6 0.7125 0.6
0 0.7375 0.5531250000000001 0.7140625 0.553125 0.7140625 0.6000000000000001 0.7375 0.6000000000000002
0 0.759375 0.5531250000000002 0.7375 0.5531250000000002 0.7375 0.5968750000000002 0.759375 0.5968750000000002
0 0.784375 0.5515625000000002 0.7609375 0.5515625000000002 0.7609375 0.5953125000000001 0.784375 0.5953125000000001
0 0.80625 0.5484375000000001 0.784375 0.5484375000000001 0.784375 0.5953125000000001 0.80625 0.5953125000000001
0 0.8296875 0.5453125000000002 0.80625 0.5453125000000002 0.80625 0.5921875000000002 0.8296875 0.5921875000000002
0 0.91875 0.8078125 0.89375 0.8078125 0.89375 0.8609375 0.91875 0.8609375
2 0.9203125 0.5390625000000002 0.846875 0.5390625000000002 0.846875 0.6484375000000002 0.9203125 0.6484375000000002