0 0.3796875 0.10312500000000005 0.3359375 0.10312500000000005 0.3359375 0.17031250000000003 0.3796875 0.17031250000000003
0 0.7859375 0.2921875000000001 0.75625 0.2921875000000001 0.75625 0.3546875000000001 0.7859375 0.3546875000000001
0 0.7484375 0.3156250000000001 0.715625 0.3156250000000001 0.715625 0.3828125000000001 0.7484375 0.3828125000000001
0 0.8015625 0.010937500000000096 0.771875 0.010937500000000095 0.771875 0.07968750000000009 0.8015625 0.07968750000000009
0 0.7484375 0.05625000000000009 0.71875 0.05625000000000009 0.71875 0.1218750000000001 0.7484375 0.1218750000000001
0 0.696875 0.1859375000000001 0.6671875 0.1859375000000001 0.6671875 0.2515625000000001 0.696875 0.2515625000000001
0 0.665625 0.1609375000000001 0.6328125 0.1609375000000001 0.6328125 0.2328125000000001 0.665625 0.2328125000000001
0 0.6984375 0.3968750000000001 0.6671875 0.3968750000000001 0.6671875 0.4671875 0.6984375 0.4671875
0 0.690625 0.509375 0.6609375 0.509375 0.6609375 0.5390625 0.690625 0.5390625
0 0.6375 0.446875 0.60625 0.446875 0.60625 0.5125 0.6375 0.5125
0 0.2734375000000001 0.5390625 0.22656250000000008 0.5390625 0.22656250000000008 0.59375 0.2734375000000001 0.59375
0 1 0.6640625000000002 0.971875 0.6640625000000002 0.971875 0.7781250000000002 1 0.7781250000000002
0 0.884375 0.815625 0.8359375 0.815625 0.8359375 0.8875 0.884375 0.8875
0 0.8453125 0.5812500000000002 0.8046875 0.5812500000000002 0.8046875 0.6328125000000002 0.8453125 0.6328125000000002
0 0.8453125 0.5390625000000002 0.8078125 0.5390625000000002 0.8078125 0.5718750000000001 0.8453125 0.5718750000000001
0 0.8796875 0.5390625000000002 0.8453125 0.5390625000000002 0.8453125 0.5734375000000002 0.8796875 0.5734375000000002
0 0.9203125 0.5390625000000002 0.88125 0.5390625000000002 0.88125 0.5765625000000002 0.9203125 0.5765625000000002
0 0.525 0.5390625 0.48125 0.5390625 0.48125 0.58125 0.525 0.58125
0 0.565625 0.5390625 0.528125 0.5390625 0.528125 0.56875 0.565625 0.56875
0 0.6265625 0.5859375 0.5875 0.5859375 0.5875 0.6359375 0.6265625 0.6359375
0 0.746875 0.6328125000000001 0.7078125 0.6328125 0.7078125 0.6843750000000001 0.746875 0.6843750000000002
0 0.60625 0.5390625 0.56875 0.5390625 0.56875 0.5671875 0.60625 0.5671875
0 0.6359375 0.5390625 0.603125 0.5390625 0.603125 0.5671875 0.6359375 0.5671875
0 0.671875 0.5390625 0.6328125 0.5390625 0.6328125 0.571875 0.671875 0.571875
0 0.7171875 0.5390625 0.68125 0.5390625 0.68125 0.5703125 0.7171875 0.5703125
0 0.840625 0.9296875 0.8 0.9296875 0.8 0.978125 0.840625 0.978125
0 0.8078125 0.91875 0.7687500000000002 0.91875 0.7687500000000002 0.9640625 0.8078125 0.9640625
0 0.7484375000000002 0.9 0.7125000000000001 0.9 0.7125000000000001 0.946875 0.7484375000000002 0.946875
0 0.7156250000000002 0.896875 0.6781250000000002 0.896875 0.6781250000000002 0.94375 0.7156250000000002 0.94375
0 0.6781250000000002 0.890625 0.6406250000000002 0.890625 0.6406250000000002 0.940625 0.6781250000000002 0.940625
0 0.6390625000000002 0.8890625 0.5953125000000001 0.8890625 0.5953125000000001 0.94375 0.6390625000000002 0.94375
0 0.6000000000000002 0.8921875 0.5640625000000001 0.8921875 0.5640625000000001 0.94375 0.6000000000000002 0.94375
0 0.5562500000000001 0.89375 0.5218750000000002 0.89375 0.5218750000000002 0.9359375 0.5562500000000001 0.9359375
0 0.5265625000000002 0.8859375 0.4968750000000002 0.8859375 0.4968750000000002 0.934375 0.5265625000000002 0.934375
0 0.5015625000000001 0.8859375 0.46875000000000017 0.8859375 0.46875000000000017 0.934375 0.5015625000000001 0.934375
3 0.7328125000000001 0.6953125000000001 0.6859375 0.6953125 0.6859375000000001 0.7578125000000001 0.7328125000000002 0.7578125000000002