0 0.09218750000000005 0.3265625 0.05468750000000004 0.3265625 0.05468750000000004 0.378125 0.09218750000000005 0.378125
0 0.346875 0.2734375 0.309375 0.2734375 0.309375 0.3359375 0.346875 0.3359375
0 0.4203125 0.2234375000000001 0.3984375 0.2234375000000001 0.3984375 0.3062500000000001 0.4203125 0.3062500000000001
0 0.5421875 0.13593750000000004 0.5140625 0.13593750000000004 0.5140625 0.18125000000000005 0.5421875 0.18125000000000005
0 0.628125 0.1984375000000001 0.6015625 0.1984375000000001 0.6015625 0.2453125000000001 0.628125 0.2453125000000001
0 0.603125 0.20312500000000008 0.5859375 0.20312500000000008 0.5859375 0.2390625000000001 0.603125 0.2390625000000001
0 0.7375 0.27031250000000007 0.715625 0.27031250000000007 0.715625 0.3125000000000001 0.7375 0.3125000000000001
0 0.759375 0.2734375000000001 0.7359375 0.2734375000000001 0.7359375 0.3156250000000001 0.759375 0.3156250000000001
0 0.7828125 0.27812500000000007 0.7609375 0.27812500000000007 0.7609375 0.3218750000000001 0.7828125 0.3218750000000001
0 0.8171875 0.2812500000000001 0.7890625 0.2812500000000001 0.7890625 0.3265625000000001 0.8171875 0.3265625000000001
0 0.8421875 0.2921875000000001 0.815625 0.2921875000000001 0.815625 0.3359375000000001 0.8421875 0.3359375000000001
0 0.8609375 0.30156250000000007 0.8390625 0.30156250000000007 0.8390625 0.34062500000000007 0.8609375 0.34062500000000007
0 0.9875 0.3296875000000001 0.9640625 0.3296875000000001 0.9640625 0.3734375000000001 0.9875 0.3734375000000001
0 1 1.212208980093513e-16 0.9796875 1.1997711610396726e-16 0.9796875 0.04062500000000012 1 0.04062500000000012
0 0.98125 1.1844630760503306e-16 0.953125 1.1672414804373209e-16 0.953125 0.04062500000000012 0.98125 0.04062500000000012
0 0.95 1.1500198848243113e-16 0.928125 1.1366253104586372e-16 0.928125 0.02656250000000011 0.95 0.02656250000000011
0 0.9234375 1.115576693598292e-16 0.8984375 1.1002686086089502e-16 0.8984375 0.02343750000000011 0.9234375 0.02343750000000011
0 0.4359375 0.13437500000000005 0.4140625 0.13437500000000005 0.4140625 0.17656250000000004 0.4359375 0.17656250000000004
0 0.1281250000000001 0.821875 0.09843750000000011 0.821875 0.09843750000000011 0.878125 0.1281250000000001 0.878125
0 0.22031250000000008 0.878125 0.1921875000000001 0.878125 0.19218750000000012 0.93125 0.22031250000000008 0.93125
0 0.04062500000000007 0.571875 0.012500000000000072 0.571875 0.012500000000000075 0.6203125 0.04062500000000008 0.6203125
0 0.19375000000000012 0.8828125 0.1750000000000001 0.8828125 0.1750000000000001 0.9265625 0.19375000000000014 0.9265625
0 0.039062500000000076 0.6359375 0.015625000000000076 0.6359375 0.01562500000000008 0.6796875 0.039062500000000076 0.6796875
0 0.02968750000000009 0.684375 0.0031250000000000834 0.684375 0.003125000000000087 0.7390625 0.02968750000000009 0.7390625
0 0.06875000000000009 0.653125 0.04843750000000008 0.653125 0.048437500000000085 0.7 0.06875000000000009 0.7
0 0.06093750000000009 0.690625 0.03125000000000009 0.690625 0.03125000000000009 0.7515625 0.06093750000000009 0.7515625
0 0.09218750000000009 0.715625 0.06562500000000009 0.715625 0.06562500000000009 0.7640625 0.09218750000000009 0.7640625
0 0.11718750000000008 0.7265625 0.09531250000000009 0.7265625 0.09531250000000009 0.7734375 0.11718750000000008 0.7734375
0 0.10312500000000009 0.65625 0.07343750000000009 0.65625 0.07343750000000009 0.70625 0.10312500000000009 0.70625
0 0.1390625000000001 0.5984375 0.11093750000000009 0.5984375 0.11093750000000009 0.65625 0.1390625000000001 0.65625
0 0.1906250000000001 0.628125 0.16406250000000008 0.628125 0.16406250000000008 0.6765625 0.1906250000000001 0.6765625
0 0.22812500000000008 0.6328125 0.2000000000000001 0.6328125 0.2000000000000001 0.6859375 0.22812500000000008 0.6859375
0 0.2484375000000001 0.6484375 0.22812500000000008 0.6484375 0.22812500000000008 0.690625 0.2484375000000001 0.690625
0 0.2796875000000001 0.6546875 0.2531250000000001 0.6546875 0.2531250000000001 0.7 0.2796875000000001 0.7
0 0.3218750000000001 0.6640625 0.29375000000000007 0.6640625 0.29375000000000007 0.715625 0.3218750000000001 0.715625
0 0.38750000000000007 0.640625 0.3625000000000001 0.640625 0.3625000000000001 0.6828125 0.38750000000000007 0.6828125
0 0.36406250000000007 0.63125 0.3453125000000001 0.63125 0.3453125000000001 0.6765625 0.36406250000000007 0.6765625
0 0.3437500000000001 0.628125 0.3234375000000001 0.628125 0.3234375000000001 0.6671875 0.3437500000000001 0.6671875
0 0.3234375000000001 0.6140625 0.2968750000000001 0.6140625 0.2968750000000001 0.6625 0.3234375000000001 0.6625
0 0.2953125000000001 0.6078125 0.27031250000000007 0.6078125 0.27031250000000007 0.6515625 0.2953125000000001 0.6515625
0 0.27031250000000007 0.603125 0.2468750000000001 0.603125 0.2468750000000001 0.646875 0.27031250000000007 0.646875
0 0.2500000000000001 0.5921875 0.22656250000000008 0.5921875 0.22656250000000008 0.640625 0.2500000000000001 0.640625
0 0.2250000000000001 0.5859375 0.20312500000000008 0.5859375 0.20312500000000008 0.634375 0.2250000000000001 0.634375
0 0.20312500000000008 0.5828125 0.17968750000000008 0.5828125 0.17968750000000008 0.625 0.20312500000000008 0.625
0 0.17968750000000008 0.571875 0.15781250000000008 0.571875 0.15781250000000008 0.6203125 0.17968750000000008 0.6203125
0 0.1593750000000001 0.5671875 0.1375000000000001 0.5671875 0.1375000000000001 0.6109375 0.1593750000000001 0.6109375
0 0.0421875000000001 0.8109375 0.0187500000000001 0.8109375 0.018750000000000103 0.859375 0.0421875000000001 0.859375
2 0.11250000000000007 0.5421875 0.04375000000000007 0.5421875 0.043750000000000074 0.646875 0.11250000000000009 0.646875
0 0.5890625000000002 0.9734375 0.5781250000000002 0.9734375 0.5781250000000002 0.9921875 0.5890625000000002 0.9921875
0 0.5828125000000002 0.9484375 0.5718750000000001 0.9484375 0.5718750000000001 0.96875 0.5828125000000002 0.96875
0 0.6640625000000002 0.9828125 0.6515625000000002 0.9828125 0.6515625000000002 1 0.6640625000000002 1
0 0.5343750000000002 0.9640625 0.5187500000000002 0.9640625 0.5187500000000002 0.984375 0.5343750000000002 0.984375
0 0.5421875000000002 0.9515625 0.5234375000000002 0.9515625 0.5234375000000002 0.971875 0.5421875000000002 0.971875
0 0.5406250000000001 0.94375 0.5234375000000002 0.94375 0.5234375000000002 0.9609375 0.5406250000000001 0.9609375
0 0.5437500000000002 0.934375 0.5250000000000001 0.934375 0.5250000000000001 0.9515625 0.5437500000000002 0.9515625
0 0.5500000000000002 0.9203125 0.5312500000000002 0.9203125 0.5312500000000002 0.9375 0.5500000000000002 0.9375
3 0.6656250000000001 0.9578125 0.6546875000000002 0.9578125 0.6546875000000002 0.9828125 0.6656250000000001 0.9828125
0 0.6656250000000001 0.940625 0.6562500000000002 0.940625 0.6562500000000002 0.9609375 0.6656250000000001 0.9609375
0 0.6656250000000001 0.9234375 0.6578125000000001 0.9234375 0.6578125000000001 0.9390625 0.6656250000000001 0.9390625
0 0.6671875000000002 0.9046875 0.6578125000000001 0.9046875 0.6578125000000001 0.9234375 0.6671875000000002 0.9234375
0 0.6687500000000002 0.8875 0.6593750000000002 0.8875 0.6593750000000002 0.90625 0.6687500000000002 0.90625
0 0.6703125000000002 0.8609375 0.6609375000000002 0.8609375 0.6609375000000002 0.8765625 0.6703125000000002 0.8765625
0 0.6718750000000002 0.8453125 0.6625000000000002 0.8453125 0.6625000000000002 0.8625 0.6718750000000002 0.8625
0 0.6718750000000002 0.828125 0.6625000000000002 0.828125 0.6625000000000002 0.84375 0.6718750000000002 0.84375
0 0.6031250000000001 0.828125 0.5937500000000002 0.828125 0.5937500000000002 0.8421875 0.6031250000000001 0.8421875
0 0.6000000000000002 0.903125 0.5906250000000002 0.903125 0.5906250000000002 0.91875 0.6000000000000002 0.91875
0 0.5781250000000002 0.846875 0.5703125000000002 0.846875 0.5703125000000002 0.8625 0.5781250000000002 0.8625
3 0.6187500000000001 0.7984375 0.6093750000000002 0.7984375 0.6093750000000002 0.8140625 0.6187500000000001 0.8140625
0 0.6046875000000002 0.759375 0.5984375000000002 0.759375 0.5984375000000002 0.7734375 0.6046875000000002 0.7734375
0 0.6265625000000001 0.7375 0.6203125000000002 0.7375 0.6203125000000002 0.75 0.6265625000000001 0.75
0 0.625 0.7046875 0.61875 0.7046875 0.61875 0.7140625 0.625 0.7140625
0 0.6218750000000002 0.7265625 0.6156250000000002 0.7265625 0.6156250000000002 0.7390625 0.6218750000000002 0.7390625
0 0.6734375000000001 0.8171875 0.6656250000000001 0.8171875 0.6656250000000001 0.8296875 0.6734375000000001 0.8296875
0 0.6750000000000002 0.803125 0.6671875000000002 0.803125 0.6671875000000002 0.8171875 0.6750000000000002 0.8171875
0 0.6609375000000002 0.7640625 0.6531250000000002 0.7640625 0.6531250000000002 0.7796875 0.6609375000000002 0.7796875
0 0.6828125000000002 0.7640625 0.6718750000000002 0.7640625 0.6718750000000002 0.775 0.6828125000000002 0.775
0 0.6843750000000002 0.759375 0.6718750000000002 0.759375 0.6718750000000002 0.76875 0.6843750000000002 0.76875
0 0.6656250000000001 0.746875 0.6578125000000001 0.746875 0.6578125000000001 0.759375 0.6656250000000001 0.759375
0 0.6656250000000001 0.7375 0.6593750000000002 0.7375 0.6593750000000002 0.7484375 0.6656250000000001 0.7484375
0 0.6656250000000001 0.728125 0.6593750000000002 0.728125 0.6593750000000002 0.7390625 0.6656250000000001 0.7390625
0 0.66875 0.7078125 0.6625 0.7078125 0.6625 0.71875 0.66875 0.71875
0 0.6375 0.628125 0.63125 0.628125 0.63125 0.6390625 0.6375 0.6390625
0 0.634375 0.6515625 0.628125 0.6515625 0.628125 0.6609375 0.634375 0.6609375
0 0.7906250000000001 0.8921875 0.7765625000000002 0.8921875 0.7765625000000002 0.9078125 0.7906250000000001 0.9078125
0 0.8046875 0.890625 0.7937500000000002 0.890625 0.7937500000000002 0.909375 0.8046875 0.909375
0 0.8125 0.8890625 0.8015625 0.8890625 0.8015625 0.90625 0.8125 0.90625
0 0.80625 0.878125 0.7968750000000002 0.878125 0.7968750000000002 0.8953125 0.80625 0.8953125
0 0.7968750000000002 0.878125 0.7890625000000002 0.878125 0.7890625000000002 0.89375 0.7968750000000002 0.89375
0 0.7890625000000002 0.884375 0.7750000000000001 0.884375 0.7750000000000001 0.8984375 0.7890625000000002 0.8984375
0 0.7890625000000002 0.8796875 0.7750000000000001 0.8796875 0.7750000000000001 0.8921875 0.7890625000000002 0.8921875
0 0.803125 0.859375 0.7921875000000002 0.859375 0.7921875000000002 0.875 0.803125 0.875
0 0.7906250000000001 0.865625 0.7750000000000001 0.865625 0.7750000000000001 0.88125 0.7906250000000001 0.88125