0 0.7515625 0.07031250000000008 0.7046875 0.07031250000000008 0.7046875 0.12656250000000008 0.7515625 0.12656250000000008
0 1 0.10000000000000013 0.9546875 0.10000000000000013 0.9546875 0.17500000000000013 1 0.17500000000000013
0 0.8171875 0.7203125000000001 0.7765625 0.7203125000000001 0.7765625 0.7593750000000001 0.8171875 0.7593750000000001
0 0.959375 0.7625000000000002 0.9296875 0.7625000000000002 0.9296875 0.8125 0.959375 0.8125
0 0.9578125 0.8203125 0.93125 0.8203125 0.93125 0.8703125 0.9578125 0.8703125
0 0.9703125 0.878125 0.94375 0.878125 0.94375 0.9234375 0.9703125 0.9234375
0 0.925 0.8421875 0.9015625 0.8421875 0.9015625 0.884375 0.925 0.884375
0 0.94375 0.884375 0.9140625 0.884375 0.9140625 0.9359375 0.94375 0.9359375
0 0.909375 0.9078125 0.8828125 0.9078125 0.8828125 0.95 0.909375 0.95
0 0.8796875 0.9140625 0.85625 0.9140625 0.85625 0.95625 0.8796875 0.95625
0 0.8984375 0.8421875 0.8671875 0.8421875 0.8671875 0.8921875 0.8984375 0.8921875
0 0.8609375 0.7875000000000002 0.83125 0.7875000000000002 0.83125 0.840625 0.8609375 0.840625
0 0.80625 0.8171875 0.7781250000000002 0.8171875 0.7781250000000002 0.8625 0.80625 0.8625
0 0.7718750000000002 0.8203125 0.7421875000000002 0.8203125 0.7421875000000002 0.871875 0.7718750000000002 0.871875
0 0.7453125000000002 0.8359375 0.7234375000000002 0.8359375 0.7234375000000002 0.878125 0.7453125000000002 0.878125
0 0.7187500000000002 0.8421875 0.6921875000000002 0.8421875 0.6921875000000002 0.884375 0.7187500000000002 0.884375
0 0.6781250000000002 0.8515625 0.6484375000000002 0.8515625 0.6484375000000002 0.896875 0.6781250000000002 0.896875
0 0.3390625000000001 0.8875 0.3296875000000001 0.8875 0.3296875000000001 0.9296875 0.3390625000000001 0.9296875
0 0.4031250000000002 0.8703125 0.37968750000000007 0.8703125 0.37968750000000007 0.9109375 0.4031250000000002 0.9109375
0 0.5421875000000002 0.8421875 0.5171875000000001 0.8421875 0.5171875000000001 0.8828125 0.5421875000000002 0.8828125
0 0.5593750000000002 0.8421875 0.5375000000000002 0.8421875 0.5375000000000002 0.88125 0.5593750000000002 0.88125
0 0.5843750000000002 0.8265625 0.5562500000000001 0.8265625 0.5562500000000001 0.8734375 0.5843750000000002 0.8734375
0 0.6093750000000002 0.828125 0.5828125000000002 0.828125 0.5828125000000002 0.86875 0.6093750000000002 0.86875
0 0.6250000000000002 0.821875 0.6062500000000002 0.821875 0.6062500000000002 0.8609375 0.6250000000000002 0.8609375
0 0.6484375000000002 0.8140625 0.6250000000000002 0.8140625 0.6250000000000002 0.853125 0.6484375000000002 0.853125
0 0.6734375000000001 0.8046875 0.6453125000000002 0.8046875 0.6453125000000002 0.85 0.6734375000000001 0.85
0 0.6984375000000002 0.7984375 0.6734375000000001 0.7984375 0.6734375000000001 0.8390625 0.6984375000000002 0.8390625
0 0.7218750000000002 0.790625 0.6968750000000001 0.790625 0.6968750000000001 0.83125 0.7218750000000002 0.83125
0 0.7437500000000001 0.7812500000000001 0.7203125000000001 0.78125 0.7203125000000001 0.825 0.7437500000000001 0.825
0 0.7656250000000002 0.7750000000000001 0.7437500000000001 0.7750000000000001 0.7437500000000001 0.81875 0.7656250000000002 0.81875
0 0.7890625000000002 0.7687500000000002 0.7656250000000002 0.7687500000000002 0.7656250000000002 0.8109375 0.7890625000000002 0.8109375
0 0.809375 0.7593750000000001 0.7875000000000002 0.7593750000000001 0.7875000000000002 0.8015625 0.809375 0.8015625
0 0.83125 0.7593750000000001 0.8078125 0.7593750000000001 0.8078125 0.7953125000000002 0.83125 0.7953125000000002
2 0.9265625 0.7593750000000001 0.85625 0.7593750000000001 0.85625 0.8359375 0.9265625 0.8359375