1 0.440625 0.02812500000000005 0.3234375 0.028125000000000046 0.3234375 0.11406250000000004 0.440625 0.11406250000000004
0 0.4046875 0.25781250000000006 0.359375 0.2578125 0.359375 0.3140625 0.4046875 0.3140625000000001
0 0.559375 0.18750000000000006 0.525 0.18750000000000006 0.525 0.2406250000000001 0.559375 0.2406250000000001
0 0.578125 0.0015625000000000686 0.5453125 0.0015625000000000667 0.5453125 0.05468750000000007 0.578125 0.05468750000000007
0 0.2500000000000001 0.4078125 0.22031250000000008 0.4078125 0.22031250000000008 0.465625 0.2500000000000001 0.465625
0 0.803125 9.538850458983681e-17 0.7546875 9.242256312315182e-17 0.7546875 0.03281250000000009 0.803125 0.0328125000000001
0 0.6390625 0.4 0.609375 0.4 0.609375 0.46875 0.6390625 0.46875
0 0.17968750000000014 0.91875 0.13437500000000013 0.91875 0.13437500000000013 0.9578125 0.17968750000000014 0.9578125
0 0.40937500000000016 0.8859375 0.3671875000000001 0.8859375 0.3671875000000001 0.9296875 0.40937500000000016 0.9296875
0 0.5796875000000001 0.9640625 0.5546875000000002 0.9640625 0.5546875000000002 1 0.5796875000000001 1
3 0.2328125000000001 0.6265625 0.17343750000000008 0.6265625 0.17343750000000008 0.6765625 0.2328125000000001 0.6765625
3 0.3218750000000001 0.6421875 0.2609375000000001 0.6421875 0.2609375000000001 0.6984375 0.3218750000000001 0.6984375
0 0.6890625000000001 0.875 0.6625000000000002 0.875 0.6625000000000002 0.9265625 0.6890625000000001 0.9265625
0 0.625 0.6453125 0.6 0.6453125 0.6 0.6890625 0.625 0.6890625
0 0.7625000000000002 0.9234375 0.7468750000000002 0.9234375 0.7468750000000002 0.96875 0.7625000000000002 0.96875
0 0.6359375 0.6984375 0.6140625 0.6984375 0.6140625000000001 0.7484375 0.6359375000000002 0.7484375
0 0.6359375000000002 0.7546875 0.6140625000000002 0.7546875 0.6140625000000002 0.80625 0.6359375000000002 0.80625
0 0.6703125000000001 0.7171875 0.65 0.7171875 0.6500000000000001 0.7625 0.6703125000000002 0.7625
0 0.6687500000000002 0.75625 0.6421875000000001 0.75625 0.6421875000000001 0.815625 0.6687500000000002 0.815625
0 0.7015625000000002 0.771875 0.6781250000000002 0.771875 0.6781250000000002 0.8234375 0.7015625000000002 0.8234375
0 0.7281250000000001 0.7828125000000001 0.7093750000000002 0.7828125 0.7093750000000002 0.8265625 0.7281250000000001 0.8265625
0 0.7015625000000001 0.715625 0.675 0.715625 0.675 0.7640625 0.7015625000000002 0.7640625
0 0.7828125 0.6765625000000002 0.7609375 0.6765625000000002 0.7609375 0.7218750000000002 0.7828125 0.7218750000000002
0 0.821875 0.6718750000000002 0.796875 0.6718750000000002 0.7968750000000001 0.7265625000000002 0.821875 0.7265625000000002
0 0.8421875 0.6828125000000002 0.825 0.6828125000000002 0.825 0.7234375000000002 0.8421875 0.7234375000000002
0 0.8734375 0.6812500000000001 0.8515625 0.6812500000000001 0.8515625 0.7296875000000002 0.8734375 0.7296875000000002
0 0.91875 0.6859375000000002 0.8953125 0.6859375000000002 0.8953125 0.7312500000000002 0.91875 0.7312500000000002
0 1 0.6421875000000001 0.98125 0.6421875000000001 0.98125 0.6968750000000001 1 0.6968750000000001
0 0.978125 0.6531250000000002 0.95625 0.6531250000000002 0.95625 0.6968750000000001 0.978125 0.6968750000000001
0 0.953125 0.6500000000000001 0.9390625 0.6500000000000001 0.9390625 0.6906250000000002 0.953125 0.6906250000000002
0 0.934375 0.6484375000000002 0.915625 0.6484375000000002 0.915625 0.6843750000000002 0.934375 0.6843750000000002
0 0.9109375 0.6406250000000002 0.8890625 0.6406250000000002 0.8890625 0.6859375000000002 0.9109375 0.6859375000000002
0 0.8828125 0.6359375000000002 0.8609375 0.6359375000000002 0.8609375 0.6812500000000001 0.8828125 0.6812500000000001
0 0.8578125 0.6328125000000002 0.8375 0.6328125000000002 0.8375 0.6765625000000002 0.8578125 0.6765625000000002
0 0.834375 0.6328125000000002 0.815625 0.6328125000000002 0.815625 0.6734375000000001 0.834375 0.6734375000000001
0 0.809375 0.6296875000000002 0.790625 0.6296875000000002 0.790625 0.6734375000000001 0.809375 0.6734375000000001
0 0.7859375 0.6234375000000002 0.7671875 0.6234375000000002 0.7671875 0.6687500000000002 0.7859375 0.6687500000000002
0 0.7625 0.6203125000000002 0.7453125 0.6203125000000002 0.7453125 0.6656250000000001 0.7625 0.6656250000000001
0 0.740625 0.6156250000000001 0.721875 0.615625 0.721875 0.6609375000000001 0.740625 0.6609375000000002
0 0.6140625000000002 0.8578125 0.5921875000000002 0.8578125 0.5921875000000002 0.9140625 0.6140625000000002 0.9140625
3 0.7890625000000002 0.9171875 0.7625000000000002 0.9171875 0.7625000000000002 0.978125 0.7890625000000002 0.978125
2 0.6953125 0.603125 0.6328125 0.603125 0.6328125 0.7109375 0.6953125 0.7109375
3 0.728125 0.6484375000000001 0.7015625 0.6484375 0.7015625 0.7125000000000001 0.728125 0.7125000000000001