0 0.2593750000000001 0.509375 0.21875000000000008 0.509375 0.21875000000000008 0.5296875 0.2593750000000001 0.5296875
0 0.29375000000000007 0.453125 0.26250000000000007 0.453125 0.26250000000000007 0.503125 0.29375000000000007 0.503125
0 0.5390625 0.3390625000000001 0.50625 0.3390625000000001 0.50625 0.3937500000000001 0.5390625 0.3937500000000001
0 0.503125 0.3968750000000001 0.465625 0.3968750000000001 0.465625 0.4640625 0.503125 0.4640625
0 0.3109375000000001 0.8671875 0.2890625000000001 0.8671875 0.2890625000000001 0.9421875 0.3109375000000001 0.9421875
0 0.33281250000000007 0.746875 0.3109375000000001 0.746875 0.3109375000000001 0.825 0.33281250000000007 0.825
2 0.6187500000000001 0.9171875 0.5109375000000002 0.9171875 0.5109375000000002 1 0.6187500000000001 1
0 0.9 0.9171875 0.8609375 0.9171875 0.8609375 0.9546875 0.9 0.9546875
0 0.8765625 0.86875 0.8375 0.86875 0.8375 0.8984375 0.8765625 0.8984375
0 0.9375 0.875 0.8953125 0.875 0.8953125 0.9078125 0.9375 0.9078125
0 0.9890625 0.8890625 0.9484375 0.8890625 0.9484375 0.9203125 0.9890625 0.9203125
0 0.51875 0.5296875 0.5015625 0.5296875 0.5015625 0.5625 0.51875 0.5625
0 0.5453125 0.5296875 0.5265625 0.5296875 0.5265625 0.55625 0.5453125 0.55625