0 0.8765625 0.46875000000000017 0.8234375 0.46875000000000017 0.8234375 0.5000000000000002 0.8765625 0.5000000000000002
0 0.721875 8.620365359623165e-17 0.6859375 8.400311637901375e-17 0.6859375 0.04375000000000009 0.721875 0.04375000000000009
0 0.03281250000000008 0.59375 7.271340369937409e-17 0.59375 7.654042494670957e-17 0.65625 0.03281250000000008 0.65625
0 0.2687500000000001 0.5 0.2078125000000001 0.5 0.2078125000000001 0.5296875 0.2687500000000001 0.5296875
0 0.3078125000000001 0.5421875 0.23593750000000008 0.5421875 0.23593750000000008 0.6109375 0.3078125000000001 0.6109375
0 0.13125000000000012 0.875 0.07343750000000011 0.875 0.07343750000000011 0.940625 0.13125000000000014 0.940625
0 0.17031250000000014 0.9265625 0.10156250000000014 0.9265625 0.10156250000000014 1 0.17031250000000014 1
0 0.5296875 0.5921875 0.4984375 0.5921875 0.4984375 0.6625 0.5296875 0.6625
0 0.5078125000000001 0.6953125 0.4609375 0.6953125 0.4609375000000001 0.775 0.5078125000000002 0.775
0 0.47968750000000016 0.7859375 0.4390625000000002 0.7859375 0.4390625000000002 0.8546875 0.47968750000000016 0.8546875
0 0.4187500000000002 0.95 0.3765625000000001 0.95 0.3765625000000001 1 0.4187500000000002 1
0 0.5171875000000001 0.7765625 0.4656250000000002 0.7765625 0.4656250000000002 0.859375 0.5171875000000001 0.859375
0 0.5296875000000002 0.7609375 0.5031250000000002 0.7609375 0.5031250000000002 0.846875 0.5296875000000002 0.846875
0 0.4937500000000002 0.9328125 0.44531250000000017 0.9328125 0.44531250000000017 1 0.4937500000000002 1
0 0.8984375 0.5000000000000002 0.8265625 0.5000000000000002 0.8265625 0.5218750000000002 0.8984375 0.5218750000000002
0 0.565625 0.5828125 0.5296875 0.5828125 0.5296875 0.65 0.565625 0.65
0 0.5687500000000002 0.909375 0.5296875000000002 0.909375 0.5296875000000002 0.9828125 0.5687500000000002 0.9828125
0 0.6062500000000002 0.9671875 0.5343750000000002 0.9671875 0.5343750000000002 1 0.6062500000000002 1
0 0.940625 0.5750000000000002 0.9 0.5750000000000002 0.9 0.6437500000000002 0.940625 0.6437500000000002
0 0.88125 0.7640625000000002 0.8390625 0.7640625000000002 0.8390625 0.834375 0.88125 0.834375
0 0.8234375 0.928125 0.7765625000000002 0.928125 0.7765625000000002 1 0.8234375 1
0 0.921875 0.7406250000000002 0.8765625 0.7406250000000002 0.8765625 0.821875 0.921875 0.821875
0 0.9515625 0.7453125000000002 0.9046875 0.7453125000000002 0.9046875 0.8296875 0.9515625 0.8296875
0 0.89375 0.9171875 0.85 0.9171875 0.85 0.9953125 0.89375 0.9953125