0 0.28125 0.06406250000000004 0.25625 0.06406250000000002 0.25625 0.12187500000000004 0.28125 0.12187500000000004
0 0.2875 0.2921875 0.2484375 0.2921875 0.2484375 0.359375 0.2875 0.359375
0 0.22812500000000008 0.4625 0.19218750000000004 0.4625 0.19218750000000004 0.509375 0.22812500000000008 0.509375
0 0.6578125 0.484375 0.5984375 0.484375 0.5984375 0.509375 0.6578125 0.509375
0 0.6203125 0.3296875000000001 0.5796875 0.3296875000000001 0.5796875 0.3671875000000001 0.6203125 0.3671875000000001
0 0.746875 0.1593750000000001 0.6921875 0.1593750000000001 0.6921875 0.2406250000000001 0.746875 0.2406250000000001
0 0.775 0.05937500000000009 0.7265625 0.05937500000000009 0.7265625 0.13281250000000008 0.775 0.13281250000000008
0 0.784375 0.18750000000000008 0.7515625 0.18750000000000008 0.7515625 0.23593750000000008 0.784375 0.23593750000000008
0 0.828125 0.015625000000000097 0.7859375 0.015625000000000094 0.7859375 0.0781250000000001 0.828125 0.07812500000000011
3 0.5796875 0.5796875 0.521875 0.5796875 0.521875 0.634375 0.5796875 0.634375
3 0.4984375 0.6109375 0.4375 0.6109375 0.4375 0.6640625 0.4984375 0.6640625
0 0.3656250000000001 0.9453125 0.3203125000000001 0.9453125 0.3203125000000001 0.9890625 0.3656250000000001 0.9890625
0 0.30156250000000007 0.9578125 0.2578125000000001 0.9578125 0.2578125000000001 1 0.30156250000000007 1
0 0.11093750000000013 0.971875 0.0640625000000001 0.971875 0.06406250000000012 1 0.11093750000000013 1
0 0.921875 0.7703125000000002 0.8953125 0.7703125000000002 0.8953125 0.8671875 0.921875 0.8671875
0 0.81875 0.6046875000000002 0.7859375 0.6046875000000002 0.7859375 0.7187500000000002 0.81875 0.7187500000000002
0 0.7390625000000002 0.7921875 0.6968750000000001 0.7921875 0.6968750000000001 0.8625 0.7390625000000002 0.8625
0 0.6234375 0.584375 0.5875 0.584375 0.5875 0.6328125 0.6234375 0.6328125
0 0.6046875 0.5328125 0.5796875 0.5328125 0.5796875 0.575 0.6046875 0.575
0 0.6375 0.521875 0.6078125 0.521875 0.6078125 0.5640625 0.6375 0.5640625
0 0.6765625 0.509375 0.6421875 0.509375 0.6421875 0.5546875 0.6765625 0.5546875
0 0.7312500000000002 0.915625 0.6953125000000002 0.915625 0.6953125000000002 0.9609375 0.7312500000000002 0.9609375
0 0.6953125000000002 0.915625 0.6609375000000002 0.915625 0.6609375000000002 0.9578125 0.6953125000000002 0.9578125
0 0.6343750000000001 0.915625 0.6031250000000001 0.915625 0.6031250000000001 0.9609375 0.6343750000000001 0.9609375
0 0.6015625000000002 0.9234375 0.5796875000000001 0.9234375 0.5796875000000001 0.96875 0.6015625000000002 0.96875