0 0.28125 0.09687500000000003 0.2390625 0.09687500000000002 0.2390625 0.16406250000000006 0.28125 0.16406250000000006
0 0.7328125 0.1062500000000001 0.7078125 0.1062500000000001 0.7078125 0.1468750000000001 0.7328125 0.1468750000000001
0 0.996875 0.015625000000000118 0.971875 0.015625000000000118 0.971875 0.05625000000000011 0.996875 0.05625000000000011
0 0.9671875 0.010937500000000117 0.9375 0.010937500000000114 0.9375 0.057812500000000114 0.9671875 0.057812500000000114
0 0.9296875 0.014062500000000113 0.9015625 0.014062500000000111 0.9015625 0.05468750000000011 0.9296875 0.05468750000000011
0 0.896875 0.014062500000000108 0.875 0.014062500000000106 0.875 0.05156250000000011 0.896875 0.05156250000000011
0 0.4875 0.15468750000000003 0.46875 0.15468750000000003 0.46875 0.19531250000000006 0.4875 0.19531250000000006
0 0.50625 0.06250000000000007 0.4828125 0.06250000000000007 0.4828125 0.10156250000000004 0.50625 0.10156250000000004
2 0.4453125000000001 0.7109375 0.2640625000000001 0.7109375 0.2640625000000001 0.7875 0.44531250000000017 0.7875
0 0.23593750000000008 0.7109375 0.1859375000000001 0.7109375 0.1859375000000001 0.7515625 0.23593750000000008 0.7515625
0 0.965625 0.928125 0.940625 0.928125 0.940625 0.9703125 0.965625 0.9703125
0 0.984375 0.4000000000000002 0.9625 0.4000000000000002 0.9625 0.4781250000000002 0.984375 0.4781250000000002
0 0.5312500000000002 0.9171875 0.5062500000000002 0.9171875 0.5062500000000002 0.959375 0.5312500000000002 0.959375
0 0.8265625 0.7156250000000002 0.8 0.7156250000000002 0.8 0.7625000000000002 0.8265625 0.7625000000000002
0 0.809375 0.7671875000000001 0.7843750000000002 0.7671875000000001 0.7843750000000002 0.809375 0.809375 0.809375
0 0.80625 0.8296875 0.7812500000000002 0.8296875 0.7812500000000002 0.8703125 0.80625 0.8703125
0 0.7703125000000002 0.7781250000000002 0.7500000000000002 0.7781250000000002 0.7500000000000002 0.815625 0.7703125000000002 0.815625
0 0.7750000000000001 0.821875 0.7468750000000002 0.821875 0.7468750000000002 0.86875 0.7750000000000001 0.86875
0 0.7359375000000001 0.828125 0.7093750000000002 0.828125 0.7093750000000002 0.86875 0.7359375000000001 0.86875
0 0.7046875000000001 0.8265625 0.6812500000000001 0.8265625 0.6812500000000001 0.865625 0.7046875000000001 0.865625
0 0.7437500000000001 0.7656250000000001 0.7140625000000002 0.765625 0.7140625000000002 0.8109375 0.7437500000000001 0.8109375
0 0.7250000000000001 0.7015625 0.696875 0.7015625 0.6968750000000001 0.7484375 0.7250000000000002 0.7484375
0 0.6671875 0.70625 0.640625 0.70625 0.6406250000000001 0.746875 0.6671875000000002 0.746875
0 0.6312500000000001 0.6984375 0.6 0.6984375 0.6000000000000001 0.7484375 0.6312500000000002 0.7484375
0 0.6015625000000001 0.7 0.5796875 0.7 0.5796875000000001 0.74375 0.6015625000000002 0.74375
0 0.5750000000000001 0.6984375 0.5484375 0.6984375 0.5484375000000001 0.740625 0.5750000000000002 0.740625
0 0.5328125000000001 0.69375 0.5046875 0.69375 0.5046875000000001 0.7359375 0.5328125000000001 0.7359375
0 0.475 0.6421875 0.46875 0.6421875 0.46875 0.6828125 0.475 0.6828125
0 0.49375 0.6484375 0.4765625 0.6484375 0.4765625 0.684375 0.49375 0.684375
0 0.5171875 0.646875 0.496875 0.646875 0.496875 0.68125 0.5171875 0.68125
0 0.54375 0.6484375 0.51875 0.6484375 0.51875 0.6890625 0.54375 0.6890625
0 0.571875 0.653125 0.546875 0.653125 0.546875 0.6890625 0.571875 0.6890625
0 0.5953125 0.6515625 0.571875 0.6515625 0.571875 0.6890625 0.5953125 0.6890625
0 0.6171875 0.65625 0.596875 0.65625 0.596875 0.690625 0.6171875 0.690625
0 0.640625 0.6578125 0.61875 0.6578125 0.61875 0.696875 0.640625 0.696875
0 0.6640625 0.6578125 0.640625 0.6578125 0.640625 0.6953125 0.6640625 0.6953125
0 0.6859375 0.659375 0.665625 0.659375 0.665625 0.69375 0.6859375 0.69375
0 0.709375 0.6609375 0.6859375 0.6609375 0.6859375 0.6984375 0.709375 0.6984375
2 0.7937500000000001 0.6828125000000002 0.7265625 0.6828125000000002 0.7265625000000001 0.7609375000000002 0.7937500000000002 0.7609375000000002