0 0.5296875 0.040625000000000064 0.4921875 0.04062500000000006 0.4921875 0.08906250000000007 0.5296875 0.08906250000000007
0 0.978125 0.3812500000000001 0.9203125 0.3812500000000001 0.9203125 0.4000000000000002 0.978125 0.4000000000000002
0 0.6390625 0.08593750000000008 0.5734375 0.08593750000000007 0.5734375 0.1453125000000001 0.6390625 0.1453125000000001
0 0.678125 0.22031250000000008 0.6140625 0.22031250000000008 0.6140625 0.2796875000000001 0.678125 0.2796875000000001
0 0.9734375 0.2234375000000001 0.9203125 0.2234375000000001 0.9203125 0.2609375000000001 0.9734375 0.2609375000000001
1 0.22812500000000008 0.44375 0.11250000000000004 0.44375 0.11250000000000007 0.6203125 0.22812500000000008 0.6203125
0 0.10156250000000008 0.5515625 0.06718750000000007 0.5515625 0.06718750000000007 0.6046875 0.10156250000000008 0.6046875
0 0.11875000000000009 0.7234375 0.07656250000000009 0.7234375 0.07656250000000009 0.784375 0.11875000000000009 0.784375
0 0.2812500000000001 0.8125 0.2453125000000001 0.8125 0.2453125000000001 0.8609375 0.2812500000000001 0.8609375
0 0.4078125 0.6203125 0.3687500000000001 0.6203125 0.3687500000000001 0.6890625 0.4078125 0.6890625
0 0.4453125000000001 0.671875 0.4125 0.671875 0.4125000000000001 0.73125 0.44531250000000017 0.73125