0 0.4625 5.415235064979703e-17 0.421875 5.166478683902896e-17 0.421875 0.026562500000000055 0.4625 0.026562500000000055
0 0.8234375 0.012500000000000098 0.7671875 0.012500000000000094 0.7671875 0.0703125000000001 0.8234375 0.07031250000000011
0 0.9015625 0.1390625000000001 0.8359375 0.1390625000000001 0.8359375 0.2015625000000001 0.9015625 0.2015625000000001
0 0.37187500000000007 0.909375 0.3437500000000001 0.909375 0.3437500000000001 0.9625 0.37187500000000007 0.9625
0 0.2765625000000001 0.9578125 0.2500000000000001 0.9578125 0.2500000000000001 1 0.2765625000000001 1
0 0.5140625 0.6578125 0.4875 0.6578125 0.4875 0.70625 0.5140625 0.70625
0 0.2921875000000001 0.9625 0.2750000000000001 0.9625 0.2750000000000001 1 0.2921875000000001 1
0 0.5093750000000001 0.7171875 0.4859375 0.7171875 0.4859375000000001 0.765625 0.5093750000000001 0.765625
0 0.5187500000000002 0.7703125 0.4937500000000002 0.7703125 0.4937500000000002 0.8234375 0.5187500000000002 0.8234375
0 0.47656250000000017 0.7375 0.45625000000000016 0.7375 0.45625000000000016 0.78125 0.47656250000000017 0.78125
0 0.4906250000000002 0.7765625 0.46406250000000016 0.7765625 0.46406250000000016 0.8359375 0.4906250000000002 0.8359375
0 0.45625000000000016 0.796875 0.42968750000000017 0.796875 0.42968750000000017 0.8453125 0.45625000000000016 0.8453125
0 0.42500000000000016 0.80625 0.4046875000000002 0.80625 0.4046875000000002 0.85 0.42500000000000016 0.85
0 0.44843750000000016 0.7390625 0.42187500000000017 0.7390625 0.42187500000000017 0.7859375 0.44843750000000016 0.7859375
0 0.4156250000000001 0.6765625 0.3890625000000001 0.6765625 0.3890625000000001 0.734375 0.4156250000000002 0.734375
0 0.3593750000000001 0.7078125 0.3359375000000001 0.7078125 0.3359375000000001 0.7546875 0.3593750000000001 0.7546875
0 0.3234375000000001 0.709375 0.2953125000000001 0.709375 0.2953125000000001 0.7640625 0.3234375000000001 0.7640625
0 0.2968750000000001 0.7234375 0.27812500000000007 0.7234375 0.27812500000000007 0.7640625 0.2968750000000001 0.7640625
0 0.2687500000000001 0.728125 0.2453125000000001 0.728125 0.2453125000000001 0.7734375 0.2687500000000001 0.7734375
0 0.22812500000000008 0.7359375 0.2015625000000001 0.7359375 0.2015625000000001 0.784375 0.22812500000000008 0.784375
0 0.09375000000000008 0.721875 0.07187500000000009 0.721875 0.07187500000000009 0.7625 0.09375000000000008 0.7625
0 0.11093750000000009 0.71875 0.09218750000000009 0.71875 0.09218750000000009 0.7640625 0.11093750000000009 0.7640625
0 0.1375000000000001 0.703125 0.11093750000000009 0.703125 0.11093750000000009 0.7578125 0.1375000000000001 0.7578125
0 0.1609375000000001 0.7125 0.1375000000000001 0.7125 0.1375000000000001 0.7515625 0.1609375000000001 0.7515625
0 0.1781250000000001 0.703125 0.1625000000000001 0.703125 0.1625000000000001 0.746875 0.1781250000000001 0.746875
0 0.2015625000000001 0.7 0.18125000000000008 0.7 0.18125000000000008 0.740625 0.2015625000000001 0.740625
0 0.22812500000000008 0.6859375 0.20312500000000008 0.6859375 0.20312500000000008 0.7375 0.22812500000000008 0.7375
0 0.2531250000000001 0.6796875 0.2296875000000001 0.6796875 0.2296875000000001 0.728125 0.2531250000000001 0.728125
0 0.27812500000000007 0.6765625 0.2562500000000001 0.6765625 0.2562500000000001 0.7203125 0.27812500000000007 0.7203125
0 0.2984375000000001 0.6703125 0.27812500000000007 0.6703125 0.27812500000000007 0.715625 0.2984375000000001 0.715625
0 0.3234375000000001 0.6625 0.3031250000000001 0.6625 0.3031250000000001 0.7109375 0.3234375000000001 0.7109375
0 0.3453125000000001 0.659375 0.3234375000000001 0.659375 0.3234375000000001 0.703125 0.3453125000000001 0.703125
0 0.3656250000000001 0.6515625 0.3468750000000001 0.6515625 0.3468750000000001 0.696875 0.3656250000000001 0.696875
0 0.3906250000000001 0.6453125 0.3687500000000001 0.6453125 0.3687500000000001 0.6890625 0.3906250000000001 0.6890625
0 0.4546875000000002 0.9046875 0.4343750000000002 0.9046875 0.4343750000000002 0.95 0.4546875000000002 0.95
2 0.4796875000000001 0.628125 0.4140625 0.628125 0.4140625000000001 0.7296875 0.47968750000000016 0.7296875
0 0.9578125 0.3046875000000001 0.940625 0.3046875000000001 0.940625 0.3906250000000001 0.9578125 0.3906250000000001
0 0.6625000000000002 0.9375 0.6406250000000002 0.9375 0.6406250000000002 0.9765625 0.6625000000000002 0.9765625
0 0.878125 0.6593750000000002 0.853125 0.6593750000000002 0.853125 0.7078125000000002 0.878125 0.7078125000000002
0 0.871875 0.7156250000000002 0.8484375 0.7156250000000002 0.8484375 0.7593750000000001 0.871875 0.7593750000000001
0 0.8828125 0.7781250000000002 0.859375 0.7781250000000002 0.859375 0.8171875 0.8828125 0.8171875
0 0.8375 0.7343750000000002 0.8171875 0.7343750000000002 0.8171875 0.7703125000000002 0.8375 0.7703125000000002
0 0.853125 0.7796875000000002 0.828125 0.7796875000000002 0.828125 0.8265625 0.853125 0.8265625
0 0.81875 0.7937500000000002 0.7937500000000002 0.7937500000000002 0.7937500000000002 0.8328125 0.81875 0.8328125
0 0.7859375000000002 0.8015625 0.7656250000000002 0.8015625 0.7656250000000002 0.8375 0.7859375000000002 0.8375
0 0.8109375 0.7328125000000002 0.7843750000000002 0.7328125000000002 0.7843750000000002 0.7765625000000002 0.8109375 0.7765625000000002
0 0.7765625 0.6750000000000002 0.7515625 0.6750000000000002 0.7515625 0.7187500000000002 0.7765625 0.7187500000000002
0 0.721875 0.7 0.6984375 0.7 0.6984375 0.7390625 0.7218750000000002 0.7390625
0 0.6859375000000001 0.703125 0.659375 0.703125 0.659375 0.7515625 0.6859375000000002 0.7515625
0 0.6578125000000001 0.7125 0.6390625 0.7125 0.6390625000000001 0.753125 0.6578125000000001 0.753125
0 0.6312500000000001 0.715625 0.6078125 0.715625 0.6078125000000001 0.75625 0.6312500000000002 0.75625
0 0.615625 0.671875 0.6 0.671875 0.6 0.709375 0.615625 0.709375
0 0.6390625 0.6671875 0.6171875 0.6671875 0.6171875 0.703125 0.6390625 0.703125
0 0.6609375 0.6640625 0.640625 0.6640625 0.640625 0.7 0.6609375 0.7
0 0.684375 0.6578125 0.6640625 0.6578125 0.6640625 0.696875 0.684375 0.696875
0 0.7078125 0.6546875 0.6859375 0.6546875 0.6859375 0.69375 0.7078125 0.69375
0 0.728125 0.6484375000000001 0.7109375 0.6484375 0.7109375 0.6843750000000001 0.728125 0.6843750000000002
0 0.7515625 0.6437500000000002 0.73125 0.6437500000000002 0.73125 0.6796875000000002 0.7515625 0.6796875000000002
2 0.8421875 0.6421875000000001 0.7796875 0.6421875000000001 0.7796875 0.7187500000000002 0.8421875 0.7187500000000002