0 0.509375 0.17968750000000006 0.4734375 0.17968750000000006 0.4734375 0.2296875000000001 0.509375 0.2296875000000001
0 0.490625 0.2000000000000001 0.4515625 0.2000000000000001 0.4515625 0.2593750000000001 0.490625 0.2593750000000001
0 0.21875 0.059375000000000025 0.1765625 0.059375000000000025 0.1765625 0.11718750000000003 0.21875 0.11718750000000004
0 0.3765625 0.22812500000000005 0.334375 0.228125 0.334375 0.29375000000000007 0.3765625 0.29375000000000007
0 0.8578125 0.2640625000000001 0.7984375 0.2640625000000001 0.7984375 0.31718750000000007 0.8578125 0.31718750000000007
0 0.94375 0.10781250000000012 0.8859375 0.10781250000000009 0.8859375 0.1906250000000001 0.94375 0.19062500000000013
0 0.971875 0.009375000000000116 0.921875 0.009375000000000114 0.921875 0.08281250000000011 0.971875 0.08281250000000011
0 0.984375 0.13750000000000012 0.9484375 0.13750000000000012 0.9484375 0.18750000000000014 0.984375 0.18750000000000014
0 1 1.212208980093513e-16 0.9796875 1.1997711610396726e-16 0.9796875 0.02343750000000012 1 0.02343750000000012
0 0.18437500000000012 0.9921875 0.17187500000000014 0.9921875 0.17187500000000014 1 0.18437500000000012 1
0 0.20468750000000008 0.875 0.1937500000000001 0.875 0.1937500000000001 0.896875 0.20468750000000008 0.896875
0 0.1953125000000001 0.896875 0.1843750000000001 0.896875 0.18437500000000012 0.9203125 0.19531250000000014 0.9203125
0 0.2093750000000001 0.896875 0.19687500000000008 0.896875 0.1968750000000001 0.9203125 0.2093750000000001 0.9203125
0 0.1468750000000001 0.60625 0.14062500000000008 0.60625 0.14062500000000008 0.6171875 0.1468750000000001 0.6171875
0 0.13281250000000008 0.571875 0.12656250000000008 0.571875 0.12656250000000008 0.58125 0.13281250000000008 0.58125
0 0.1437500000000001 0.546875 0.1390625000000001 0.546875 0.1390625000000001 0.55625 0.1437500000000001 0.55625
0 0.959375 0.8828125 0.928125 0.8828125 0.928125 0.95625 0.959375 0.95625
3 0.93125 0.6359375000000002 0.896875 0.6359375000000002 0.896875 0.7234375000000002 0.93125 0.7234375000000002