0 0.3734375 0.15937500000000004 0.35 0.15937500000000004 0.35 0.20000000000000004 0.3734375 0.2000000000000001
0 0.4140625 0.15781250000000005 0.3875 0.15781250000000005 0.3875 0.2000000000000001 0.4140625 0.2000000000000001
0 0.434375 0.16875000000000004 0.415625 0.16875000000000004 0.415625 0.2000000000000001 0.434375 0.2000000000000001
0 0.465625 0.16875000000000004 0.440625 0.16875000000000004 0.440625 0.2000000000000001 0.465625 0.2000000000000001
0 0.5109375 0.16875000000000004 0.484375 0.16875000000000004 0.484375 0.2000000000000001 0.5109375 0.2000000000000001
0 1 0.14687500000000014 0.978125 0.14687500000000014 0.978125 0.19531250000000014 1 0.19531250000000014
0 0.978125 0.14531250000000012 0.95625 0.14531250000000012 0.95625 0.19062500000000013 0.978125 0.19062500000000013
0 0.9515625 0.14062500000000014 0.9296875 0.14062500000000014 0.9296875 0.18906250000000013 0.9515625 0.18906250000000013
0 0.925 0.1406250000000001 0.90625 0.14062500000000008 0.90625 0.18593750000000012 0.925 0.18593750000000014
0 0.903125 0.1312500000000001 0.878125 0.1312500000000001 0.878125 0.1859375000000001 0.903125 0.1859375000000001
0 0.871875 0.1359375000000001 0.8515625 0.1359375000000001 0.8515625 0.18125000000000008 0.871875 0.18125000000000008
0 0.8453125 0.1390625000000001 0.8234375 0.1390625000000001 0.8234375 0.17968750000000008 0.8453125 0.17968750000000008
0 0.778125 0.1296875000000001 0.75625 0.1296875000000001 0.75625 0.1781250000000001 0.778125 0.1781250000000001
0 0.6375 0.1375000000000001 0.615625 0.1375000000000001 0.615625 0.1781250000000001 0.6375 0.1781250000000001
0 0.6171875 0.13437500000000008 0.5984375 0.13437500000000008 0.5984375 0.1781250000000001 0.6171875 0.1781250000000001
0 0.596875 0.12343750000000009 0.571875 0.12343750000000009 0.571875 0.1781250000000001 0.596875 0.1781250000000001
0 0.5703125 0.1359375000000001 0.5484375 0.1359375000000001 0.5484375 0.1765625000000001 0.5703125 0.1765625000000001
0 0.54375 0.12968750000000004 0.528125 0.12968750000000004 0.528125 0.17500000000000004 0.54375 0.17500000000000004
0 0.525 0.12968750000000004 0.50625 0.12968750000000004 0.50625 0.16875000000000004 0.525 0.16875000000000004
0 0.5015625 0.12031250000000004 0.478125 0.12031250000000004 0.478125 0.16875000000000004 0.5015625 0.16875000000000004
0 0.4734375 0.11875000000000005 0.4515625 0.11875000000000005 0.4515625 0.16250000000000003 0.4734375 0.16250000000000003
0 0.4484375 0.11875000000000005 0.428125 0.11875000000000005 0.428125 0.16250000000000003 0.4484375 0.16250000000000003
0 0.425 0.11250000000000004 0.403125 0.11250000000000004 0.403125 0.16093750000000004 0.425 0.16093750000000004
0 0.4 0.11093750000000005 0.3796875 0.11093750000000005 0.3796875 0.15937500000000004 0.4 0.15937500000000004
0 0.378125 0.11406250000000004 0.3578125 0.11406250000000004 0.3578125 0.15468750000000003 0.378125 0.15468750000000003
0 0.353125 0.10625000000000004 0.334375 0.10625000000000004 0.334375 0.15468750000000003 0.353125 0.15468750000000003
0 0.2296875000000001 0.6546875 0.17187500000000008 0.6546875 0.17187500000000008 0.709375 0.2296875000000001 0.709375
0 0.15781250000000008 0.70625 0.10000000000000009 0.70625 0.10000000000000009 0.759375 0.15781250000000008 0.759375
0 0.1609375000000001 0.6453125 0.09375000000000008 0.6453125 0.09375000000000008 0.70625 0.1609375000000001 0.70625
0 0.14843750000000006 0.4046875 0.10468750000000004 0.4046875 0.10468750000000004 0.4734375 0.14843750000000006 0.4734375
0 0.08750000000000005 0.3484375 0.034375000000000044 0.3484375 0.03437500000000005 0.4265625 0.08750000000000005 0.4265625
0 0.02812500000000004 0.25625 3.138157422815093e-17 0.25625 3.568697313140334e-17 0.3265625 0.028125000000000046 0.3265625
0 0.02968750000000005 0.3859375 4.7263712404593165e-17 0.3859375 5.022965387127817e-17 0.434375 0.029687500000000054 0.434375
0 0.2593750000000001 0.6890625 0.19531250000000008 0.6890625 0.19531250000000008 0.7484375 0.2593750000000001 0.7484375
0 0.48125 0.59375 0.425 0.59375 0.425 0.646875 0.48125 0.646875
0 0.3500000000000001 0.6828125 0.3296875000000001 0.6828125 0.3296875000000001 0.7359375 0.3500000000000001 0.7359375
0 0.6515625 0.421875 0.5859375 0.421875 0.5859375 0.4828125 0.6515625 0.4828125
0 1 0.2718750000000001 0.9421875 0.2718750000000001 0.9421875 0.3312500000000001 1 0.3312500000000001
0 0.4640625 0.4265625 0.4078125 0.4265625 0.4078125 0.471875 0.4640625 0.471875
0 0.6593750000000002 0.8296875 0.6046875000000002 0.8296875 0.6046875000000002 0.8953125 0.6593750000000002 0.8953125
0 0.7125000000000001 0.871875 0.6500000000000001 0.871875 0.6500000000000001 0.9453125 0.7125000000000001 0.9453125
0 0.7625000000000002 0.921875 0.7015625000000002 0.921875 0.7015625000000002 0.9890625 0.7625000000000002 0.9890625
0 0.8140625 0.9640625 0.7562500000000002 0.9640625 0.7562500000000002 1 0.8140625 1
0 0.9703125 0.4359375000000002 0.9359375 0.4359375000000002 0.9359375 0.5062500000000002 0.9703125 0.5062500000000002
0 0.965625 0.5468750000000002 0.9296875 0.5468750000000002 0.9296875 0.6250000000000002 0.965625 0.6250000000000002
0 0.9671875 0.6437500000000002 0.9296875 0.6437500000000002 0.9296875 0.7109375000000002 0.9671875 0.7109375000000002
0 0.9546875 0.8140625 0.9203125 0.8140625 0.9203125 0.890625 0.9546875 0.890625
0 1 0.6406250000000002 0.953125 0.6406250000000002 0.953125 0.7234375000000002 1 0.7234375000000002