0 0.2765625 0.09531250000000004 0.2484375 0.09531250000000002 0.2484375 0.15468750000000003 0.2765625 0.15468750000000003
0 0.328125 0.057812500000000044 0.29375 0.057812500000000044 0.29375 0.12656250000000005 0.328125 0.12656250000000005
0 0.4265625 0.27031250000000007 0.3953125 0.27031250000000007 0.3953125 0.3187500000000001 0.4265625 0.3187500000000001
0 0.89375 0.26250000000000007 0.85625 0.26250000000000007 0.85625 0.3187500000000001 0.89375 0.3187500000000001
0 0.9546875 0.44062500000000016 0.9328125 0.44062500000000016 0.9328125 0.5156250000000002 0.9546875 0.5156250000000002
0 0.50625 0.3843750000000001 0.4578125 0.3843750000000001 0.4578125 0.428125 0.50625 0.428125
0 0.515625 0.4359375 0.471875 0.4359375 0.471875 0.4796875 0.515625 0.4796875
0 0.5796875 0.4078125 0.5328125 0.4078125 0.5328125 0.4578125 0.5796875 0.4578125
0 0.578125 0.3578125000000001 0.534375 0.3578125000000001 0.534375 0.4015625 0.578125 0.4015625
0 0.63125 0.3343750000000001 0.590625 0.3343750000000001 0.590625 0.3765625000000001 0.63125 0.3765625000000001
0 0.6453125 0.3781250000000001 0.5984375 0.3781250000000001 0.5984375 0.421875 0.6453125 0.421875
1 0.721875 0.3453125000000001 0.653125 0.3453125000000001 0.653125 0.409375 0.721875 0.409375
0 0.715625 0.3031250000000001 0.671875 0.3031250000000001 0.671875 0.3468750000000001 0.715625 0.3468750000000001
2 0.7515625 0.3828125000000001 0.5859375 0.3828125000000001 0.5859375 0.4953125000000001 0.7515625 0.49531250000000016
2 0.8984375 0.3734375000000001 0.79375 0.3734375000000001 0.79375 0.4937500000000002 0.8984375 0.4937500000000002
0 0.2515625000000001 0.9015625 0.2171875000000001 0.9015625 0.2171875000000001 0.9546875 0.2515625000000001 0.9546875
0 0.2078125000000001 0.8828125 0.17968750000000008 0.8828125 0.1796875000000001 0.928125 0.2078125000000001 0.928125
0 0.0953125000000001 0.9234375 0.06718750000000011 0.9234375 0.06718750000000011 0.9703125 0.0953125000000001 0.9703125
0 0.16875000000000012 0.8765625 0.14062500000000008 0.8765625 0.1406250000000001 0.91875 0.16875000000000012 0.91875
0 0.13750000000000012 0.8734375 0.11250000000000009 0.8734375 0.11250000000000011 0.9140625 0.13750000000000012 0.9140625
0 0.10625000000000011 0.871875 0.07656250000000012 0.871875 0.07656250000000012 0.9125 0.10625000000000014 0.9125
0 0.06093750000000011 0.8578125 0.0296875000000001 0.8578125 0.029687500000000106 0.9 0.06093750000000011 0.9
0 0.40156250000000016 0.7734375 0.38750000000000007 0.7734375 0.38750000000000007 0.8640625 0.40156250000000016 0.8640625
0 0.40312500000000007 0.6796875 0.3906250000000001 0.6796875 0.3906250000000001 0.7640625 0.4031250000000002 0.7640625
0 0.3453125000000001 0.7171875 0.33281250000000007 0.7171875 0.33281250000000007 0.815625 0.3453125000000001 0.815625
0 0.3468750000000001 0.615625 0.3359375000000001 0.615625 0.3359375000000001 0.6875 0.3468750000000001 0.6875
0 0.7468750000000002 0.7734375000000002 0.7281250000000001 0.7734375000000002 0.7281250000000001 0.815625 0.7468750000000002 0.815625
0 0.4703125 0.609375 0.4515625 0.609375 0.4515625 0.6296875 0.4703125 0.6296875
0 0.465625 0.653125 0.446875 0.653125 0.446875 0.690625 0.465625 0.690625
0 0.5046875 0.609375 0.4890625 0.609375 0.4890625 0.6390625 0.5046875 0.6390625
0 0.5015625 0.653125 0.4796875 0.653125 0.4796875 0.69375 0.5015625 0.69375
0 0.5421875 0.665625 0.5203125 0.665625 0.5203125 0.6984375 0.5421875 0.6984375
0 0.571875 0.665625 0.5546875 0.665625 0.5546875 0.703125 0.571875 0.703125
0 0.5453125 0.609375 0.5203125 0.609375 0.5203125 0.640625 0.5453125 0.640625
0 0.9546875 0.859375 0.9359375 0.859375 0.9359375 0.9 0.9546875 0.9
0 0.975 0.8625 0.95625 0.8625 0.95625 0.9 0.975 0.9
0 0.9984375 0.8625 0.9828125 0.8625 0.9828125 0.9046875 0.9984375 0.9046875