0 0.78125 0.0828125000000001 0.7421875 0.0828125000000001 0.7421875 0.15000000000000008 0.78125 0.15000000000000008
0 0.709375 0.17968750000000008 0.678125 0.17968750000000008 0.678125 0.2296875000000001 0.709375 0.2296875000000001
0 0.7546875 0.2406250000000001 0.7109375 0.2406250000000001 0.7109375 0.3031250000000001 0.7546875 0.3031250000000001
0 0.7078125 0.2390625000000001 0.6734375 0.2390625000000001 0.6734375 0.29375000000000007 0.7078125 0.29375000000000007
0 0.2078125000000001 0.74375 0.16562500000000008 0.74375 0.16562500000000008 0.803125 0.2078125000000001 0.803125
0 0.11718750000000014 0.915625 0.0875000000000001 0.915625 0.0875000000000001 0.9921875 0.11718750000000014 0.9921875
2 0.2093750000000001 0.8515625 0.1453125000000001 0.8515625 0.14531250000000012 0.98125 0.2093750000000001 0.98125
0 0.984375 0.83125 0.9609375 0.83125 0.9609375 0.871875 0.984375 0.871875
0 0.9578125 0.3296875000000001 0.940625 0.3296875000000001 0.940625 0.3703125000000001 0.9578125 0.3703125000000001
0 0.5906250000000002 0.8671875 0.5687500000000002 0.8671875 0.5687500000000002 0.90625 0.5906250000000002 0.90625
0 0.30156250000000007 0.8234375 0.2750000000000001 0.8234375 0.2750000000000001 0.8625 0.30156250000000007 0.8625
0 0.22031250000000008 0.86875 0.2093750000000001 0.86875 0.2093750000000001 0.9125 0.22031250000000008 0.9125
0 0.81875 0.6265625000000001 0.7921875 0.6265625000000001 0.7921875 0.6781250000000002 0.81875 0.6781250000000002
0 0.2375000000000001 0.8765625 0.2234375000000001 0.8765625 0.2234375000000001 0.9109375 0.2375000000000001 0.9109375
0 0.8046875 0.6859375000000002 0.78125 0.6859375000000002 0.7812500000000001 0.7296875000000002 0.8046875 0.7296875000000002
0 0.803125 0.7500000000000002 0.7796875000000002 0.7500000000000002 0.7796875000000002 0.7890625000000002 0.803125 0.7890625000000002
0 0.76875 0.7000000000000002 0.7484375 0.7000000000000002 0.7484375000000001 0.7390625000000002 0.7687500000000002 0.7390625000000002
0 0.7750000000000001 0.7484375000000002 0.7484375000000002 0.7484375000000002 0.7484375000000002 0.7921875000000002 0.7750000000000001 0.7921875000000002
0 0.7375000000000002 0.7546875000000001 0.7140625000000002 0.7546875 0.7140625000000002 0.7937500000000001 0.7375000000000002 0.7937500000000002
0 0.7062500000000002 0.75625 0.6859375000000002 0.75625 0.6859375000000002 0.7953125 0.7062500000000002 0.7953125
0 0.7421875000000001 0.6921875000000001 0.7140625 0.6921875 0.7140625 0.7359375000000001 0.7421875000000002 0.7359375000000001
0 0.71875 0.6296875 0.6921875 0.6296875 0.6921875 0.678125 0.71875 0.678125
0 0.6609375 0.6375 0.6359375 0.6375 0.6359375 0.684375 0.6609375 0.684375
0 0.625 0.6359375 0.5984375 0.6359375 0.5984375 0.6875 0.625 0.6875
0 0.5953125 0.6421875 0.5765625 0.6421875 0.5765625 0.6859375 0.5953125 0.6859375
0 0.5671875 0.6421875 0.54375 0.6421875 0.54375 0.68125 0.5671875 0.68125
0 0.5265625 0.6390625 0.5015625 0.6390625 0.5015625 0.6859375 0.5265625 0.6859375
0 0.27656250000000004 0.3296875 0.2515625 0.3296875 0.2515625 0.3953125 0.2765625000000001 0.3953125
0 0.3078125000000001 0.9234375 0.28593750000000007 0.9234375 0.28593750000000007 0.9640625 0.3078125000000001 0.9640625
0 0.2875000000000001 0.925 0.2671875000000001 0.925 0.2671875000000001 0.9609375 0.2875000000000001 0.9609375
0 0.2609375000000001 0.91875 0.24218750000000008 0.91875 0.24218750000000008 0.9625 0.2609375000000001 0.9625
0 0.23437500000000008 0.91875 0.2093750000000001 0.91875 0.2093750000000001 0.9578125 0.23437500000000008 0.9578125
0 0.2562500000000001 0.5921875 0.23437500000000008 0.5921875 0.23437500000000008 0.628125 0.2562500000000001 0.628125
0 0.3968750000000001 0.6 0.3750000000000001 0.6 0.3750000000000001 0.634375 0.3968750000000001 0.634375
0 0.415625 0.6015625 0.39531250000000007 0.6015625 0.39531250000000007 0.640625 0.415625 0.640625
0 0.440625 0.5921875 0.415625 0.5921875 0.415625 0.6390625 0.440625 0.6390625
0 0.465625 0.6 0.44375 0.6 0.44375 0.6375 0.465625 0.6375
0 0.4828125 0.5984375 0.4671875 0.5984375 0.4671875 0.634375 0.4828125 0.634375
0 0.5078125 0.5984375 0.4875 0.5984375 0.4875 0.6328125 0.5078125 0.6328125
0 0.5328125 0.596875 0.509375 0.596875 0.509375 0.6359375 0.5328125 0.6359375
0 0.5609375 0.596875 0.5390625 0.596875 0.5390625 0.634375 0.5609375 0.634375
0 0.5859375 0.59375 0.5640625 0.59375 0.5640625 0.6328125 0.5859375 0.6328125
0 0.6078125 0.59375 0.5875 0.59375 0.5875 0.6328125 0.6078125 0.6328125
0 0.63125 0.59375 0.6125 0.59375 0.6125 0.6328125 0.63125 0.6328125
0 0.6546875 0.59375 0.634375 0.59375 0.634375 0.6296875 0.6546875 0.6296875
0 0.6765625 0.590625 0.6578125 0.590625 0.6578125 0.6265625 0.6765625 0.6265625
0 0.7015625 0.590625 0.6796875 0.590625 0.6796875 0.6265625 0.7015625 0.6265625
0 0.42968750000000017 0.8375 0.40937500000000016 0.8375 0.40937500000000016 0.878125 0.42968750000000017 0.878125
2 0.7859375 0.6031250000000001 0.721875 0.603125 0.721875 0.6843750000000001 0.7859375 0.6843750000000002