0 0.38906250000000003 0.3296875 0.353125 0.3296875 0.353125 0.384375 0.3890625000000001 0.3843750000000001
0 0.93125 0.1578125000000001 0.90625 0.15781250000000008 0.90625 0.22031250000000008 0.93125 0.22031250000000008
0 0.896875 0.1828125000000001 0.8703125 0.1828125000000001 0.8703125 0.2500000000000001 0.896875 0.2500000000000001
0 0.834375 0.0593750000000001 0.809375 0.05937500000000009 0.809375 0.12500000000000008 0.834375 0.12500000000000008
0 0.8015625 0.0375000000000001 0.7734375 0.0375000000000001 0.7734375 0.10937500000000008 0.8015625 0.10937500000000008
0 0.8546875 0.2687500000000001 0.828125 0.2687500000000001 0.828125 0.3390625000000001 0.8546875 0.3390625000000001
0 0.7984375 0.3234375000000001 0.771875 0.3234375000000001 0.771875 0.3890625000000001 0.7984375 0.3890625000000001
0 0.5843750000000002 0.846875 0.5375000000000002 0.846875 0.5375000000000002 0.8890625 0.5843750000000002 0.8890625
0 0.5312500000000002 0.8015625 0.48750000000000016 0.8015625 0.48750000000000016 0.8390625 0.5312500000000002 0.8390625
0 0.5093750000000001 0.85 0.4625000000000002 0.85 0.4625000000000002 0.8921875 0.5093750000000001 0.8921875
0 0.5000000000000002 0.9 0.45312500000000017 0.9 0.45312500000000017 0.940625 0.5000000000000002 0.940625
0 0.44062500000000016 0.815625 0.3968750000000001 0.815625 0.3968750000000001 0.8578125 0.44062500000000016 0.8578125
0 0.42968750000000017 0.8578125 0.3859375000000001 0.8578125 0.3859375000000001 0.903125 0.42968750000000017 0.903125
0 0.3078125000000001 0.878125 0.26250000000000007 0.878125 0.26250000000000007 0.921875 0.3078125000000001 0.921875
0 0.026562500000000117 0.9203125 1.1270577573402985e-16 0.9203125 1.1567171720071485e-16 0.96875 0.02656250000000012 0.96875
1 0.5890625000000002 0.8875 0.5515625000000002 0.8875 0.5515625000000002 0.9421875 0.5890625000000002 0.9421875
3 0.36406250000000007 0.815625 0.3125000000000001 0.815625 0.3125000000000001 0.865625 0.36406250000000007 0.865625
3 0.2968750000000001 0.8234375 0.22656250000000008 0.8234375 0.22656250000000008 0.878125 0.2968750000000001 0.878125
0 0.99375 0.6390625000000002 0.959375 0.6390625000000002 0.959375 0.7484375000000002 0.99375 0.7484375000000002
0 0.94375 0.6015625000000002 0.896875 0.6015625000000002 0.896875 0.6984375000000002 0.94375 0.6984375000000002
0 0.725 0.4109375 0.6890625 0.4109375 0.6890625 0.4546875 0.725 0.4546875
0 0.884375 0.6921875000000002 0.846875 0.6921875000000002 0.846875 0.7390625000000002 0.884375 0.7390625000000002
0 0.846875 0.6859375000000002 0.8109375 0.6859375000000002 0.8109375 0.7296875000000002 0.846875 0.7296875000000002
0 0.7859375 0.6718750000000002 0.753125 0.6718750000000002 0.753125 0.7171875000000002 0.7859375 0.7171875000000002
0 0.7515625 0.6703125000000001 0.7171875 0.6703125 0.7171875 0.7156250000000001 0.7515625 0.7156250000000002
0 0.7140625 0.671875 0.68125 0.671875 0.68125 0.7203125 0.7140625 0.7203125
0 0.6765625000000001 0.6734375 0.6390625 0.6734375 0.6390625000000001 0.728125 0.6765625000000002 0.728125
0 0.6375 0.6796875 0.6046875 0.6796875 0.6046875 0.725 0.6375 0.725
3 0.703125 0.475 0.6609375 0.475 0.6609375 0.540625 0.703125 0.540625