0 0.0890625 8.610797806504827e-18 0.0515625 6.31458505810354e-18 0.0515625 0.01875000000000001 0.0890625 0.01875000000000001
0 0.084375 0.026562500000000006 0.0359375 0.0265625 0.035937500000000004 0.0984375 0.08437500000000002 0.0984375
0 0.2406250000000001 0.6265625 0.1984375000000001 0.6265625 0.1984375000000001 0.684375 0.2406250000000001 0.684375
0 0.23593750000000008 0.6640625 0.19531250000000008 0.6640625 0.19531250000000008 0.6890625 0.23593750000000008 0.6890625
0 0.9875 0.3515625000000001 0.9203125 0.3515625000000001 0.9203125 0.4156250000000002 0.9875 0.4156250000000002
0 1 0.01875000000000012 0.9734375 0.018750000000000117 0.9734375 0.10312500000000013 1 0.10312500000000013
0 0.9390625 0.29375000000000007 0.878125 0.29375000000000007 0.878125 0.3546875000000001 0.9390625 0.3546875000000001
0 0.5328125 0.2328125000000001 0.4609375 0.2328125000000001 0.4609375 0.30156250000000007 0.5328125 0.30156250000000007
0 0.8671875 0.3625000000000001 0.79375 0.3625000000000001 0.79375 0.42968750000000017 0.8671875 0.42968750000000017
0 0.884375 0.6343750000000001 0.8265625 0.6343750000000001 0.8265625 0.6890625000000001 0.884375 0.6890625000000001
0 0.459375 0.3546875000000001 0.41875 0.3546875000000001 0.41875 0.4234375 0.459375 0.4234375
0 0.521875 0.54375 0.4796875 0.54375 0.4796875 0.6140625 0.521875 0.6140625
0 0.484375 0.5203125 0.4390625 0.5203125 0.4390625 0.6015625 0.484375 0.6015625
0 0.4546875 0.5234375 0.41875 0.5234375 0.41875 0.6078125 0.4546875 0.6078125
0 0.25468750000000007 0.7890625 0.20468750000000008 0.7890625 0.20468750000000008 0.8328125 0.25468750000000007 0.8328125
0 0.2328125000000001 0.984375 0.18281250000000013 0.984375 0.18281250000000013 1 0.2328125000000001 1
0 0.9921875 0.7734375000000002 0.9265625 0.7734375000000002 0.9265625 0.8359375 0.9921875 0.8359375
0 0.7515625 0.6890625000000001 0.690625 0.6890625 0.690625 0.7093750000000001 0.7515625 0.7093750000000002
0 0.7234375000000001 0.721875 0.6515625 0.721875 0.6515625 0.790625 0.7234375000000002 0.790625
0 1 0.840625 0.978125 0.840625 0.978125 0.90625 1 0.90625
0 0.46093750000000017 0.7734375 0.4187500000000002 0.7734375 0.4187500000000002 0.84375 0.46093750000000017 0.84375
0 0.4984375000000002 0.875 0.4515625000000002 0.875 0.4515625000000002 0.9546875 0.4984375000000002 0.9546875
0 0.5203125000000002 0.965625 0.47968750000000016 0.965625 0.47968750000000016 1 0.5203125000000002 1
0 0.4937500000000002 0.9546875 0.4421875000000002 0.9546875 0.4421875000000002 1 0.4937500000000002 1
0 0.45625000000000016 0.940625 0.4187500000000002 0.940625 0.4187500000000002 1 0.45625000000000016 1