0 0.13125000000000003 0.2125 0.10781250000000005 0.2125 0.10781250000000005 0.25625 0.13125000000000003 0.25625
0 0.14218750000000005 0.2640625 0.12031250000000004 0.2640625 0.12031250000000004 0.3078125 0.14218750000000005 0.3078125
0 0.17656250000000004 0.275 0.15625000000000006 0.275 0.15625000000000006 0.309375 0.17656250000000004 0.309375
0 0.2140625 0.265625 0.18593750000000003 0.265625 0.18593750000000003 0.309375 0.2140625 0.309375
0 0.2359375 0.2046875 0.209375 0.2046875 0.209375 0.246875 0.2359375 0.246875
0 0.2921875 0.2078125 0.26875 0.2078125 0.26875 0.25 0.2921875 0.25
0 0.3328125 0.20625 0.3046875 0.20625 0.3046875 0.25 0.3328125 0.25
0 0.353125 0.2078125 0.334375 0.2078125 0.334375 0.2515625 0.353125 0.2515625
0 0.384375 0.20625000000000004 0.3609375 0.20625 0.3609375 0.24531250000000004 0.384375 0.2453125000000001
0 0.428125 0.2015625000000001 0.4015625 0.2015625000000001 0.4015625 0.24375000000000008 0.428125 0.24375000000000008
0 0.5296875 0.15312500000000004 0.5109375 0.15312500000000004 0.5109375 0.19218750000000004 0.5296875 0.19218750000000004
0 0.5109375 0.15312500000000004 0.4859375 0.15312500000000004 0.4859375 0.19531250000000006 0.5109375 0.19531250000000006
0 0.4859375 0.15625000000000006 0.4625 0.15625000000000006 0.4625 0.19531250000000006 0.4859375 0.19531250000000006
0 0.4609375 0.15937500000000004 0.44375 0.15937500000000004 0.44375 0.19375000000000003 0.4609375 0.19375000000000003
0 0.440625 0.15781250000000005 0.4203125 0.15781250000000005 0.4203125 0.19218750000000004 0.440625 0.19218750000000004
0 0.4171875 0.15625000000000006 0.39375 0.15625000000000006 0.39375 0.19531250000000006 0.4171875 0.19531250000000006
0 0.3890625 0.15937500000000004 0.365625 0.15937500000000004 0.365625 0.19687500000000005 0.3890625 0.19687500000000005
0 0.3640625 0.15937500000000004 0.3421875 0.15937500000000004 0.3421875 0.19687500000000005 0.3640625 0.19687500000000005
0 0.340625 0.16250000000000003 0.3203125 0.16250000000000003 0.3203125 0.19687500000000005 0.340625 0.19687500000000005
0 0.3171875 0.16250000000000003 0.2984375 0.16250000000000003 0.2984375 0.19687500000000005 0.3171875 0.19687500000000005
0 0.2953125 0.16406250000000006 0.2734375 0.16406250000000006 0.2734375 0.19843750000000004 0.2953125 0.19843750000000004
0 0.2703125 0.16250000000000003 0.2515625 0.16250000000000003 0.2515625 0.19687500000000005 0.2703125 0.19687500000000005
0 0.2484375 0.16093750000000004 0.2265625 0.16093750000000004 0.2265625 0.19843750000000004 0.2484375 0.19843750000000004
2 0.20625 0.18593750000000003 0.14218750000000005 0.1859375 0.14218750000000005 0.2609375 0.20625 0.2609375
0 0.9640625 0.10937500000000014 0.946875 0.10937500000000014 0.946875 0.17968750000000014 0.9640625 0.17968750000000014
0 0.3078125000000001 0.5640625 0.2515625000000001 0.5640625 0.2515625000000001 0.6171875 0.3078125000000001 0.6171875
0 0.06093750000000009 0.6890625 0.0031250000000000847 0.6890625 0.0031250000000000873 0.7421875 0.06093750000000009 0.7421875
0 0.10781250000000009 0.7078125 0.04531250000000009 0.7078125 0.04531250000000009 0.7625 0.10781250000000009 0.7625
0 0.30156250000000007 0.403125 0.2468750000000001 0.403125 0.2468750000000001 0.4421875 0.30156250000000007 0.4421875
0 0.15312500000000004 0.309375 0.09843750000000004 0.309375 0.09843750000000004 0.34375 0.15312500000000004 0.34375
0 0.09531250000000005 0.309375 0.06250000000000004 0.309375 0.06250000000000004 0.3515625 0.09531250000000005 0.3515625
0 0.14375000000000013 0.99375 0.0875000000000001 0.99375 0.08750000000000012 1 0.14375000000000013 1
0 0.49218750000000017 0.79375 0.4359375000000002 0.79375 0.4359375000000002 0.859375 0.49218750000000017 0.859375
0 0.5296875000000002 0.8328125 0.4828125000000002 0.8328125 0.4828125000000002 0.9078125 0.5296875000000002 0.9078125
2 0.6921875000000002 0.9625 0.5531250000000002 0.9625 0.5531250000000002 1 0.6921875000000002 1
3 0.6984375 0.4296875 0.66875 0.4296875 0.66875 0.5109375 0.6984375 0.5109375
0 0.5437500000000002 0.890625 0.5296875000000002 0.890625 0.5296875000000002 0.934375 0.5437500000000002 0.934375
0 0.95625 0.8890625 0.90625 0.8890625 0.90625 0.9453125 0.95625 0.9453125
0 0.6859375 0.60625 0.65625 0.60625 0.65625 0.690625 0.6859375 0.690625
0 0.7203125000000001 0.696875 0.6921875 0.696875 0.6921875000000001 0.7671875 0.7203125000000001 0.7671875
0 0.7640625000000002 0.7531250000000002 0.7359375000000001 0.7531250000000002 0.7359375000000001 0.828125 0.7640625000000002 0.828125
0 0.7718750000000002 0.9671875 0.7453125000000002 0.9671875 0.7453125000000002 1 0.7718750000000002 1
0 0.8625 0.6859375000000002 0.8109375 0.6859375000000002 0.8109375 0.7406250000000002 0.8625 0.7406250000000002
0 1 0.7859375000000002 0.9609375 0.7859375000000002 0.9609375 0.8203125 1 0.8203125
0 0.99375 0.7390625000000002 0.946875 0.7390625000000002 0.946875 0.7781250000000002 0.99375 0.7781250000000002