0 0.02968750000000008 0.60625 0.009375000000000074 0.60625 0.009375000000000078 0.6484375 0.02968750000000008 0.6484375
0 0.3687500000000001 0.809375 0.3609375000000001 0.809375 0.3609375000000001 0.8890625 0.3687500000000001 0.8890625
0 0.37968750000000007 0.6734375 0.35625000000000007 0.6734375 0.35625000000000007 0.725 0.37968750000000007 0.725
0 0.4765625000000001 0.7140625 0.4546875 0.7140625 0.4546875000000001 0.765625 0.47656250000000017 0.765625
0 0.2140625000000001 0.4359375 0.19218750000000004 0.4359375 0.19218750000000004 0.4828125 0.2140625000000001 0.4828125
0 0.4515625000000001 0.721875 0.4390625 0.721875 0.4390625000000001 0.7640625 0.4515625000000002 0.7640625
0 0.22031250000000008 0.49375 0.2015625000000001 0.49375 0.2015625000000001 0.540625 0.22031250000000008 0.540625
0 0.21875000000000008 0.5484375 0.1984375000000001 0.5484375 0.1984375000000001 0.5984375 0.21875000000000008 0.5984375
0 0.2531250000000001 0.5125 0.23593750000000008 0.5125 0.23593750000000008 0.5546875 0.2531250000000001 0.5546875
0 0.2484375000000001 0.5515625 0.22656250000000008 0.5515625 0.22656250000000008 0.609375 0.2484375000000001 0.609375
0 0.11718750000000014 0.91875 0.10937500000000014 0.91875 0.10937500000000014 0.996875 0.11718750000000014 0.996875
0 0.2843750000000001 0.56875 0.26250000000000007 0.56875 0.26250000000000007 0.615625 0.2843750000000001 0.615625
0 0.3109375000000001 0.5765625 0.29375000000000007 0.5765625 0.29375000000000007 0.61875 0.3109375000000001 0.61875
0 0.2875000000000001 0.5109375 0.2640625000000001 0.5109375 0.2640625000000001 0.55625 0.2875000000000001 0.55625
0 0.3140625000000001 0.4453125 0.2921875000000001 0.4453125 0.2921875000000001 0.5015625 0.3140625000000001 0.5015625
0 0.3703125000000001 0.471875 0.3500000000000001 0.471875 0.3500000000000001 0.5171875 0.3703125000000001 0.5171875
0 0.409375 0.4703125 0.3859375000000001 0.4703125 0.3859375000000001 0.5234375 0.409375 0.5234375
0 0.4296875 0.4828125 0.4140625 0.4828125 0.4140625 0.521875 0.4296875 0.521875
0 0.4609375 0.4828125 0.4421875 0.4828125 0.4421875 0.528125 0.4609375 0.528125
0 0.50625 0.4890625 0.4828125 0.4890625 0.4828125 0.5359375 0.50625 0.5359375
0 0.6953125 0.1312500000000001 0.6859375 0.1312500000000001 0.6859375 0.19687500000000008 0.6953125 0.19687500000000008
0 0.778125 0.20468750000000008 0.759375 0.20468750000000008 0.759375 0.2812500000000001 0.778125 0.2812500000000001
0 0.6921875000000002 0.784375 0.6750000000000002 0.784375 0.6750000000000002 0.8265625 0.6921875000000002 0.8265625
0 0.7140625000000002 0.784375 0.6953125000000002 0.784375 0.6953125000000002 0.8265625 0.7140625000000002 0.8265625
0 0.7375000000000002 0.7875000000000001 0.7218750000000002 0.7875 0.7218750000000002 0.8296875 0.7375000000000002 0.8296875
0 0.7718750000000002 0.7859375000000002 0.7484375000000002 0.7859375000000002 0.7484375000000002 0.8296875 0.7718750000000002 0.8296875
0 0.7968750000000002 0.7937500000000002 0.7765625000000002 0.7937500000000002 0.7765625000000002 0.8359375 0.7968750000000002 0.8359375
0 0.8171875 0.7968750000000002 0.8 0.7968750000000002 0.8 0.8421875 0.8171875 0.8421875
0 0.9953125 0.5000000000000002 0.9765625 0.5000000000000002 0.9765625 0.5437500000000002 0.9953125 0.5437500000000002
0 0.975 0.49531250000000016 0.9546875 0.49531250000000016 0.9546875 0.5390625000000002 0.975 0.5390625000000002
0 0.946875 0.49218750000000017 0.928125 0.49218750000000017 0.928125 0.5343750000000002 0.946875 0.5343750000000002
0 0.921875 0.4890625000000002 0.9046875 0.4890625000000002 0.9046875 0.5312500000000002 0.921875 0.5312500000000002
0 0.8984375 0.47968750000000016 0.878125 0.47968750000000016 0.878125 0.5296875000000002 0.8984375 0.5296875000000002
0 0.86875 0.47968750000000016 0.85 0.47968750000000016 0.85 0.5250000000000001 0.86875 0.5250000000000001
0 0.8421875 0.47656250000000017 0.821875 0.47656250000000017 0.821875 0.5218750000000002 0.8421875 0.5218750000000002
0 0.775 0.4671875000000002 0.75625 0.4671875000000002 0.75625 0.5140625000000002 0.775 0.5140625000000002
0 0.634375 0.4625 0.615625 0.4625 0.615625 0.503125 0.634375 0.503125
0 0.6140625 0.4609375 0.5984375 0.4609375 0.5984375 0.50625 0.6140625 0.50625
0 0.59375 0.4484375 0.571875 0.4484375 0.571875 0.5015625 0.59375 0.5015625
0 0.5671875 0.4609375 0.546875 0.4609375 0.546875 0.4984375 0.5671875 0.4984375
0 0.5421875 0.453125 0.5296875 0.453125 0.5296875 0.4953125 0.5421875 0.4953125
0 0.5234375 0.45 0.50625 0.45 0.50625 0.4890625 0.5234375 0.4890625
0 0.5 0.4390625 0.4796875 0.4390625 0.4796875 0.4890625 0.5 0.4890625
0 0.471875 0.434375 0.453125 0.434375 0.453125 0.48125 0.471875 0.48125
0 0.446875 0.434375 0.428125 0.434375 0.428125 0.4765625 0.446875 0.4765625
0 0.4234375 0.428125 0.40625 0.428125 0.40625 0.4734375 0.4234375 0.4734375
0 0.3984375000000001 0.4234375 0.3828125000000001 0.4234375 0.3828125000000001 0.4703125 0.3984375000000001 0.4703125
0 0.3765625000000001 0.421875 0.3593750000000001 0.421875 0.3593750000000001 0.4640625 0.3765625000000001 0.4640625
0 0.3531250000000001 0.415625 0.3375000000000001 0.415625 0.3375000000000001 0.4609375 0.3531250000000001 0.4609375
0 0.3312500000000001 0.4125 0.3140625000000001 0.4125 0.3140625000000001 0.4546875 0.3312500000000001 0.4546875
0 0.2890625000000001 0.6765625 0.2718750000000001 0.6765625 0.2718750000000001 0.721875 0.2890625000000001 0.721875
2 0.2843750000000001 0.4015625 0.22656250000000008 0.4015625 0.22656250000000008 0.5 0.2843750000000001 0.5