0 0.63125 0.33281250000000007 0.6078125 0.33281250000000007 0.6078125 0.3765625000000001 0.63125 0.3765625000000001
0 0.659375 0.3218750000000001 0.640625 0.3218750000000001 0.640625 0.3593750000000001 0.659375 0.3593750000000001
0 0.19375000000000003 0.334375 0.17031250000000003 0.334375 0.17031250000000003 0.378125 0.19375000000000003 0.378125
0 0.496875 0.13281250000000006 0.4734375 0.13281250000000006 0.4734375 0.17187500000000006 0.496875 0.17187500000000006
0 0.4890625 0.18125000000000005 0.465625 0.18125000000000005 0.465625 0.2234375000000001 0.4890625 0.2234375000000001
0 0.4875 0.24375000000000008 0.4640625 0.24375000000000008 0.4640625 0.2828125000000001 0.4875 0.2828125000000001
0 0.4484375 0.19218750000000004 0.4296875 0.19218750000000004 0.4296875 0.22812500000000008 0.4484375 0.22812500000000008
0 0.4546875 0.2390625000000001 0.428125 0.2390625000000001 0.428125 0.2812500000000001 0.4546875 0.2812500000000001
0 0.4125 0.2484375000000001 0.3875 0.2484375000000001 0.3875 0.2828125000000001 0.4125 0.2828125000000001
0 0.378125 0.24375000000000005 0.3578125 0.24375 0.3578125 0.2828125 0.378125 0.2828125000000001
0 0.41875 0.18281250000000004 0.390625 0.18281250000000004 0.390625 0.22656250000000008 0.41875 0.22656250000000008
0 0.3921875 0.11875000000000005 0.365625 0.11875000000000005 0.365625 0.16250000000000003 0.3921875 0.16250000000000003
0 0.334375 0.12500000000000006 0.309375 0.12500000000000006 0.309375 0.16406250000000006 0.334375 0.16406250000000006
0 0.296875 0.11875000000000005 0.2703125 0.11875000000000005 0.2703125 0.16562500000000005 0.296875 0.16562500000000005
0 0.2703125 0.12343750000000005 0.2515625 0.12343750000000005 0.2515625 0.16718750000000004 0.2703125 0.16718750000000004
0 0.2421875 0.12031250000000004 0.21875 0.12031250000000004 0.21875 0.15937500000000004 0.2421875 0.15937500000000004
0 0.2015625 0.11718750000000003 0.175 0.1171875 0.175 0.15937500000000002 0.2015625 0.15937500000000004
0 0.07343750000000002 0.0671875 0.05 0.0671875 0.05000000000000001 0.1046875 0.07343750000000002 0.1046875
0 0.0921875 0.07031250000000001 0.071875 0.0703125 0.07187500000000001 0.1078125 0.09218750000000002 0.1078125
0 0.115625 0.06718750000000001 0.090625 0.0671875 0.09062500000000001 0.109375 0.115625 0.109375
0 0.140625 0.07187500000000002 0.11875 0.07187500000000002 0.11875 0.109375 0.140625 0.109375
0 0.159375 0.07343750000000002 0.14375 0.07343750000000002 0.14375 0.1078125 0.159375 0.1078125
0 0.1828125 0.07343750000000002 0.1640625 0.07343750000000002 0.1640625 0.10781250000000002 0.1828125 0.10781250000000005
0 0.209375 0.07343750000000002 0.1859375 0.07343750000000002 0.1859375 0.11250000000000004 0.209375 0.11250000000000004
0 0.2359375 0.07656250000000002 0.2140625 0.07656250000000002 0.2140625 0.10937500000000004 0.2359375 0.10937500000000004
0 0.2609375 0.07500000000000002 0.2390625 0.07500000000000002 0.2390625 0.10937500000000004 0.2609375 0.10937500000000004
0 0.2828125 0.07968750000000004 0.2625 0.07968750000000002 0.2625 0.11250000000000004 0.2828125 0.11250000000000004
0 0.30625 0.07968750000000005 0.2875 0.07968750000000005 0.2875 0.11406250000000004 0.30625 0.11406250000000004
0 0.3296875 0.07656250000000005 0.3078125 0.07656250000000005 0.3078125 0.11406250000000004 0.3296875 0.11406250000000004
0 0.3515625 0.07656250000000005 0.3328125 0.07656250000000005 0.3328125 0.11093750000000005 0.3515625 0.11093750000000005
0 0.375 0.07812500000000004 0.353125 0.07812500000000004 0.353125 0.11250000000000004 0.375 0.11250000000000004
2 0.4609375 0.10156250000000004 0.396875 0.10156250000000004 0.396875 0.17656250000000004 0.4609375 0.17656250000000004
0 0.8078125 0.12656250000000008 0.7734375 0.12656250000000008 0.7734375 0.1828125000000001 0.8078125 0.1828125000000001
0 0.24375000000000008 0.625 0.2062500000000001 0.625 0.2062500000000001 0.6890625 0.24375000000000008 0.6890625
0 0.09218750000000006 0.4796875 0.05156250000000007 0.4796875 0.05156250000000007 0.53125 0.09218750000000006 0.53125
0 1 0.6406250000000002 0.98125 0.6406250000000002 0.98125 0.6921875000000002 1 0.6921875000000002
0 0.7875000000000002 0.9109375 0.7656250000000002 0.9109375 0.7656250000000002 0.95625 0.7875000000000002 0.95625
0 0.7671875000000001 0.9109375 0.7453125000000002 0.9109375 0.7453125000000002 0.9546875 0.7671875000000001 0.9546875
0 0.7406250000000002 0.9078125 0.7203125000000001 0.9078125 0.7203125000000001 0.95625 0.7406250000000002 0.95625
0 0.7140625000000002 0.9078125 0.6875000000000002 0.9078125 0.6875000000000002 0.9546875 0.7140625000000002 0.9546875
0 0.6859375000000002 0.9109375 0.6609375000000002 0.9109375 0.6609375000000002 0.9578125 0.6859375000000002 0.9578125
0 0.671875 0.5984375 0.659375 0.5984375 0.659375 0.640625 0.671875 0.640625
0 0.740625 0.5921875000000001 0.7171875 0.5921875 0.7171875 0.6406250000000001 0.740625 0.6406250000000002
0 0.88125 0.6031250000000001 0.8578125 0.6031250000000001 0.8578125 0.6453125000000002 0.88125 0.6453125000000002
0 0.8984375 0.6031250000000001 0.878125 0.6031250000000001 0.878125 0.6468750000000002 0.8984375 0.6468750000000002
0 0.925 0.5921875000000002 0.8984375 0.5921875000000002 0.8984375 0.6468750000000002 0.925 0.6468750000000002
0 0.9484375 0.6046875000000002 0.925 0.6046875000000002 0.925 0.6468750000000002 0.9484375 0.6468750000000002
0 0.9671875 0.6000000000000002 0.95 0.6000000000000002 0.95 0.6453125000000002 0.9671875 0.6453125000000002
0 0.990625 0.6000000000000002 0.9703125 0.6000000000000002 0.9703125 0.6390625000000002 0.990625 0.6390625000000002
0 1 0.5906250000000002 0.9921875 0.5906250000000002 0.9921875 0.6390625000000002 1 0.6390625000000002