0 0.6890625 0.3593750000000001 0.678125 0.3593750000000001 0.678125 0.4046875 0.6890625 0.4046875
0 0.653125 0.2500000000000001 0.628125 0.2500000000000001 0.628125 0.2968750000000001 0.653125 0.2968750000000001
0 0.6171875 0.2468750000000001 0.5890625 0.2468750000000001 0.5890625 0.30156250000000007 0.6171875 0.30156250000000007
0 0.5890625 0.2578125000000001 0.5703125 0.2578125000000001 0.5703125 0.2984375000000001 0.5890625 0.2984375000000001
0 0.5609375 0.2562500000000001 0.5375 0.2562500000000001 0.5375 0.2984375000000001 0.5609375 0.2984375000000001
0 0.51875 0.25468750000000007 0.4921875 0.25468750000000007 0.4921875 0.3031250000000001 0.51875 0.3031250000000001
0 0.26875 3.138157422815093e-17 0.24375 2.985076572921674e-17 0.24375 0.025000000000000033 0.26875 0.025000000000000033
0 0.02500000000000003 0.2234375 0.003125000000000028 0.2234375 0.0031250000000000305 0.2671875 0.025000000000000033 0.2671875
0 0.04843750000000003 0.2171875 0.025000000000000022 0.2171875 0.02500000000000003 0.2640625 0.048437500000000036 0.2640625
0 0.07500000000000002 0.21875 0.05312500000000002 0.21875 0.05312500000000002 0.2625 0.07500000000000002 0.2625
0 0.09843750000000002 0.21875 0.07812500000000003 0.21875 0.07812500000000003 0.2625 0.09843750000000002 0.2625
0 0.12656250000000005 0.209375 0.10000000000000005 0.209375 0.10000000000000005 0.2625 0.12656250000000005 0.2625
0 0.15312500000000004 0.215625 0.13281250000000006 0.215625 0.13281250000000006 0.25625 0.15312500000000004 0.25625
0 0.18281250000000004 0.2140625 0.15937500000000004 0.2140625 0.15937500000000004 0.2578125 0.18281250000000004 0.2578125
0 0.2484375 0.209375 0.2265625 0.209375 0.2265625 0.2546875 0.2484375 0.2546875
0 0.3890625 0.21875000000000008 0.3671875 0.21875000000000008 0.3671875 0.2593750000000001 0.3890625 0.2593750000000001
0 0.4078125 0.2156250000000001 0.3875 0.2156250000000001 0.3875 0.2593750000000001 0.4078125 0.2593750000000001
0 0.4328125 0.2078125000000001 0.40625 0.2078125000000001 0.40625 0.2609375000000001 0.4328125 0.2609375000000001
0 0.4578125 0.22031250000000008 0.434375 0.22031250000000008 0.434375 0.2593750000000001 0.4578125 0.2593750000000001
0 0.475 0.2140625000000001 0.4578125 0.2140625000000001 0.4578125 0.25468750000000007 0.475 0.25468750000000007
0 0.5 0.21250000000000008 0.4796875 0.21250000000000008 0.4796875 0.2531250000000001 0.5 0.2531250000000001
0 0.5265625 0.20468750000000008 0.5015625 0.20468750000000008 0.5015625 0.2562500000000001 0.5265625 0.2562500000000001
0 0.553125 0.2093750000000001 0.53125 0.2093750000000001 0.53125 0.2500000000000001 0.553125 0.2500000000000001
0 0.578125 0.2062500000000001 0.5546875 0.2062500000000001 0.5546875 0.2500000000000001 0.578125 0.2500000000000001
0 0.6 0.20312500000000008 0.5796875 0.20312500000000008 0.5796875 0.2484375000000001 0.6 0.2484375000000001
0 0.6234375 0.20312500000000008 0.6046875 0.20312500000000008 0.6046875 0.2484375000000001 0.6234375 0.2484375000000001
0 0.646875 0.2000000000000001 0.6265625 0.2000000000000001 0.6265625 0.24375000000000008 0.646875 0.24375000000000008
0 0.6703125 0.1984375000000001 0.6515625 0.1984375000000001 0.6515625 0.24375000000000008 0.6703125 0.24375000000000008
0 0.6890625 0.19687500000000008 0.671875 0.19687500000000008 0.671875 0.2375000000000001 0.6890625 0.2375000000000001
3 0.7296875 0.06875000000000009 0.6890625 0.06875000000000009 0.6890625 0.1468750000000001 0.7296875 0.1468750000000001
0 0.821875 0.2796875000000001 0.7765625 0.2796875000000001 0.7765625 0.31718750000000007 0.821875 0.31718750000000007
0 0.3906250000000001 0.8921875 0.3546875000000001 0.8921875 0.3546875000000001 0.9421875 0.3906250000000001 0.9421875
0 0.56875 0.6671875 0.534375 0.6671875 0.534375 0.7125 0.56875 0.7125
0 0.5046875 0.6140625 0.4703125 0.6140625 0.4703125 0.6625 0.5046875 0.6625
0 0.5390625 0.6109375 0.509375 0.6109375 0.509375 0.6546875 0.5390625 0.6546875
0 0.5796875 0.6046875 0.5453125 0.6046875 0.5453125 0.6546875 0.5796875 0.6546875
0 0.18750000000000008 0.653125 0.15000000000000008 0.653125 0.15000000000000008 0.709375 0.18750000000000008 0.709375
0 0.22656250000000008 0.6390625 0.19531250000000008 0.6390625 0.19531250000000008 0.6890625 0.22656250000000008 0.6890625
0 0.4390625000000001 0.6828125 0.4078125 0.6828125 0.4078125000000001 0.7265625 0.4390625000000002 0.7265625
0 0.5203125000000001 0.7234375 0.4875 0.7234375 0.4875000000000001 0.76875 0.5203125000000002 0.76875
0 0.2656250000000001 0.640625 0.23593750000000008 0.640625 0.23593750000000008 0.6828125 0.2656250000000001 0.6828125
0 0.2968750000000001 0.6390625 0.2671875000000001 0.6390625 0.2671875000000001 0.6859375 0.2968750000000001 0.6859375
0 0.3312500000000001 0.640625 0.2984375000000001 0.640625 0.2984375000000001 0.6828125 0.3312500000000001 0.6828125
0 0.3781250000000001 0.63125 0.3453125000000001 0.63125 0.3453125000000001 0.6765625 0.3781250000000001 0.6765625
0 0.02968750000000007 0.5125 0.010937500000000063 0.5125 0.010937500000000069 0.60625 0.02968750000000008 0.60625
0 0.03593750000000006 0.45 0.015625000000000056 0.45 0.01562500000000006 0.503125 0.03593750000000007 0.503125
0 0.09218750000000006 0.4625 0.07031250000000007 0.4625 0.07031250000000007 0.5640625 0.09218750000000006 0.5640625
0 0.0812500000000001 0.8046875 0.0453125000000001 0.8046875 0.0453125000000001 0.865625 0.08125000000000011 0.865625
3 0.5468750000000002 0.778125 0.5078125000000002 0.778125 0.5078125000000002 0.8390625 0.5468750000000002 0.8390625
2 0.8734375 0.4968750000000002 0.821875 0.4968750000000002 0.821875 0.5515625000000002 0.8734375 0.5515625000000002
0 0.85625 0.4906250000000002 0.8375 0.4906250000000002 0.8375 0.5078125000000002 0.85625 0.5078125000000002
0 0.7875 0.47656250000000017 0.7671875 0.47656250000000017 0.7671875 0.4968750000000002 0.7875 0.4968750000000002
0 0.8765625 0.4500000000000002 0.8578125 0.4500000000000002 0.8578125 0.46875000000000017 0.8765625 0.46875000000000017