0 0.11718750000000007 0.5234375 0.09218750000000006 0.5234375 0.09218750000000006 0.5671875 0.11718750000000008 0.5671875
0 0.02343750000000004 0.3125 3.827021247335479e-17 0.3125 4.142750500240656e-17 0.3640625 0.023437500000000045 0.3640625
0 0.043750000000000046 0.3265625 0.028125000000000046 0.3265625 0.028125000000000046 0.3671875 0.043750000000000046 0.3671875
0 0.07656250000000005 0.3296875 0.05468750000000004 0.3296875 0.05468750000000004 0.3703125 0.07656250000000005 0.3703125
0 0.11875000000000005 0.3359375 0.09531250000000005 0.3359375 0.09531250000000005 0.378125 0.11875000000000005 0.378125
0 0.321875 3.865291459808834e-17 0.309375 3.788751034862124e-17 0.309375 0.04218750000000004 0.321875 0.042187500000000044
0 0.4015625 0.05312500000000005 0.3796875 0.05312500000000005 0.3796875 0.12968750000000004 0.4015625 0.12968750000000004
0 0.3890625 0.3203125000000001 0.36875 0.3203125000000001 0.36875 0.3609375000000001 0.3890625 0.3609375000000001
0 0.2515625 0.3125 0.2296875 0.3125 0.2296875 0.35 0.2515625 0.35
0 0.2296875 0.309375 0.2125 0.309375 0.2125 0.35 0.2296875 0.35
0 0.209375 0.296875 0.18593750000000003 0.296875 0.18593750000000003 0.346875 0.209375 0.346875
0 0.18281250000000004 0.3046875 0.16093750000000004 0.3046875 0.16093750000000004 0.3421875 0.18281250000000004 0.3421875
0 0.15625000000000006 0.296875 0.14375000000000004 0.296875 0.14375000000000004 0.3375 0.15625000000000006 0.3375
0 0.13750000000000004 0.29375 0.11875000000000005 0.29375 0.11875000000000005 0.33125 0.13750000000000004 0.33125
0 0.11562500000000005 0.2875 0.09375000000000004 0.2875 0.09375000000000004 0.3296875 0.11562500000000005 0.3296875
0 0.08750000000000005 0.2828125 0.06718750000000004 0.2828125 0.06718750000000004 0.3234375 0.08750000000000005 0.3234375
0 0.06406250000000005 0.2796875 0.04375000000000003 0.2796875 0.04375000000000004 0.3203125 0.06406250000000005 0.3203125
0 0.040625000000000036 0.2734375 0.021875000000000033 0.2734375 0.021875000000000037 0.315625 0.040625000000000036 0.315625
0 0.014062500000000037 0.271875 3.329508485181867e-17 0.271875 3.559129760021995e-17 0.309375 0.014062500000000039 0.309375
0 0.006250000000000066 0.528125 6.467665907996959e-17 0.528125 6.716422289073765e-17 0.56875 0.00625000000000007 0.56875
2 0.884375 0.2953125000000001 0.796875 0.2953125000000001 0.796875 0.4734375000000002 0.884375 0.4734375000000002
0 0.9296875 0.1750000000000001 0.8890625 0.1750000000000001 0.8890625 0.21093750000000008 0.9296875 0.21093750000000008
0 0.7875 9.424039821563617e-17 0.7515625 9.203986099841827e-17 0.7515625 0.06875000000000009 0.7875 0.06875000000000009
0 0.5703125 0.15781250000000008 0.525 0.15781250000000005 0.525 0.19375000000000006 0.5703125 0.1937500000000001
0 0.9421875 0.3140625000000001 0.903125 0.3140625000000001 0.903125 0.3750000000000001 0.9421875 0.3750000000000001
0 0.628125 0.3468750000000001 0.5828125 0.3468750000000001 0.5828125 0.37968750000000007 0.628125 0.37968750000000007
2 0.10156250000000008 0.821875 1.0065065880492308e-16 0.821875 1.0409497792752504e-16 0.878125 0.10156250000000008 0.878125
0 0.18125000000000008 0.84375 0.1359375000000001 0.84375 0.1359375000000001 0.878125 0.18125000000000008 0.878125
0 0.55 0.596875 0.5140625 0.596875 0.5140625 0.6453125 0.55 0.6453125
0 0.5203125000000001 0.715625 0.4859375 0.715625 0.4859375000000001 0.7625 0.5203125000000002 0.7625
0 0.5546875000000001 0.7171875 0.5234375 0.7171875 0.5234375000000001 0.7578125 0.5546875000000002 0.7578125
0 0.6156250000000001 0.7140625 0.5859375 0.7140625 0.5859375000000001 0.7578125 0.6156250000000002 0.7578125
0 0.6468750000000001 0.721875 0.6171875 0.721875 0.6171875000000001 0.7609375 0.6468750000000002 0.7609375
0 0.6843750000000001 0.7203125 0.6578125 0.7203125 0.6578125000000001 0.76875 0.6843750000000002 0.76875
0 0.7281250000000001 0.7343750000000001 0.6937500000000002 0.734375 0.6937500000000002 0.7812500000000001 0.7281250000000001 0.7812500000000002
0 0.7578125000000002 0.7437500000000001 0.7312500000000002 0.7437500000000001 0.7312500000000002 0.7921875000000002 0.7578125000000002 0.7921875000000002
0 0.8015625 0.7546875000000002 0.7718750000000002 0.7546875000000002 0.7718750000000002 0.7953125000000002 0.8015625 0.7953125000000002
0 0.825 0.7593750000000001 0.8046875 0.7593750000000001 0.8046875 0.8015625 0.825 0.8015625
0 0.859375 0.7687500000000002 0.825 0.7687500000000002 0.825 0.809375 0.859375 0.809375
0 0.9015625 0.7765625000000002 0.86875 0.7765625000000002 0.86875 0.8234375 0.9015625 0.8234375
0 0.965625 0.7953125000000002 0.940625 0.7953125000000002 0.940625 0.8390625 0.965625 0.8390625