0 0.07031250000000004 0.3375 0.04062500000000004 0.3375 0.04062500000000004 0.38125 0.07031250000000004 0.38125
0 0.02968750000000005 0.4 0.0015625000000000493 0.4 0.0015625000000000517 0.44375 0.029687500000000054 0.44375
0 0.04375000000000005 0.4 0.026562500000000044 0.4 0.02656250000000005 0.434375 0.04375000000000005 0.434375
0 0.2312500000000001 0.403125 0.2078125000000001 0.403125 0.2078125000000001 0.44375 0.2312500000000001 0.44375
0 0.21250000000000008 0.40625 0.18750000000000006 0.40625 0.18750000000000006 0.4484375 0.21250000000000008 0.4484375
0 0.18750000000000006 0.415625 0.16406250000000006 0.415625 0.16406250000000006 0.4546875 0.18750000000000006 0.4546875
0 0.15937500000000004 0.41875 0.13125000000000003 0.41875 0.13125000000000003 0.459375 0.15937500000000004 0.459375
0 0.13281250000000006 0.425 0.10625000000000004 0.425 0.10625000000000004 0.4671875 0.13281250000000006 0.4671875
0 0.11093750000000005 0.434375 0.08750000000000005 0.434375 0.08750000000000005 0.475 0.11093750000000005 0.475
0 0.031250000000000014 0.1078125 0.006250000000000014 0.1078125 0.006250000000000017 0.1484375 0.03125000000000002 0.1484375
0 0.09375000000000003 0.09375000000000001 0.07031250000000003 0.09375 0.07031250000000003 0.1296875 0.09375000000000003 0.1296875
0 0.2328125 0.06406250000000002 0.2078125 0.06406250000000002 0.2078125 0.09687500000000002 0.2328125 0.09687500000000002
0 0.25 0.06093750000000002 0.228125 0.06093750000000002 0.228125 0.09843750000000002 0.25 0.09843750000000002
0 0.275 0.05000000000000003 0.246875 0.050000000000000024 0.246875 0.09218750000000003 0.275 0.09218750000000005
0 0.296875 0.04218750000000003 0.271875 0.04218750000000003 0.271875 0.07968750000000004 0.296875 0.07968750000000005
0 0.3140625 0.03593750000000003 0.2953125 0.03593750000000003 0.2953125 0.07031250000000004 0.3140625 0.07031250000000004
0 0.31875 0.026562500000000037 0.3140625 0.026562500000000034 0.3140625 0.06250000000000004 0.31875 0.06250000000000004
0 0.21875 0.309375 0.19531250000000006 0.309375 0.19531250000000006 0.35 0.21875 0.35
0 0.9265625 0.4421875000000002 0.896875 0.4421875000000002 0.896875 0.49218750000000017 0.9265625 0.49218750000000017
0 0.8390625 0.5031250000000002 0.8078125 0.5031250000000002 0.8078125 0.5500000000000002 0.8390625 0.5500000000000002
0 0.8546875 0.5062500000000002 0.8359375 0.5062500000000002 0.8359375 0.5484375000000001 0.8546875 0.5484375000000001
0 1 0.2000000000000001 0.96875 0.2000000000000001 0.96875 0.2578125000000001 1 0.2578125000000001
0 0.9484375 0.23437500000000008 0.91875 0.23437500000000008 0.91875 0.2812500000000001 0.9484375 0.2812500000000001
0 0.9140625 0.2375000000000001 0.88125 0.2375000000000001 0.88125 0.29375000000000007 0.9140625 0.29375000000000007
0 0.8859375 0.25468750000000007 0.8625 0.25468750000000007 0.8625 0.2984375000000001 0.8859375 0.2984375000000001
0 0.859375 0.26250000000000007 0.8328125 0.26250000000000007 0.8328125 0.3078125000000001 0.859375 0.3078125000000001
0 0.81875 0.2750000000000001 0.790625 0.2750000000000001 0.790625 0.3203125000000001 0.81875 0.3203125000000001
0 0.559375 6.725989842192105e-17 0.5390625 6.6016116516537e-17 0.5390625 0.018750000000000065 0.559375 0.018750000000000065
0 0.503125 0.03906250000000006 0.471875 0.039062500000000056 0.471875 0.11718750000000004 0.503125 0.11718750000000004
0 0.33281250000000007 0.365625 0.3187500000000001 0.365625 0.3187500000000001 0.4109375 0.33281250000000007 0.4109375
0 0.35625000000000007 0.359375 0.3296875 0.359375 0.3296875 0.4046875 0.35625000000000007 0.4046875
0 0.38125000000000003 0.35156250000000006 0.3546875 0.3515625 0.35468750000000004 0.39687500000000003 0.3812500000000001 0.3968750000000001
0 0.403125 0.3453125000000001 0.3796875 0.3453125000000001 0.37968750000000007 0.38750000000000007 0.403125 0.38750000000000007
0 0.4296875 0.3296875000000001 0.4 0.3296875000000001 0.4 0.3828125000000001 0.4296875 0.3828125000000001
0 0.453125 0.3281250000000001 0.4296875 0.3281250000000001 0.4296875 0.3703125000000001 0.453125 0.3703125000000001
0 0.4828125 0.3203125000000001 0.45625 0.3203125000000001 0.45625 0.3656250000000001 0.4828125 0.3656250000000001
0 0.546875 0.2984375000000001 0.5203125 0.2984375000000001 0.5203125 0.3453125000000001 0.546875 0.3453125000000001
0 0.6828125 0.2687500000000001 0.6578125 0.2687500000000001 0.6578125 0.3109375000000001 0.6828125 0.3109375000000001
0 0.7 0.2656250000000001 0.6765625 0.2656250000000001 0.6765625 0.30937500000000007 0.7 0.30937500000000007
0 0.725 0.2500000000000001 0.6953125 0.2500000000000001 0.6953125 0.3031250000000001 0.725 0.3031250000000001
0 0.75 0.25468750000000007 0.7234375 0.25468750000000007 0.7234375 0.2953125000000001 0.75 0.2953125000000001
0 0.7671875 0.2453125000000001 0.746875 0.2453125000000001 0.746875 0.2843750000000001 0.7671875 0.2843750000000001
0 0.7890625 0.23593750000000008 0.765625 0.23593750000000008 0.765625 0.2765625000000001 0.7890625 0.2765625000000001
0 0.8140625 0.2234375000000001 0.7859375 0.2234375000000001 0.7859375 0.2734375000000001 0.8140625 0.2734375000000001
0 0.8390625 0.21875000000000008 0.8125 0.21875000000000008 0.8125 0.2609375000000001 0.8390625 0.2609375000000001
0 0.8640625 0.21093750000000008 0.8375 0.21093750000000008 0.8375 0.2562500000000001 0.8640625 0.2562500000000001
0 0.884375 0.2000000000000001 0.859375 0.2000000000000001 0.859375 0.2453125000000001 0.884375 0.2453125000000001
0 0.90625 0.1921875000000001 0.8828125 0.1921875000000001 0.8828125 0.2390625000000001 0.90625 0.2390625000000001
0 0.928125 0.1890625000000001 0.9046875 0.18906250000000008 0.9046875 0.2312500000000001 0.928125 0.2312500000000001
0 0.95 0.17812500000000014 0.9265625 0.17812500000000014 0.9265625 0.2250000000000001 0.95 0.2250000000000001
0 0.9703125 0.16875000000000012 0.946875 0.16875000000000012 0.946875 0.21250000000000008 0.9703125 0.21250000000000008
0 1 0.4343750000000002 0.9921875 0.4343750000000002 0.9921875 0.4781250000000002 1 0.4781250000000002
0 0.3109375000000001 0.9546875 0.2593750000000001 0.9546875 0.2593750000000001 0.996875 0.3109375000000001 0.996875
3 0.3187500000000001 0.85 0.3031250000000001 0.85 0.3031250000000001 0.8953125 0.3187500000000001 0.8953125
0 0.2406250000000001 0.821875 0.1937500000000001 0.821875 0.1937500000000001 0.871875 0.2406250000000001 0.871875
0 0.03437500000000011 0.825 0.0031250000000001012 0.825 0.003125000000000106 0.9015625 0.034375000000000114 0.9015625
0 0.1281250000000001 0.7375 0.07968750000000009 0.7375 0.0796875000000001 0.8171875 0.1281250000000001 0.8171875
0 0.06406250000000008 0.63125 0.02968750000000008 0.63125 0.029687500000000082 0.703125 0.06406250000000009 0.703125
0 0.8484375 0.6984375000000002 0.8078125 0.6984375000000002 0.8078125 0.7484375000000002 0.8484375 0.7484375000000002
0 0.490625 0.553125 0.4484375 0.553125 0.4484375 0.609375 0.490625 0.609375
0 0.521875 0.55 0.4875 0.55 0.4875 0.578125 0.521875 0.578125
0 0.6765625 0.55 0.6390625 0.55 0.6390625 0.5828125 0.6765625 0.5828125
0 0.7890625 0.5500000000000002 0.7515625 0.5500000000000002 0.7515625 0.5937500000000002 0.7890625 0.5937500000000002
0 0.559375 0.55 0.525 0.55 0.525 0.5625 0.559375 0.5625
0 0.4203125000000002 0.9140625 0.3781250000000001 0.9140625 0.3781250000000001 0.9875 0.4203125000000002 0.9875
0 0.9359375 0.803125 0.896875 0.803125 0.896875 0.853125 0.9359375 0.853125
0 0.9 0.809375 0.8625 0.809375 0.8625 0.853125 0.9 0.853125
0 0.8359375 0.8109375 0.803125 0.8109375 0.803125 0.8578125 0.8359375 0.8578125
0 0.8046875 0.825 0.7703125000000002 0.825 0.7703125000000002 0.86875 0.8046875 0.86875
0 0.7687500000000002 0.8296875 0.7343750000000002 0.8296875 0.7343750000000002 0.884375 0.7687500000000002 0.884375
0 0.7328125000000002 0.85 0.6921875000000002 0.85 0.6921875000000002 0.9 0.7328125000000002 0.9
0 0.6984375000000002 0.8625 0.6640625000000002 0.8625 0.6640625000000002 0.9140625 0.6984375000000002 0.9140625
0 0.6562500000000002 0.878125 0.6234375000000002 0.878125 0.6234375000000002 0.925 0.6562500000000002 0.925
0 0.6265625000000001 0.8875 0.6000000000000002 0.8875 0.6000000000000002 0.9328125 0.6265625000000001 0.9328125
0 0.6078125000000002 0.896875 0.5671875000000002 0.896875 0.5671875000000002 0.946875 0.6078125000000002 0.946875
0 0.5671875000000002 0.9140625 0.5296875000000002 0.9140625 0.5296875000000002 0.965625 0.5671875000000002 0.965625
0 0.4968750000000002 0.940625 0.46406250000000016 0.940625 0.46406250000000016 0.9921875 0.4968750000000002 0.9921875
3 0.821875 0.5953125000000001 0.778125 0.5953125000000001 0.778125 0.6593750000000002 0.821875 0.6593750000000002