0 0.028125000000000077 0.5984375 0.009375000000000073 0.5984375 0.009375000000000074 0.640625 0.028125000000000077 0.640625
0 0.0921875 0.04843750000000001 0.0828125 0.04843750000000001 0.08281250000000001 0.1359375 0.09218750000000002 0.1359375
0 0.4078125 0.66875 0.3890625000000001 0.66875 0.3890625000000001 0.7125 0.4078125 0.7125
0 0.6828125 0.653125 0.659375 0.653125 0.659375 0.69375 0.6828125 0.69375
0 0.7609375 0.7078125000000002 0.7390625 0.7078125000000002 0.7390625000000001 0.7500000000000002 0.7609375000000002 0.7500000000000002
0 0.2140625000000001 0.4171875 0.19218750000000004 0.4171875 0.19218750000000004 0.4640625 0.2140625000000001 0.4640625
0 0.7343750000000001 0.7125000000000001 0.7234375 0.7125 0.7234375000000001 0.7453125 0.7343750000000002 0.7453125000000002
0 0.22031250000000008 0.4703125 0.2000000000000001 0.4703125 0.2000000000000001 0.515625 0.22031250000000008 0.515625
0 0.2156250000000001 0.534375 0.19687500000000005 0.534375 0.19687500000000008 0.575 0.2156250000000001 0.575
0 0.2515625000000001 0.490625 0.23437500000000008 0.490625 0.23437500000000008 0.528125 0.2515625000000001 0.528125
0 0.2468750000000001 0.5359375 0.2250000000000001 0.5359375 0.2250000000000001 0.5796875 0.2468750000000001 0.5796875
0 0.11718750000000011 0.90625 0.10781250000000009 0.90625 0.10781250000000012 0.996875 0.11718750000000014 0.996875
0 0.2812500000000001 0.5484375 0.2609375000000001 0.5484375 0.2609375000000001 0.5859375 0.2812500000000001 0.5859375
0 0.30937500000000007 0.553125 0.2921875000000001 0.553125 0.2921875000000001 0.590625 0.30937500000000007 0.590625
0 0.2843750000000001 0.4875 0.26250000000000007 0.4875 0.26250000000000007 0.5296875 0.2843750000000001 0.5296875
0 0.3140625000000001 0.425 0.2921875000000001 0.425 0.2921875000000001 0.471875 0.3140625000000001 0.471875
0 0.3687500000000001 0.440625 0.34843750000000007 0.440625 0.34843750000000007 0.4828125 0.3687500000000001 0.4828125
0 0.4078125 0.4375 0.3843750000000001 0.4375 0.3843750000000001 0.4875 0.4078125 0.4875
0 0.428125 0.45 0.4125 0.45 0.4125 0.4890625 0.428125 0.4890625
0 0.4609375 0.45 0.440625 0.45 0.440625 0.4890625 0.4609375 0.4890625
0 0.5046875 0.453125 0.4828125 0.453125 0.4828125 0.4953125 0.5046875 0.4953125
0 0.6953125 0.07031250000000008 0.684375 0.07031250000000008 0.684375 0.1437500000000001 0.6953125 0.1437500000000001
0 0.7765625 0.1546875000000001 0.7578125 0.1546875000000001 0.7578125 0.2312500000000001 0.7765625 0.2312500000000001
0 0.6921875000000002 0.7515625 0.6734375000000001 0.7515625 0.6734375000000001 0.7921875 0.6921875000000002 0.7921875
0 0.7140625000000002 0.75625 0.6953125000000002 0.75625 0.6953125000000002 0.790625 0.7140625000000002 0.790625
0 0.7375000000000002 0.7578125000000001 0.7203125000000001 0.7578125 0.7203125000000001 0.7953125000000001 0.7375000000000002 0.7953125000000002
0 0.7703125000000002 0.7562500000000002 0.7484375000000002 0.7562500000000002 0.7484375000000002 0.7953125000000002 0.7703125000000002 0.7953125000000002
0 0.7968750000000002 0.7609375000000002 0.7765625000000002 0.7609375000000002 0.7765625000000002 0.7984375000000001 0.7968750000000002 0.7984375000000001
0 0.8171875 0.7656250000000002 0.8 0.7656250000000002 0.8 0.803125 0.8171875 0.803125
0 0.9484375 0.7734375000000002 0.9296875 0.7734375000000002 0.9296875 0.815625 0.9484375 0.815625
0 0.99375 0.4500000000000002 0.9765625 0.4500000000000002 0.9765625 0.4890625000000002 0.99375 0.4890625000000002
0 0.9734375 0.4500000000000002 0.953125 0.4500000000000002 0.953125 0.48437500000000017 0.9734375 0.48437500000000017
0 0.946875 0.44531250000000017 0.928125 0.44531250000000017 0.928125 0.47968750000000016 0.946875 0.47968750000000016
0 0.921875 0.4390625000000002 0.9046875 0.4390625000000002 0.9046875 0.47656250000000017 0.921875 0.47656250000000017
0 0.8984375 0.43281250000000016 0.8765625 0.43281250000000016 0.8765625 0.47968750000000016 0.8984375 0.47968750000000016
0 0.8671875 0.43750000000000017 0.85 0.43750000000000017 0.85 0.47187500000000016 0.8671875 0.47187500000000016
0 0.840625 0.4312500000000002 0.8203125 0.4312500000000002 0.8203125 0.4703125000000002 0.840625 0.4703125000000002
0 0.7734375 0.4281250000000002 0.7546875 0.4281250000000002 0.7546875 0.4625000000000002 0.7734375 0.4625000000000002
0 0.6328125 0.4234375 0.6140625 0.4234375 0.6140625 0.45625 0.6328125 0.45625
0 0.6125 0.4234375 0.596875 0.4234375 0.596875 0.45625 0.6125 0.45625
0 0.5921875 0.4140625 0.571875 0.4140625 0.571875 0.4578125 0.5921875 0.4578125
0 0.565625 0.415625 0.546875 0.415625 0.546875 0.45625 0.565625 0.45625
0 0.540625 0.4140625 0.528125 0.4140625 0.528125 0.4484375 0.540625 0.4484375
0 0.5203125 0.4109375 0.5046875 0.4109375 0.5046875 0.446875 0.5203125 0.446875
0 0.4984375 0.4109375 0.478125 0.4109375 0.478125 0.4453125 0.4984375 0.4453125
0 0.4703125 0.40625 0.4515625 0.40625 0.4515625 0.440625 0.4703125 0.440625
0 0.446875 0.4015625 0.4265625 0.4015625 0.4265625 0.4390625 0.446875 0.4390625
0 0.4234375 0.3984375000000001 0.40625 0.3984375000000001 0.40625 0.4359375 0.4234375 0.4359375
0 0.3984375000000001 0.39531250000000007 0.3812500000000001 0.39531250000000007 0.3812500000000001 0.434375 0.3984375000000001 0.434375
0 0.3765625000000001 0.3921875 0.3578125000000001 0.3921875 0.3578125000000001 0.43125 0.3765625000000001 0.43125
0 0.3515625000000001 0.3890625 0.3359375000000001 0.3890625 0.3359375000000001 0.425 0.3515625000000001 0.425
0 0.3312500000000001 0.3859375 0.3125000000000001 0.3859375 0.3125000000000001 0.4203125 0.3312500000000001 0.4203125
0 0.5515625 0.653125 0.534375 0.653125 0.534375 0.6953125 0.5515625 0.6953125
2 0.2828125000000001 0.39375 0.2250000000000001 0.39375 0.2250000000000001 0.4765625 0.2828125000000001 0.4765625