0 0.2921875000000001 0.646875 0.2734375000000001 0.646875 0.2734375000000001 0.696875 0.2921875000000001 0.696875
0 0.54375 0.6296875 0.521875 0.6296875 0.521875 0.6703125 0.54375 0.6703125
0 0.6265625 0.6828125 0.6046875 0.6828125 0.6046875 0.7234375 0.6265625 0.7234375
0 0.10625000000000004 0.3921875 0.08281250000000004 0.3921875 0.08281250000000004 0.4421875 0.10625000000000004 0.4421875
0 0.6015625 0.6875 0.5890625 0.6875 0.5890625 0.7203125 0.6015625 0.7203125
0 0.11093750000000005 0.4484375 0.09218750000000005 0.4484375 0.09218750000000006 0.490625 0.11093750000000005 0.490625
0 0.10781250000000006 0.5109375 0.08906250000000007 0.5109375 0.08906250000000007 0.5484375 0.10781250000000009 0.5484375
0 0.14375000000000004 0.46875 0.12656250000000005 0.46875 0.12656250000000005 0.50625 0.14375000000000004 0.50625
0 0.14062500000000006 0.5125 0.11718750000000004 0.5125 0.11718750000000007 0.559375 0.14062500000000008 0.559375
0 0.17343750000000008 0.525 0.15312500000000004 0.525 0.15312500000000007 0.5671875 0.17343750000000008 0.5671875
0 0.20312500000000008 0.5296875 0.18437500000000004 0.5296875 0.18437500000000007 0.5671875 0.20312500000000008 0.5671875
0 0.17968750000000006 0.4609375 0.15468750000000003 0.4609375 0.15468750000000003 0.5078125 0.17968750000000006 0.5078125
0 0.2062500000000001 0.4015625 0.18437500000000004 0.4015625 0.18437500000000004 0.4484375 0.2062500000000001 0.4484375
0 0.26250000000000007 0.4171875 0.2406250000000001 0.4171875 0.2406250000000001 0.4609375 0.26250000000000007 0.4609375
0 0.2984375000000001 0.415625 0.2765625000000001 0.415625 0.2765625000000001 0.465625 0.2984375000000001 0.465625
0 0.3203125000000001 0.4265625 0.3046875000000001 0.4265625 0.3046875000000001 0.4640625 0.3203125000000001 0.4640625
0 0.3531250000000001 0.428125 0.33281250000000007 0.428125 0.33281250000000007 0.465625 0.3531250000000001 0.465625
0 0.3968750000000001 0.43125 0.3750000000000001 0.43125 0.3750000000000001 0.4734375 0.3968750000000001 0.4734375
0 0.5875 0.050000000000000065 0.578125 0.050000000000000065 0.578125 0.1218750000000001 0.5875 0.1218750000000001
0 0.5843750000000002 0.73125 0.5671875000000002 0.73125 0.5671875000000002 0.76875 0.5843750000000002 0.76875
0 0.6062500000000002 0.7328125 0.5875000000000001 0.7328125 0.5875000000000001 0.7671875 0.6062500000000002 0.7671875
0 0.6296875000000002 0.7328125 0.6140625000000002 0.7328125 0.6140625000000002 0.7734375 0.6296875000000002 0.7734375
0 0.6500000000000001 0.7328125 0.6406250000000002 0.7328125 0.6406250000000002 0.7703125 0.6500000000000001 0.7703125
0 0.525 0.4015625 0.50625 0.4015625 0.50625 0.4359375 0.525 0.4359375
0 0.5046875 0.4015625 0.4890625 0.4015625 0.4890625 0.4359375 0.5046875 0.4359375
0 0.484375 0.3906250000000001 0.4640625 0.3906250000000001 0.4640625 0.434375 0.484375 0.434375
0 0.4578125 0.3968750000000001 0.4390625 0.3968750000000001 0.4390625 0.434375 0.4578125 0.434375
0 0.4328125 0.3937500000000001 0.4203125 0.3937500000000001 0.4203125 0.428125 0.4328125 0.428125
0 0.4140625 0.3890625000000001 0.3968750000000001 0.3890625000000001 0.3968750000000001 0.4265625 0.4140625 0.4265625
0 0.3906250000000001 0.3843750000000001 0.37187500000000007 0.3843750000000001 0.37187500000000007 0.421875 0.3906250000000001 0.421875
0 0.3625000000000001 0.384375 0.3437500000000001 0.384375 0.3437500000000001 0.41875 0.3625000000000001 0.41875
0 0.3375000000000001 0.3796875 0.3187500000000001 0.3796875 0.3187500000000001 0.4171875 0.3375000000000001 0.4171875
0 0.3140625000000001 0.375 0.2968750000000001 0.375 0.2968750000000001 0.4125 0.3140625000000001 0.4125
0 0.2906250000000001 0.375 0.2750000000000001 0.375 0.2750000000000001 0.4125 0.2906250000000001 0.4125
0 0.2687500000000001 0.36875 0.2500000000000001 0.36875 0.2500000000000001 0.409375 0.2687500000000001 0.409375
0 0.24375000000000008 0.3640625 0.22812500000000008 0.3640625 0.22812500000000008 0.4046875 0.24375000000000008 0.4046875
0 0.2234375000000001 0.3640625 0.20468750000000008 0.3640625 0.20468750000000008 0.3984375 0.2234375000000001 0.3984375
0 0.4171875 0.6328125 0.4 0.6328125 0.4 0.6703125 0.4171875 0.6703125
2 0.17500000000000004 0.371875 0.11875000000000005 0.371875 0.11875000000000005 0.4484375 0.17500000000000004 0.4484375
2 0.8453125 0.5921875000000002 0.7796875 0.5921875000000002 0.7796875000000001 0.7828125000000001 0.8453125 0.7828125000000001
0 0.8890625 0.6312500000000002 0.85625 0.6312500000000002 0.85625 0.7000000000000002 0.8890625 0.7000000000000002
0 0.971875 0.5046875000000002 0.93125 0.5046875000000002 0.93125 0.5546875000000002 0.971875 0.5546875000000002
0 0.9484375 0.4234375000000002 0.9140625 0.4234375000000002 0.9140625 0.45312500000000017 0.9484375 0.45312500000000017
0 0.771875 0.42187500000000017 0.73125 0.42187500000000017 0.73125 0.45625000000000016 0.771875 0.45625000000000016
0 0.7359375 0.30156250000000007 0.6984375 0.30156250000000007 0.6984375 0.3609375000000001 0.7359375 0.3609375000000001
0 0.8375 1.0122471199202341e-16 0.815625 9.9885254555456e-17 0.815625 0.0250000000000001 0.8375 0.0250000000000001
0 0.27812500000000007 0.94375 0.2468750000000001 0.94375 0.2468750000000001 1 0.27812500000000007 1
0 0.0343750000000001 0.809375 9.91198503059889e-17 0.809375 1.0170308964794034e-16 0.8515625 0.0343750000000001 0.8515625
0 0.7859375000000002 0.809375 0.7671875000000001 0.809375 0.7671875000000001 0.8515625 0.7859375000000002 0.8515625
0 0.8125 0.9171875 0.7968750000000002 0.9171875 0.7968750000000002 0.9828125 0.8125 0.9828125
0 0.7921875000000002 0.95625 0.7734375000000002 0.95625 0.7734375000000002 1 0.7921875000000002 1