0 0.459375 0.4375 0.446875 0.4375 0.446875 0.484375 0.459375 0.484375
0 0.10625000000000007 0.4765625 0.07812500000000007 0.4765625 0.07812500000000007 0.55 0.1062500000000001 0.55
0 0.3171875 0.2359375 0.2890625 0.2359375 0.2890625 0.2859375 0.3171875 0.2859375
0 0.3 0.290625 0.2734375 0.290625 0.2734375 0.3390625 0.3 0.3390625
0 0.29531250000000003 0.3515625 0.2703125 0.3515625 0.27031250000000007 0.39375 0.2953125000000001 0.39375
0 0.2625 0.3015625 0.240625 0.3015625 0.240625 0.3453125 0.2625 0.3453125
0 0.2671875 0.3484375 0.2375 0.3484375 0.23750000000000004 0.3984375 0.2671875000000001 0.3984375
0 0.22968750000000004 0.359375 0.203125 0.359375 0.20312500000000006 0.4 0.2296875000000001 0.4
0 0.19843750000000004 0.35625 0.17500000000000004 0.35625 0.17500000000000004 0.4 0.19843750000000004 0.4
0 0.2359375 0.29375 0.20625 0.29375 0.20625 0.34375 0.2359375 0.34375
0 0.2171875 0.228125 0.18906250000000005 0.228125 0.18906250000000005 0.28125 0.2171875 0.28125
0 0.15781250000000005 0.2390625 0.13125000000000003 0.2390625 0.13125000000000003 0.2859375 0.15781250000000005 0.2859375
0 0.12187500000000004 0.2328125 0.09218750000000002 0.2328125 0.09218750000000003 0.2859375 0.12187500000000004 0.2859375
0 0.09218750000000003 0.24375 0.07187500000000002 0.24375 0.07187500000000004 0.2828125 0.09218750000000005 0.2828125
0 0.06406250000000004 0.2390625 0.039062500000000035 0.2390625 0.039062500000000035 0.28125 0.06406250000000005 0.28125
0 0.02343750000000003 0.234375 2.870265935501609e-17 0.234375 3.15729252905177e-17 0.28125 0.023437500000000035 0.28125
0 0.006250000000000025 0.190625 2.3344829608746423e-17 0.190625 2.5736717888331097e-17 0.2296875 0.006250000000000028 0.2296875
0 0.03281250000000003 0.190625 0.006250000000000022 0.190625 0.006250000000000025 0.2359375 0.032812500000000036 0.2359375
0 0.059375000000000025 0.19375 0.035937500000000025 0.19375 0.035937500000000025 0.23125 0.059375000000000025 0.23125
0 0.08437500000000002 0.1921875 0.06093750000000002 0.1921875 0.06093750000000002 0.23125 0.08437500000000002 0.23125
0 0.10625000000000004 0.19375 0.08437500000000002 0.19375 0.08437500000000002 0.2328125 0.10625000000000004 0.2328125
0 0.12968750000000004 0.1921875 0.10937500000000004 0.1921875 0.10937500000000004 0.234375 0.12968750000000004 0.234375
0 0.15468750000000003 0.1953125 0.13125000000000003 0.1953125 0.13125000000000003 0.234375 0.15468750000000003 0.234375
0 0.17656250000000004 0.190625 0.15625000000000006 0.190625 0.15625000000000006 0.2328125 0.17656250000000004 0.2328125
0 0.2 0.19062500000000002 0.17812500000000003 0.190625 0.17812500000000003 0.2328125 0.2 0.2328125
0 0.021875000000000058 0.4375 5.357829746269671e-17 0.4375 5.597018574228137e-17 0.4765625 0.02187500000000006 0.4765625
2 0.2875 0.2 0.21875 0.2 0.21875 0.29375 0.2875 0.29375
0 0.640625 0.3890625000000001 0.6171875 0.3890625000000001 0.6171875 0.428125 0.640625 0.428125
0 0.921875 0.1750000000000001 0.8953125 0.1750000000000001 0.8953125 0.2250000000000001 0.921875 0.2250000000000001
0 0.9046875 0.2296875000000001 0.8796875 0.2296875000000001 0.8796875 0.2734375000000001 0.9046875 0.2734375000000001
0 0.9015625 0.29375000000000007 0.8765625 0.29375000000000007 0.8765625 0.3343750000000001 0.9015625 0.3343750000000001
0 0.8671875 0.24218750000000008 0.8453125 0.24218750000000008 0.8453125 0.2796875000000001 0.8671875 0.2796875000000001
0 0.871875 0.2890625000000001 0.84375 0.2890625000000001 0.84375 0.3359375000000001 0.871875 0.3359375000000001
0 0.834375 0.29375000000000007 0.8078125 0.29375000000000007 0.8078125 0.3343750000000001 0.834375 0.3343750000000001
0 0.803125 0.29375000000000007 0.78125 0.29375000000000007 0.78125 0.3312500000000001 0.803125 0.3312500000000001
0 0.840625 0.2312500000000001 0.8125 0.2312500000000001 0.8125 0.2765625000000001 0.840625 0.2765625000000001
0 0.8203125 0.1671875000000001 0.7921875 0.1671875000000001 0.7921875 0.2140625000000001 0.8203125 0.2140625000000001
0 0.7625 0.1703125000000001 0.7359375 0.1703125000000001 0.7359375 0.2156250000000001 0.7625 0.2156250000000001
0 0.7265625 0.1671875000000001 0.696875 0.1671875000000001 0.696875 0.2171875000000001 0.7265625 0.2171875000000001
0 0.6984375 0.1703125000000001 0.678125 0.1703125000000001 0.678125 0.2140625000000001 0.6984375 0.2140625000000001
0 0.6703125 0.1687500000000001 0.6453125 0.1687500000000001 0.6453125 0.21093750000000008 0.6703125 0.21093750000000008
0 0.628125 0.16406250000000008 0.6015625 0.16406250000000008 0.6015625 0.2062500000000001 0.628125 0.2062500000000001
0 0.5015625 0.11875000000000005 0.478125 0.11875000000000005 0.478125 0.15156250000000004 0.5015625 0.15156250000000004
0 0.5203125 0.12187500000000004 0.5 0.12187500000000004 0.5 0.15937500000000004 0.5203125 0.15937500000000004
0 0.5453125 0.11875000000000006 0.51875 0.11875000000000005 0.51875 0.16093750000000007 0.5453125 0.1609375000000001
0 0.5703125 0.11875000000000009 0.5453125 0.11875000000000009 0.5453125 0.15625000000000008 0.5703125 0.15625000000000008
0 0.5890625 0.11875000000000009 0.571875 0.11875000000000009 0.571875 0.1531250000000001 0.5890625 0.1531250000000001
0 0.6125 0.11718750000000008 0.5921875 0.11718750000000008 0.5921875 0.1515625000000001 0.6125 0.1515625000000001
0 0.6390625 0.11718750000000008 0.6140625 0.11718750000000008 0.6140625 0.15781250000000008 0.6390625 0.15781250000000008
0 0.6671875 0.12031250000000009 0.6421875 0.12031250000000009 0.6421875 0.15781250000000008 0.6671875 0.15781250000000008
0 0.690625 0.12031250000000009 0.6671875 0.12031250000000009 0.6671875 0.1593750000000001 0.690625 0.1593750000000001
0 0.7125 0.12500000000000008 0.690625 0.12500000000000008 0.690625 0.1625000000000001 0.7125 0.1625000000000001
0 0.7359375 0.12500000000000008 0.7140625 0.12500000000000008 0.7140625 0.1625000000000001 0.7359375 0.1625000000000001
0 0.759375 0.12656250000000008 0.7359375 0.12656250000000008 0.7359375 0.16406250000000008 0.759375 0.16406250000000008
0 0.7828125 0.12500000000000008 0.7625 0.12500000000000008 0.7625 0.1593750000000001 0.7828125 0.1593750000000001
0 0.8046875 0.1281250000000001 0.7828125 0.1281250000000001 0.7828125 0.1625000000000001 0.8046875 0.1625000000000001
2 0.8890625 0.15000000000000008 0.821875 0.15000000000000008 0.821875 0.22656250000000008 0.8890625 0.22656250000000008
0 0.3109375000000001 0.825 0.2593750000000001 0.825 0.2593750000000001 0.890625 0.3109375000000001 0.890625
2 0.37968750000000007 0.878125 0.2500000000000001 0.878125 0.2500000000000001 0.9796875 0.37968750000000007 0.9796875
0 0.4390625000000002 0.9625 0.3859375000000001 0.9625 0.3859375000000001 1 0.4390625000000002 1
0 0.2671875000000001 0.8515625 0.22031250000000008 0.8515625 0.22031250000000008 0.9015625 0.2671875000000001 0.9015625
0 0.2234375000000001 0.81875 0.1687500000000001 0.81875 0.1687500000000001 0.8703125 0.2234375000000001 0.8703125
0 0.2578125000000001 0.7890625 0.2093750000000001 0.7890625 0.2093750000000001 0.84375 0.2578125000000001 0.84375
0 0.2015625000000001 0.75 0.14843750000000008 0.75 0.14843750000000008 0.803125 0.2015625000000001 0.803125
0 0.1531250000000001 0.846875 0.1062500000000001 0.846875 0.1062500000000001 0.8921875 0.1531250000000001 0.8921875
0 0.753125 0.7203125000000001 0.728125 0.7203125000000001 0.7281250000000001 0.7828125000000001 0.7531250000000002 0.7828125000000001
0 0.7187500000000002 0.7453125 0.6921875000000002 0.7453125 0.6921875000000002 0.8125 0.7187500000000002 0.8125
0 0.65625 0.621875 0.63125 0.621875 0.63125 0.6875 0.65625 0.6875
0 0.621875 0.609375 0.59375 0.609375 0.59375 0.671875 0.621875 0.671875
0 0.6765625000000002 0.83125 0.6500000000000001 0.83125 0.6500000000000001 0.9015625 0.6765625000000002 0.9015625
0 0.6781250000000002 0.94375 0.6531250000000002 0.94375 0.6531250000000002 1 0.6781250000000002 1
0 0.6203125000000002 0.8859375 0.5937500000000002 0.8859375 0.5937500000000002 0.9515625 0.6203125000000002 0.9515625