0 0.54375 0.2375000000000001 0.528125 0.2375000000000001 0.528125 0.27812500000000007 0.54375 0.27812500000000007
0 0.5171875 0.2390625000000001 0.496875 0.2390625000000001 0.496875 0.28593750000000007 0.5171875 0.28593750000000007
0 0.475 0.2453125000000001 0.453125 0.2453125000000001 0.453125 0.2906250000000001 0.475 0.2906250000000001
0 0.1953125 2.2675100890462708e-17 0.175 2.143131898507868e-17 0.175 0.04843750000000002 0.1953125 0.04843750000000002
0 0.029687500000000033 0.2640625 0.010937500000000034 0.2640625 0.010937500000000034 0.3046875 0.029687500000000033 0.3046875
0 0.05312500000000003 0.25625 0.03593750000000003 0.25625 0.03593750000000003 0.3015625 0.05312500000000005 0.3015625
0 0.08125000000000003 0.2453125 0.057812500000000024 0.2453125 0.05781250000000003 0.2984375 0.08125000000000004 0.2984375
0 0.10781250000000005 0.2484375 0.09062500000000002 0.2484375 0.09062500000000004 0.29375 0.10781250000000005 0.29375
0 0.13750000000000004 0.2453125 0.11718750000000004 0.2453125 0.11718750000000004 0.2875 0.13750000000000004 0.2875
0 0.2015625 0.2328125 0.18281250000000004 0.2328125 0.18281250000000004 0.278125 0.2015625 0.278125
0 0.3421875 0.225 0.321875 0.225 0.321875 0.265625 0.3421875 0.265625
0 0.3609375 0.2234375 0.34375 0.2234375 0.34375 0.2640625 0.3609375 0.2640625
0 0.3859375 0.2093750000000001 0.3640625 0.2093750000000001 0.3640625 0.26250000000000007 0.3859375 0.26250000000000007
0 0.4109375 0.2171875000000001 0.390625 0.2171875000000001 0.390625 0.2593750000000001 0.4109375 0.2593750000000001
0 0.428125 0.21250000000000008 0.415625 0.21250000000000008 0.415625 0.2531250000000001 0.428125 0.2531250000000001
0 0.4515625 0.2093750000000001 0.434375 0.2093750000000001 0.434375 0.2453125000000001 0.4515625 0.2453125000000001
0 0.478125 0.2000000000000001 0.4578125 0.2000000000000001 0.4578125 0.2453125000000001 0.478125 0.2453125000000001
0 0.50625 0.19218750000000004 0.4859375 0.19218750000000004 0.4859375 0.2375000000000001 0.50625 0.2375000000000001
0 0.528125 0.18906250000000005 0.509375 0.18906250000000005 0.509375 0.2312500000000001 0.528125 0.2312500000000001
0 0.55 0.18593750000000006 0.5328125 0.18593750000000003 0.5328125 0.22656250000000008 0.55 0.22656250000000008
0 0.8015625 9.6919313088771e-17 0.78125 9.567553118338697e-17 0.78125 0.0343750000000001 0.8015625 0.0343750000000001
0 1 0.13125000000000014 0.975 0.13125000000000014 0.975 0.17500000000000013 1 0.17500000000000013
0 0.90625 0.2406250000000001 0.8609375 0.2406250000000001 0.8609375 0.2921875000000001 0.90625 0.2921875000000001
0 0.7546875 0.2171875000000001 0.734375 0.2171875000000001 0.734375 0.28593750000000007 0.7546875 0.28593750000000007
2 0.8375 0.0359375000000001 0.8078125 0.0359375000000001 0.8078125 0.22031250000000008 0.8375 0.22031250000000008
2 0.728125 0.3734375000000001 0.69375 0.3734375000000001 0.69375 0.4390625000000001 0.728125 0.4390625000000002
0 0.4812500000000002 0.74375 0.4437500000000002 0.74375 0.4437500000000002 0.778125 0.4812500000000002 0.778125
0 0.4625 0.6859375 0.4234375 0.6859375 0.4234375 0.7234375 0.4625 0.7234375
0 0.4578125 0.6421875 0.4171875 0.6421875 0.4171875 0.678125 0.4578125 0.678125
0 0.3921875000000001 0.6578125 0.3531250000000001 0.6578125 0.3531250000000001 0.696875 0.3921875000000001 0.696875
0 0.3140625000000001 0.8734375 0.2734375000000001 0.8734375 0.2734375000000001 0.9109375 0.3140625000000001 0.9109375
0 0.2875000000000001 0.734375 0.2484375000000001 0.734375 0.2484375000000001 0.771875 0.2875000000000001 0.771875
0 0.3656250000000001 0.7625 0.3265625000000001 0.7625 0.3265625000000001 0.8 0.3656250000000001 0.8
0 0.4234375000000002 0.7515625 0.3828125000000001 0.7515625 0.3828125000000001 0.790625 0.4234375000000002 0.790625
0 0.4171875000000001 0.7 0.37187500000000007 0.7 0.37187500000000007 0.7390625 0.41718750000000016 0.7390625
0 0.3390625000000001 0.6703125 0.2968750000000001 0.6703125 0.2968750000000001 0.7078125 0.3390625000000001 0.7078125
0 0.1937500000000001 0.753125 0.1531250000000001 0.753125 0.1531250000000001 0.790625 0.1937500000000001 0.790625
0 0.11562500000000009 0.775 0.07187500000000009 0.775 0.0718750000000001 0.8171875 0.11562500000000009 0.8171875
0 0.04062500000000009 0.7546875 9.242256312315182e-17 0.7546875 9.519715352747004e-17 0.8 0.0406250000000001 0.8
0 0.0343750000000001 0.8078125 9.892849924362213e-17 0.8078125 1.0160741411675695e-16 0.8515625 0.0343750000000001 0.8515625
0 0.15000000000000008 0.71875 0.10781250000000009 0.71875 0.10781250000000009 0.75625 0.15000000000000008 0.75625
1 0.5187500000000002 0.78125 0.4578125000000002 0.78125 0.4578125000000002 0.828125 0.5187500000000002 0.828125
3 0.2734375000000001 0.6609375 0.21093750000000008 0.6609375 0.21093750000000008 0.725 0.2734375000000001 0.725
0 0.3625000000000001 0.7171875 0.3187500000000001 0.7171875 0.3187500000000001 0.753125 0.3625000000000001 0.753125
0 0.559375 0.5546875 0.55 0.5546875 0.55 0.6046875 0.559375 0.6046875
0 0.7984375 0.6171875000000002 0.7625 0.6171875000000002 0.7625 0.6890625000000001 0.7984375 0.6890625000000001