0 0.028125000000000074 0.584375 0.009375000000000073 0.584375 0.009375000000000074 0.6265625 0.028125000000000077 0.6265625
0 0.09062500000000001 0.05 0.08125 0.05 0.08125000000000002 0.1359375 0.09062500000000002 0.1359375
0 0.4453125 0.6546875 0.4265625 0.6546875 0.4265625 0.6921875 0.4453125 0.6921875
0 0.809375 0.6406250000000002 0.7859375 0.6406250000000002 0.7859375 0.6796875000000002 0.809375 0.6796875000000002
0 0.865625 0.6937500000000002 0.84375 0.6937500000000002 0.84375 0.7359375000000001 0.865625 0.7359375000000001
0 0.2093750000000001 0.396875 0.18906250000000005 0.396875 0.18906250000000005 0.44375 0.2093750000000001 0.44375
0 0.840625 0.6984375000000002 0.828125 0.6984375000000002 0.828125 0.7312500000000002 0.840625 0.7312500000000002
0 0.21875000000000008 0.453125 0.19843750000000004 0.453125 0.19843750000000004 0.4953125 0.21875000000000008 0.4953125
0 0.21250000000000008 0.515625 0.19375000000000003 0.515625 0.19375000000000006 0.553125 0.21250000000000008 0.553125
0 0.2515625000000001 0.46875 0.23437500000000008 0.46875 0.23437500000000008 0.503125 0.2515625000000001 0.503125
0 0.2453125000000001 0.515625 0.2234375000000001 0.515625 0.2234375000000001 0.559375 0.2453125000000001 0.559375
0 0.11562500000000012 0.8890625 0.1062500000000001 0.8890625 0.10625000000000011 0.978125 0.11562500000000013 0.978125
0 0.2796875000000001 0.5265625 0.2593750000000001 0.5265625 0.2593750000000001 0.5640625 0.2796875000000001 0.5640625
0 0.3078125000000001 0.5296875 0.2906250000000001 0.5296875 0.2906250000000001 0.565625 0.3078125000000001 0.565625
0 0.2843750000000001 0.4640625 0.2609375000000001 0.4640625 0.2609375000000001 0.50625 0.2843750000000001 0.50625
0 0.3109375000000001 0.403125 0.2906250000000001 0.403125 0.2906250000000001 0.4453125 0.3109375000000001 0.4453125
0 0.3671875000000001 0.425 0.3468750000000001 0.425 0.3468750000000001 0.4625 0.3671875000000001 0.4625
0 0.40625 0.4234375 0.3828125000000001 0.4234375 0.3828125000000001 0.4703125 0.40625 0.4703125
0 0.4265625 0.43125 0.4109375 0.43125 0.4109375 0.4703125 0.4265625 0.4703125
0 0.4578125 0.43125 0.4390625 0.43125 0.4390625 0.4703125 0.4578125 0.4703125
0 0.503125 0.4328125 0.48125 0.4328125 0.48125 0.471875 0.503125 0.471875
0 0.69375 0.042187500000000086 0.684375 0.042187500000000086 0.684375 0.1140625000000001 0.69375 0.1140625000000001
0 0.775 0.1281250000000001 0.75625 0.1281250000000001 0.75625 0.2062500000000001 0.775 0.2062500000000001
0 0.6906250000000002 0.7359375 0.6718750000000002 0.7359375 0.6718750000000002 0.7734375 0.6906250000000002 0.7734375
0 0.7109375000000002 0.7359375 0.6937500000000002 0.7359375 0.6937500000000002 0.7734375 0.7109375000000002 0.7734375
0 0.7359375000000001 0.7375 0.7187500000000002 0.7375 0.7187500000000002 0.7781250000000001 0.7359375000000001 0.7781250000000002
0 0.7687500000000002 0.7390625000000002 0.7453125000000002 0.7390625000000002 0.7453125000000002 0.7765625000000002 0.7687500000000002 0.7765625000000002
0 0.7953125000000002 0.7406250000000002 0.7750000000000001 0.7406250000000002 0.7750000000000001 0.7781250000000002 0.7953125000000002 0.7781250000000002
0 0.815625 0.7453125000000002 0.7984375000000001 0.7453125000000002 0.7984375000000001 0.7828125000000001 0.815625 0.7828125000000001
0 0.946875 0.7515625000000001 0.9296875 0.7515625000000001 0.9296875 0.7921875000000002 0.946875 0.7921875000000002
0 0.9671875 0.7562500000000002 0.9515625 0.7562500000000002 0.9515625 0.7906250000000001 0.9671875 0.7906250000000001
0 0.99375 0.4265625000000002 0.975 0.4265625000000002 0.975 0.4625000000000002 0.99375 0.4625000000000002
0 0.971875 0.4234375000000002 0.9515625 0.4234375000000002 0.9515625 0.4578125000000002 0.971875 0.4578125000000002
0 0.9453125 0.4203125000000002 0.925 0.4203125000000002 0.925 0.45625000000000016 0.9453125 0.45625000000000016
0 0.91875 0.41718750000000016 0.9015625 0.41718750000000016 0.9015625 0.4546875000000002 0.91875 0.4546875000000002
0 0.896875 0.4109375000000002 0.875 0.4109375000000002 0.875 0.4515625000000002 0.896875 0.4515625000000002
0 0.865625 0.41406250000000017 0.85 0.41406250000000017 0.85 0.44843750000000016 0.865625 0.44843750000000016
0 0.8390625 0.40937500000000016 0.81875 0.40937500000000016 0.81875 0.4468750000000002 0.8390625 0.4468750000000002
0 0.771875 0.40625000000000017 0.753125 0.40625000000000017 0.753125 0.44062500000000016 0.771875 0.44062500000000016
0 0.63125 0.403125 0.6125 0.403125 0.6125 0.4359375 0.63125 0.4359375
0 0.6125 0.4015625 0.5953125 0.4015625 0.5953125 0.4375 0.6125 0.4375
0 0.590625 0.3937500000000001 0.5703125 0.3937500000000001 0.5703125 0.4359375 0.590625 0.4359375
0 0.5640625 0.3968750000000001 0.54375 0.3968750000000001 0.54375 0.4328125 0.5640625 0.4328125
0 0.5390625 0.3921875000000001 0.5265625 0.3921875000000001 0.5265625 0.428125 0.5390625 0.428125
0 0.51875 0.3921875000000001 0.503125 0.3921875000000001 0.503125 0.425 0.51875 0.425
0 0.496875 0.3906250000000001 0.4765625 0.3906250000000001 0.4765625 0.425 0.496875 0.425
0 0.46875 0.38750000000000007 0.4484375 0.38750000000000007 0.4484375 0.421875 0.46875 0.421875
0 0.4453125 0.3828125000000001 0.4265625 0.3828125000000001 0.4265625 0.41875 0.4453125 0.41875
0 0.4203125 0.3828125000000001 0.403125 0.3828125000000001 0.403125 0.4171875 0.4203125 0.4171875
0 0.3968750000000001 0.37968750000000007 0.37968750000000007 0.37968750000000007 0.37968750000000007 0.4171875 0.3968750000000001 0.4171875
0 0.3750000000000001 0.3765625 0.35625000000000007 0.3765625 0.35625000000000007 0.4140625 0.3750000000000001 0.4140625
0 0.3500000000000001 0.371875 0.3343750000000001 0.371875 0.3343750000000001 0.4078125 0.3500000000000001 0.4078125
0 0.3296875000000001 0.3703125 0.3109375000000001 0.3703125 0.3109375000000001 0.4046875 0.3296875000000001 0.4046875
0 0.6609375 0.6390625 0.64375 0.6390625 0.64375 0.6765625 0.6609375 0.6765625
2 0.2812500000000001 0.3765625 0.2250000000000001 0.3765625 0.2250000000000001 0.4484375 0.2812500000000001 0.4484375