0 0.08593750000000007 0.4609375 0.05937500000000007 0.4609375 0.05937500000000007 0.5421875 0.08593750000000007 0.5421875
0 0.19531250000000006 0.3515625 0.16406250000000006 0.3515625 0.16406250000000006 0.396875 0.19531250000000006 0.396875
0 0.2953125000000001 0.3875 0.2656250000000001 0.3875 0.2656250000000001 0.4328125 0.2953125000000001 0.4328125
0 0.27031250000000007 0.3953125 0.2515625000000001 0.3953125 0.2515625000000001 0.4328125 0.27031250000000007 0.4328125
0 0.020312500000000025 0.1765625 2.1622670047445454e-17 0.1765625 2.4397260451763677e-17 0.221875 0.02031250000000003 0.221875
0 0.059375000000000025 0.1671875 0.02812500000000002 0.1671875 0.02812500000000002 0.221875 0.059375000000000025 0.221875
0 0.07812500000000003 0.1765625 0.05625000000000002 0.1765625 0.05625000000000002 0.21875 0.07812500000000003 0.21875
0 0.11093750000000002 0.171875 0.08281250000000002 0.171875 0.08281250000000002 0.215625 0.11093750000000005 0.215625
0 0.15468750000000003 0.1671875 0.125 0.1671875 0.12500000000000003 0.2125 0.15468750000000003 0.2125
0 0.39531250000000007 0.421875 0.3703125000000001 0.421875 0.3703125000000001 0.4640625 0.39531250000000007 0.4640625
0 0.4171875 0.41875 0.3921875000000001 0.41875 0.3921875000000001 0.459375 0.4171875 0.459375
0 0.440625 0.4125 0.415625 0.4125 0.415625 0.459375 0.440625 0.459375
0 0.4734375 0.409375 0.44375 0.409375 0.44375 0.4546875 0.4734375 0.4546875
0 0.5 0.409375 0.471875 0.409375 0.471875 0.453125 0.5 0.453125
0 0.521875 0.4125 0.496875 0.4125 0.496875 0.4546875 0.521875 0.4546875
0 0.609375 0.07656250000000006 0.5875 0.07656250000000006 0.5875 0.11875000000000009 0.609375 0.11875000000000009
0 0.5890625 0.08125000000000007 0.5625 0.08125000000000007 0.5625 0.12343750000000009 0.5890625 0.12343750000000009
0 0.5625 0.08281250000000007 0.5390625 0.08281250000000007 0.5390625 0.12343750000000006 0.5625 0.12343750000000009
0 0.540625 0.07812500000000007 0.5109375 0.07812500000000007 0.5109375 0.12812500000000004 0.540625 0.12812500000000004
0 0.509375 0.08437500000000006 0.484375 0.08437500000000006 0.484375 0.12656250000000005 0.509375 0.12656250000000005
0 0.4828125 0.08750000000000006 0.4546875 0.08750000000000006 0.4546875 0.13125000000000003 0.4828125 0.13125000000000003
0 0.415625 0.09062500000000004 0.3890625 0.09062500000000004 0.3890625 0.13281250000000006 0.415625 0.13281250000000006
0 0.2765625 0.11406250000000004 0.25 0.11406250000000004 0.25 0.15468750000000003 0.2765625 0.15468750000000003
0 0.25625 0.11718750000000004 0.2328125 0.11718750000000004 0.2328125 0.15937500000000004 0.25625 0.15937500000000004
0 0.2359375 0.10937500000000004 0.2046875 0.10937500000000004 0.2046875 0.16250000000000003 0.2359375 0.16250000000000003
0 0.209375 0.12187500000000002 0.18125 0.121875 0.18125 0.16250000000000003 0.209375 0.16250000000000003
0 0.1828125 0.12031250000000002 0.1640625 0.1203125 0.1640625 0.1609375 0.1828125 0.16093750000000004
0 0.1625 0.1203125 0.1390625 0.1203125 0.1390625 0.1609375 0.1625 0.1609375
0 0.140625 0.1203125 0.1125 0.1203125 0.1125 0.165625 0.140625 0.165625
0 0.1125 0.1234375 0.08593750000000003 0.1234375 0.08593750000000003 0.165625 0.1125 0.165625
0 0.08750000000000002 0.125 0.06093750000000002 0.125 0.06093750000000002 0.1671875 0.08750000000000002 0.1671875
0 0.06406250000000002 0.1234375 0.039062500000000014 0.1234375 0.039062500000000014 0.16875 0.06406250000000002 0.16875
0 0.039062500000000014 0.1296875 0.017187500000000015 0.1296875 0.01718750000000002 0.16875 0.03906250000000002 0.16875
0 0.01562500000000002 0.1265625 1.549943605170869e-17 0.1265625 1.8082675393660138e-17 0.16875 0.01562500000000002 0.16875
0 0.08906250000000004 0.3796875 0.06406250000000005 0.3796875 0.06406250000000005 0.421875 0.08906250000000004 0.421875
0 0.70625 0.33281250000000007 0.6765625 0.33281250000000007 0.6765625 0.3828125000000001 0.70625 0.3828125000000001
0 0.725 0.3843750000000001 0.696875 0.3843750000000001 0.696875 0.434375 0.725 0.434375
0 0.73125 0.4453125000000001 0.7046875 0.4453125 0.7046875 0.4875000000000001 0.73125 0.48750000000000016
0 0.759375 0.3968750000000001 0.734375 0.3968750000000001 0.734375 0.4390625000000002 0.759375 0.4390625000000002
0 0.7625 0.4390625000000002 0.73125 0.4390625000000002 0.73125 0.4937500000000002 0.7625 0.4937500000000002
0 0.7984375 0.44843750000000016 0.7703125 0.44843750000000016 0.7703125 0.4937500000000002 0.7984375 0.4937500000000002
0 0.8265625 0.44843750000000016 0.8015625 0.44843750000000016 0.8015625 0.4906250000000002 0.8265625 0.4906250000000002
0 0.790625 0.38750000000000007 0.759375 0.38750000000000007 0.759375 0.43281250000000016 0.790625 0.43281250000000016
0 0.8078125 0.3187500000000001 0.7765625 0.3187500000000001 0.7765625 0.3734375000000001 0.8078125 0.3734375000000001
0 0.865625 0.3281250000000001 0.8359375 0.3281250000000001 0.8359375 0.3765625000000001 0.865625 0.3765625000000001
0 0.9046875 0.3203125000000001 0.871875 0.3203125000000001 0.871875 0.3734375000000001 0.9046875 0.3734375000000001
0 0.9234375 0.33281250000000007 0.9015625 0.33281250000000007 0.9015625 0.3703125000000001 0.9234375 0.3703125000000001
0 0.95625 0.3234375000000001 0.928125 0.3234375000000001 0.928125 0.3671875000000001 0.95625 0.3671875000000001
0 1 0.3203125000000001 0.9703125 0.3203125000000001 0.9703125 0.3656250000000001 1 0.3656250000000001
0 1 0.2750000000000001 0.984375 0.2750000000000001 0.984375 0.3156250000000001 1 0.3156250000000001
0 0.984375 0.2734375000000001 0.9578125 0.2734375000000001 0.9578125 0.3187500000000001 0.984375 0.3187500000000001
0 0.95625 0.2750000000000001 0.93125 0.2750000000000001 0.93125 0.3156250000000001 0.95625 0.3156250000000001
0 0.9328125 0.27812500000000007 0.90625 0.27812500000000007 0.90625 0.3203125000000001 0.9328125 0.3203125000000001
0 0.909375 0.27812500000000007 0.884375 0.27812500000000007 0.884375 0.3203125000000001 0.909375 0.3203125000000001
0 0.884375 0.2812500000000001 0.8609375 0.2812500000000001 0.8609375 0.3234375000000001 0.884375 0.3234375000000001
0 0.8609375 0.2796875000000001 0.8359375 0.2796875000000001 0.8359375 0.3218750000000001 0.8609375 0.3218750000000001
0 0.8375 0.2796875000000001 0.8140625 0.2796875000000001 0.8140625 0.3234375000000001 0.8375 0.3234375000000001
0 0.815625 0.2812500000000001 0.790625 0.2812500000000001 0.790625 0.3234375000000001 0.815625 0.3234375000000001
0 0.95625 0.5296875000000002 0.9328125 0.5296875000000002 0.9328125 0.5703125000000002 0.95625 0.5703125000000002
2 0.778125 0.2906250000000001 0.7046875 0.2906250000000001 0.7046875 0.3906250000000001 0.778125 0.3906250000000001
3 0.9640625 0.8390625 0.8875 0.8390625 0.8875 0.95 0.9640625 0.95
0 0.984375 0.6000000000000002 0.9484375 0.6000000000000002 0.9484375 0.6203125000000002 0.984375 0.6203125000000002