0 0.02968750000000008 0.60625 0.009375000000000074 0.60625 0.009375000000000078 0.6546875 0.02968750000000008 0.6546875
0 0.3703125000000001 0.8234375 0.3609375000000001 0.8234375 0.3609375000000001 0.9046875 0.3703125000000001 0.9046875
0 0.3546875000000001 0.6765625 0.3312500000000001 0.6765625 0.3312500000000001 0.728125 0.3546875000000001 0.728125
0 0.4531250000000001 0.715625 0.43125 0.715625 0.4312500000000001 0.76875 0.45312500000000017 0.76875
0 0.2140625000000001 0.440625 0.19218750000000004 0.440625 0.19218750000000004 0.484375 0.2140625000000001 0.484375
0 0.4265625000000002 0.728125 0.41406250000000017 0.728125 0.41406250000000017 0.7703125 0.4265625000000002 0.7703125
0 0.22031250000000008 0.5015625 0.2015625000000001 0.5015625 0.2015625000000001 0.5421875 0.22031250000000008 0.5421875
0 0.2171875000000001 0.5515625 0.1984375000000001 0.5515625 0.1984375000000001 0.6 0.2171875000000001 0.6
0 0.2531250000000001 0.5140625 0.23593750000000008 0.5140625 0.23593750000000008 0.5578125 0.2531250000000001 0.5578125
0 0.2500000000000001 0.553125 0.22656250000000008 0.553125 0.22656250000000008 0.6125 0.2500000000000001 0.6125
0 0.11718750000000014 0.921875 0.10781250000000013 0.921875 0.10781250000000013 0.9984375 0.11718750000000014 0.9984375
0 0.2828125000000001 0.571875 0.2609375000000001 0.571875 0.2609375000000001 0.621875 0.2828125000000001 0.621875
0 0.3109375000000001 0.584375 0.29375000000000007 0.584375 0.29375000000000007 0.6265625 0.3109375000000001 0.6265625
0 0.2875000000000001 0.515625 0.2640625000000001 0.515625 0.2640625000000001 0.5625 0.2875000000000001 0.5625
0 0.3140625000000001 0.45 0.2921875000000001 0.45 0.2921875000000001 0.5078125 0.3140625000000001 0.5078125
0 0.3703125000000001 0.4765625 0.3500000000000001 0.4765625 0.3500000000000001 0.521875 0.3703125000000001 0.521875
0 0.409375 0.4734375 0.3859375000000001 0.4734375 0.3859375000000001 0.528125 0.409375 0.528125
0 0.4296875 0.4875 0.4140625 0.4875 0.4140625 0.528125 0.4296875 0.528125
0 0.4609375 0.4875 0.440625 0.4875 0.440625 0.5328125 0.4609375 0.5328125
0 0.50625 0.49375 0.4828125 0.49375 0.4828125 0.540625 0.50625 0.540625
0 0.6953125 0.1390625000000001 0.6875 0.1390625000000001 0.6875 0.2062500000000001 0.6953125 0.2062500000000001
0 0.7765625 0.21093750000000008 0.7578125 0.21093750000000008 0.7578125 0.2875000000000001 0.7765625 0.2875000000000001
0 0.6921875000000002 0.7890625 0.6750000000000002 0.7890625 0.6750000000000002 0.83125 0.6921875000000002 0.83125
0 0.7140625000000002 0.7890625 0.6953125000000002 0.7890625 0.6953125000000002 0.83125 0.7140625000000002 0.83125
0 0.7375000000000002 0.7890625000000001 0.7218750000000002 0.7890625 0.7218750000000002 0.834375 0.7375000000000002 0.834375
0 0.7718750000000002 0.7906250000000001 0.7500000000000002 0.7906250000000001 0.7500000000000002 0.8375 0.7718750000000002 0.8375
0 0.7968750000000002 0.7968750000000002 0.7765625000000002 0.7968750000000002 0.7765625000000002 0.840625 0.7968750000000002 0.840625
0 0.8171875 0.803125 0.8 0.803125 0.8 0.8453125 0.8171875 0.8453125
0 0.9953125 0.5031250000000002 0.9765625 0.5031250000000002 0.9765625 0.5500000000000002 0.9953125 0.5500000000000002
0 0.9734375 0.5031250000000002 0.953125 0.5031250000000002 0.953125 0.5453125000000002 0.9734375 0.5453125000000002
0 0.9453125 0.4984375000000002 0.928125 0.4984375000000002 0.928125 0.5406250000000001 0.9453125 0.5406250000000001
0 0.921875 0.4937500000000002 0.9046875 0.4937500000000002 0.9046875 0.5390625000000002 0.921875 0.5390625000000002
0 0.8984375 0.48437500000000017 0.8765625 0.48437500000000017 0.8765625 0.5359375000000002 0.8984375 0.5359375000000002
0 0.86875 0.48437500000000017 0.85 0.48437500000000017 0.85 0.5296875000000002 0.86875 0.5296875000000002
0 0.840625 0.4828125000000002 0.821875 0.4828125000000002 0.821875 0.5250000000000001 0.840625 0.5250000000000001
0 0.7734375 0.4734375000000002 0.75625 0.4734375000000002 0.75625 0.5171875000000001 0.7734375 0.5171875000000001
0 0.634375 0.46875 0.615625 0.46875 0.615625 0.5078125 0.634375 0.5078125
0 0.6125 0.46875 0.5984375 0.46875 0.5984375 0.5078125 0.6125 0.5078125
0 0.59375 0.45625 0.571875 0.45625 0.571875 0.50625 0.59375 0.50625
0 0.5671875 0.4640625 0.546875 0.4640625 0.546875 0.503125 0.5671875 0.503125
0 0.5421875 0.45625 0.528125 0.45625 0.528125 0.5 0.5421875 0.5
0 0.5234375 0.45625 0.50625 0.45625 0.50625 0.490625 0.5234375 0.490625
0 0.5 0.44375 0.478125 0.44375 0.478125 0.490625 0.5 0.490625
0 0.471875 0.440625 0.4515625 0.440625 0.4515625 0.484375 0.471875 0.484375
0 0.446875 0.4375 0.428125 0.4375 0.428125 0.4828125 0.446875 0.4828125
0 0.4234375 0.43125 0.40625 0.43125 0.40625 0.478125 0.4234375 0.478125
0 0.3984375000000001 0.428125 0.3828125000000001 0.428125 0.3828125000000001 0.4734375 0.3984375000000001 0.4734375
0 0.3765625000000001 0.4265625 0.3593750000000001 0.4265625 0.3593750000000001 0.46875 0.3765625000000001 0.46875
0 0.3531250000000001 0.4203125 0.3375000000000001 0.4203125 0.3375000000000001 0.465625 0.3531250000000001 0.465625
0 0.3312500000000001 0.4171875 0.3140625000000001 0.4171875 0.3140625000000001 0.4578125 0.3312500000000001 0.4578125
0 0.2656250000000001 0.678125 0.2484375000000001 0.678125 0.2484375000000001 0.721875 0.2656250000000001 0.721875
2 0.2843750000000001 0.4046875 0.2250000000000001 0.4046875 0.2250000000000001 0.50625 0.2843750000000001 0.50625