0 0.2890625 0.3 0.2703125 0.3 0.2703125 0.340625 0.2890625 0.340625
0 0.025000000000000012 0.059375 0.004687500000000007 0.059375 0.004687500000000009 0.1046875 0.025000000000000012 0.1046875
0 0.03437500000000002 0.1140625 0.015625000000000017 0.1140625 0.015625000000000017 0.1546875 0.034375000000000024 0.1546875
0 0.029687500000000023 0.1765625 0.009375000000000022 0.1765625 0.009375000000000024 0.2140625 0.029687500000000023 0.2140625
0 0.06718750000000002 0.1296875 0.051562500000000025 0.1296875 0.051562500000000025 0.165625 0.06718750000000002 0.165625
0 0.06250000000000003 0.171875 0.04062500000000002 0.171875 0.04062500000000002 0.2171875 0.06250000000000003 0.2171875
0 0.10156250000000004 0.184375 0.07968750000000002 0.184375 0.07968750000000002 0.221875 0.10156250000000004 0.221875
0 0.12812500000000004 0.1859375 0.11093750000000005 0.1859375 0.11093750000000005 0.2234375 0.12812500000000004 0.2234375
0 0.103125 0.1203125 0.07968750000000002 0.1203125 0.07968750000000002 0.1625 0.103125 0.1625
0 0.1296875 0.059375000000000025 0.1078125 0.059375000000000025 0.1078125 0.1046875 0.1296875 0.1046875
0 0.1859375 0.07343750000000002 0.165625 0.07343750000000002 0.165625 0.11093750000000002 0.1859375 0.11093750000000005
0 0.2265625 0.07031250000000003 0.2015625 0.07031250000000003 0.2015625 0.11718750000000004 0.2265625 0.11718750000000004
0 0.2453125 0.07500000000000002 0.2296875 0.07500000000000002 0.2296875 0.11718750000000004 0.2453125 0.11718750000000004
0 0.2765625 0.07656250000000003 0.25625 0.07656250000000002 0.25625 0.11718750000000004 0.2765625 0.11718750000000004
0 0.321875 0.07968750000000005 0.2984375 0.07968750000000005 0.2984375 0.12031250000000004 0.321875 0.12031250000000004
0 0.35 0.035937500000000046 0.34375 0.035937500000000046 0.34375 0.07187500000000005 0.35 0.07187500000000005
0 0.3375 0.034375000000000044 0.321875 0.034375000000000044 0.321875 0.06718750000000004 0.3375 0.06718750000000004
0 0.315625 0.032812500000000036 0.2953125 0.032812500000000036 0.2953125 0.07031250000000004 0.315625 0.07031250000000004
0 0.2875 0.032812500000000036 0.2671875 0.032812500000000036 0.2671875 0.06562500000000003 0.2875 0.06562500000000004
0 0.2625 0.028125000000000032 0.24375 0.028125000000000032 0.24375 0.06406250000000002 0.2625 0.06406250000000002
0 0.2375 0.029687500000000026 0.221875 0.029687500000000023 0.221875 0.06250000000000003 0.2375 0.06250000000000003
0 0.2140625 0.02812500000000002 0.196875 0.02812500000000002 0.196875 0.06562500000000002 0.2140625 0.06562500000000002
0 0.1921875 0.025000000000000022 0.1734375 0.025000000000000022 0.1734375 0.06093750000000002 0.1921875 0.06093750000000002
0 0.1671875 0.02343750000000002 0.1515625 0.023437500000000017 0.1515625 0.05625000000000002 0.1671875 0.05625000000000002
0 0.146875 0.020312500000000018 0.128125 0.020312500000000018 0.128125 0.05625000000000002 0.146875 0.05625000000000002
2 0.1 0.037500000000000006 0.0421875 0.0375 0.0421875 0.1078125 0.1 0.1078125
1 0.6234375 0.01406250000000007 0.5203125 0.014062500000000061 0.5203125 0.18437500000000007 0.6234375 0.1843750000000001
0 0.6703125 0.1281250000000001 0.6390625 0.1281250000000001 0.6390625 0.1781250000000001 0.6703125 0.1781250000000001
0 0.646875 0.2968750000000001 0.609375 0.2968750000000001 0.609375 0.35625000000000007 0.646875 0.35625000000000007
0 0.475 0.3734375000000001 0.440625 0.3734375000000001 0.440625 0.4203125 0.475 0.4203125
0 0.3609375 0.17343750000000005 0.35 0.17343750000000005 0.35 0.2390625 0.3609375 0.2390625
2 0.3500000000000001 0.709375 0.2609375000000001 0.709375 0.2609375000000001 0.76875 0.3500000000000001 0.76875
0 0.24218750000000008 0.675 0.2015625000000001 0.675 0.2015625000000001 0.709375 0.24218750000000008 0.709375
0 0.1375000000000001 0.70625 0.10000000000000009 0.70625 0.10000000000000009 0.7390625 0.1375000000000001 0.7390625
0 0.7562500000000002 0.953125 0.7312500000000002 0.953125 0.7312500000000002 1 0.7562500000000002 1
0 0.7937500000000001 0.7171875000000002 0.771875 0.7171875000000002 0.7718750000000001 0.7828125000000001 0.7937500000000002 0.7828125000000001
0 0.6781250000000002 0.8359375 0.6437500000000002 0.8359375 0.6437500000000002 0.9046875 0.6781250000000002 0.9046875
0 0.6218750000000002 0.934375 0.5765625000000002 0.934375 0.5765625000000002 0.990625 0.6218750000000002 0.990625
0 0.49531250000000016 0.9875 0.4546875000000002 0.9875 0.4546875000000002 1 0.49531250000000016 1
0 0.7 0.6484375 0.678125 0.6484375 0.678125 0.7234375 0.7 0.7234375