0 0.18906250000000008 0.578125 0.17343750000000008 0.578125 0.17343750000000008 0.659375 0.18906250000000008 0.659375
0 0.16250000000000003 0.4328125 0.13593750000000004 0.4328125 0.13593750000000004 0.484375 0.16250000000000003 0.484375
0 0.26250000000000007 0.4640625 0.2375000000000001 0.4640625 0.2375000000000001 0.51875 0.26250000000000007 0.51875
0 0.2375000000000001 0.478125 0.2218750000000001 0.478125 0.2218750000000001 0.521875 0.2375000000000001 0.521875
0 0.014062500000000037 0.2671875 3.2721031664718344e-17 0.2671875 3.5208595475486407e-17 0.3078125 0.014062500000000039 0.3078125
0 0.014062500000000042 0.315625 3.865291459808834e-17 0.315625 4.171453159595672e-17 0.365625 0.014062500000000044 0.365625
0 0.048437500000000036 0.2765625 0.029687500000000033 0.2765625 0.02968750000000004 0.321875 0.04843750000000004 0.321875
0 0.048437500000000036 0.315625 0.02031250000000004 0.315625 0.020312500000000042 0.3765625 0.04843750000000004 0.3765625
0 0.08281250000000004 0.3328125 0.057812500000000044 0.3328125 0.057812500000000044 0.3828125 0.08281250000000004 0.3828125
0 0.11093750000000005 0.3421875 0.09062500000000004 0.3421875 0.09062500000000004 0.3859375 0.11093750000000005 0.3859375
0 0.08281250000000004 0.275 0.05625000000000004 0.275 0.05625000000000004 0.3234375 0.08281250000000004 0.3234375
0 0.10625000000000004 0.2078125 0.07968750000000002 0.2078125 0.07968750000000002 0.2671875 0.10625000000000004 0.2671875
0 0.16250000000000003 0.2328125 0.13906250000000003 0.2328125 0.13906250000000003 0.278125 0.16250000000000003 0.278125
0 0.2015625 0.225 0.17500000000000004 0.225 0.17500000000000004 0.28125 0.2015625 0.28125
0 0.2234375 0.2390625 0.2046875 0.2390625 0.2046875 0.2796875 0.2234375 0.2796875
0 0.253125 0.2359375 0.23125 0.2359375 0.23125 0.28125 0.253125 0.28125
0 0.3 0.2375 0.2734375 0.2375 0.2734375 0.2859375 0.3 0.2859375
0 0.5515625 6.611179204772041e-17 0.528125 6.467665907996959e-17 0.528125 0.015625000000000066 0.5515625 0.015625000000000066
0 0.50625 0.5203125 0.4859375 0.5203125 0.4859375 0.5640625 0.50625 0.5640625
0 0.5265625 0.51875 0.50625 0.51875 0.50625 0.5625 0.5265625 0.5625
0 0.5515625 0.51875 0.5328125 0.51875 0.5328125 0.5640625 0.5515625 0.5640625
0 0.584375 0.5171875 0.559375 0.5171875 0.559375 0.565625 0.584375 0.565625
0 0.6109375 0.5203125 0.5875 0.5203125 0.5875 0.565625 0.6109375 0.565625
0 0.63125 0.525 0.6109375 0.525 0.6109375 0.56875 0.63125 0.56875
0 0.65 0.20468750000000008 0.6390625 0.20468750000000008 0.6390625 0.2500000000000001 0.65 0.2500000000000001
0 0.6328125 0.20312500000000008 0.6109375 0.20312500000000008 0.6109375 0.2468750000000001 0.6328125 0.2468750000000001
0 0.565625 0.2000000000000001 0.5453125 0.2000000000000001 0.5453125 0.2453125000000001 0.565625 0.2453125000000001
0 0.4265625 0.20468750000000008 0.4046875 0.20468750000000008 0.4046875 0.2453125000000001 0.4265625 0.2453125000000001
0 0.4046875 0.2062500000000001 0.3875 0.2062500000000001 0.3875 0.2468750000000001 0.4046875 0.2468750000000001
0 0.384375 0.19531250000000006 0.359375 0.19531250000000006 0.359375 0.24687500000000004 0.384375 0.2468750000000001
0 0.3578125 0.2046875 0.334375 0.2046875 0.334375 0.2453125 0.3578125 0.2453125
0 0.3328125 0.19843750000000004 0.3171875 0.19843750000000004 0.3171875 0.24375 0.3328125 0.24375
0 0.3140625 0.2 0.29375 0.2 0.29375 0.2359375 0.3140625 0.2359375
0 0.290625 0.18906250000000005 0.265625 0.18906250000000005 0.265625 0.2375 0.290625 0.2375
0 0.2609375 0.18906250000000005 0.2390625 0.18906250000000005 0.2390625 0.234375 0.2609375 0.234375
0 0.2375 0.18750000000000006 0.215625 0.18750000000000006 0.215625 0.2328125 0.2375 0.2328125
0 0.2140625 0.18281250000000004 0.19218750000000004 0.18281250000000004 0.19218750000000004 0.23125 0.2140625 0.23125
0 0.18750000000000003 0.18125000000000002 0.16875 0.18125 0.16875 0.2265625 0.18750000000000006 0.2265625
0 0.16562500000000002 0.1796875 0.1453125 0.1796875 0.1453125 0.2234375 0.16562500000000005 0.2234375
0 0.14218750000000002 0.1765625 0.1234375 0.1765625 0.12343750000000002 0.221875 0.14218750000000005 0.221875
0 0.12031250000000002 0.175 0.1 0.175 0.10000000000000002 0.215625 0.12031250000000004 0.215625
0 0.07343750000000006 0.4390625 0.05312500000000005 0.4390625 0.053125000000000054 0.484375 0.07343750000000007 0.484375
2 0.07656250000000002 0.165625 0.01093750000000002 0.165625 0.010937500000000027 0.271875 0.07656250000000002 0.271875
2 0.703125 0.2687500000000001 0.65 0.2687500000000001 0.65 0.5015625 0.703125 0.5015625
2 0.7421875 0.5671875000000001 0.6984375 0.5671875 0.6984375 0.7187500000000001 0.7421875 0.7187500000000002
0 0.978125 0.2593750000000001 0.9375 0.2593750000000001 0.9375 0.2984375000000001 0.978125 0.2984375000000001
0 0.9515625 0.21093750000000008 0.9125 0.21093750000000008 0.9125 0.24218750000000008 0.9515625 0.24218750000000008
0 1 0.2156250000000001 0.9703125 0.2156250000000001 0.9703125 0.2500000000000001 1 0.2500000000000001
0 0.06562500000000011 0.9328125 0.03906250000000011 0.9328125 0.03906250000000012 0.9875 0.06562500000000011 0.9875
0 0.16562500000000013 0.9703125 0.14062500000000014 0.9703125 0.14062500000000014 1 0.16562500000000013 1
0 0.14062500000000014 0.978125 0.12500000000000014 0.978125 0.12500000000000014 1 0.14062500000000014 1
0 0.009375000000000105 0.834375 1.0218146730385728e-16 0.834375 1.0514740877054227e-16 0.8828125 0.009375000000000109 0.8828125
0 0.0375000000000001 0.840625 0.017187500000000105 0.840625 0.01718750000000011 0.8859375 0.03750000000000011 0.8859375
0 0.009375000000000097 0.775 9.491012693391987e-17 0.775 9.787606840060487e-17 0.8234375 0.0093750000000001 0.8234375
0 0.03281250000000009 0.71875 0.007812500000000088 0.71875 0.007812500000000092 0.765625 0.03281250000000009 0.765625
0 0.0906250000000001 0.7296875 0.0671875000000001 0.7296875 0.0671875000000001 0.778125 0.0906250000000001 0.778125
0 0.1296875000000001 0.728125 0.10312500000000009 0.728125 0.10312500000000009 0.7796875 0.1296875000000001 0.7796875
0 0.15000000000000008 0.7390625 0.1312500000000001 0.7390625 0.1312500000000001 0.7796875 0.15000000000000008 0.7796875
0 0.1828125000000001 0.7390625 0.15781250000000008 0.7390625 0.15781250000000008 0.7828125 0.1828125000000001 0.7828125
0 0.22656250000000008 0.740625 0.2000000000000001 0.740625 0.2000000000000001 0.790625 0.22656250000000008 0.790625
0 0.6406250000000001 0.71875 0.621875 0.71875 0.6218750000000001 0.75625 0.6406250000000002 0.75625
0 0.6171875000000001 0.71875 0.5921875 0.71875 0.5921875000000001 0.75625 0.6171875000000002 0.75625
0 0.5875000000000001 0.71875 0.5671875 0.71875 0.5671875000000001 0.7515625 0.5875000000000001 0.7515625
0 0.5593750000000001 0.71875 0.5375 0.71875 0.5375000000000001 0.75 0.5593750000000002 0.75
0 0.4921875000000001 0.71875 0.4703125 0.71875 0.4703125000000001 0.7484375 0.49218750000000017 0.7484375
0 0.3515625000000001 0.71875 0.3296875000000001 0.71875 0.3296875000000001 0.746875 0.3515625000000001 0.746875
0 0.3312500000000001 0.71875 0.3125000000000001 0.71875 0.3125000000000001 0.7484375 0.3312500000000001 0.7484375
0 0.3109375000000001 0.71875 0.28593750000000007 0.71875 0.28593750000000007 0.7484375 0.3109375000000001 0.7484375
0 0.2843750000000001 0.71875 0.26250000000000007 0.71875 0.26250000000000007 0.7453125 0.2843750000000001 0.7453125
0 0.2593750000000001 0.71875 0.24375000000000008 0.71875 0.24375000000000008 0.74375 0.2593750000000001 0.74375
0 0.2390625000000001 0.71875 0.22031250000000008 0.71875 0.22031250000000008 0.7375 0.2390625000000001 0.7375
0 0.2171875000000001 0.71875 0.1937500000000001 0.71875 0.1937500000000001 0.7375 0.2171875000000001 0.7375
0 0.18750000000000008 0.71875 0.16562500000000008 0.71875 0.16562500000000008 0.7328125 0.18750000000000008 0.7328125
0 0.1625000000000001 0.71875 0.14218750000000008 0.71875 0.14218750000000008 0.7328125 0.1625000000000001 0.7328125
0 0.14062500000000008 0.71875 0.11875000000000009 0.71875 0.11875000000000009 0.73125 0.14062500000000008 0.73125
0 0.9421875 0.7187500000000002 0.91875 0.7187500000000002 0.91875 0.7765625000000002 0.9421875 0.7765625000000002
0 0.95625 0.975 0.9359375 0.975 0.9359375 1 0.95625 1
0 0.8171875 0.9796875 0.7953125000000002 0.9796875 0.7953125000000002 1 0.8171875 1
0 0.7968750000000002 0.98125 0.7765625000000002 0.98125 0.7765625000000002 1 0.7968750000000002 1
0 0.7765625000000002 0.975 0.7515625000000001 0.975 0.7515625000000001 1 0.7765625000000002 1
0 0.7484375000000002 0.9796875 0.7265625000000002 0.9796875 0.7265625000000002 1 0.7484375000000002 1
0 0.7234375000000002 0.978125 0.7078125000000002 0.978125 0.7078125000000002 1 0.7234375000000002 1
0 0.7046875000000001 0.9734375 0.6843750000000002 0.9734375 0.6843750000000002 1 0.7046875000000001 1
0 0.6812500000000001 0.975 0.6578125000000001 0.975 0.6578125000000001 1 0.6812500000000001 1