0 0.04375000000000005 0.4546875 0.028125000000000056 0.4546875 0.028125000000000056 0.4796875 0.04375000000000005 0.4796875
0 0.09375000000000004 0.33125 0.06718750000000004 0.33125 0.06718750000000004 0.3796875 0.09375000000000004 0.3796875
0 0.19375000000000003 0.371875 0.16718750000000004 0.371875 0.16718750000000004 0.421875 0.19375000000000003 0.421875
0 0.16718750000000004 0.378125 0.15156250000000004 0.378125 0.15156250000000004 0.41875 0.16718750000000004 0.41875
0 0.01875000000000002 0.134375 1.6456191363542558e-17 0.134375 1.923078176786078e-17 0.1796875 0.018750000000000024 0.1796875
0 0.059375000000000025 0.1296875 0.03281250000000001 0.1296875 0.032812500000000015 0.184375 0.059375000000000025 0.184375
0 0.07968750000000002 0.140625 0.06093750000000002 0.140625 0.06093750000000002 0.184375 0.07968750000000002 0.184375
0 0.11093750000000002 0.140625 0.08906250000000002 0.140625 0.08906250000000002 0.184375 0.11093750000000005 0.184375
0 0.15625000000000003 0.14375 0.13125 0.14375 0.13125000000000003 0.1875 0.15625000000000006 0.1875
0 0.36406250000000007 0.425 0.3437500000000001 0.425 0.3437500000000001 0.465625 0.36406250000000007 0.465625
0 0.3843750000000001 0.421875 0.3625000000000001 0.421875 0.3625000000000001 0.4625 0.3843750000000001 0.4625
0 0.409375 0.4234375 0.3906250000000001 0.4234375 0.3906250000000001 0.4671875 0.409375 0.4671875
0 0.4421875 0.4203125 0.4171875 0.4203125 0.4171875 0.465625 0.4421875 0.465625
0 0.46875 0.4234375 0.44375 0.4234375 0.44375 0.46875 0.46875 0.46875
0 0.4796875 0.4296875 0.46875 0.4296875 0.46875 0.4703125 0.4796875 0.4703125
0 0.4796875 0.10468750000000004 0.4671875 0.10468750000000004 0.4671875 0.14843750000000006 0.4796875 0.14843750000000006
0 0.4234375 0.10000000000000005 0.4015625 0.10000000000000005 0.4015625 0.14531250000000004 0.4234375 0.14531250000000004
0 0.28125 0.10468750000000004 0.2609375 0.10468750000000004 0.2609375 0.14531250000000004 0.28125 0.14531250000000004
0 0.2625 0.10468750000000004 0.24375 0.10468750000000004 0.24375 0.14843750000000006 0.2625 0.14843750000000006
0 0.240625 0.09531250000000002 0.215625 0.09531250000000002 0.215625 0.14687500000000003 0.240625 0.14687500000000003
0 0.215625 0.10781250000000005 0.1921875 0.10781250000000005 0.1921875 0.14687500000000003 0.215625 0.14687500000000003
0 0.1890625 0.10156250000000003 0.1734375 0.1015625 0.1734375 0.14062500000000003 0.1890625 0.14062500000000006
0 0.1703125 0.09843750000000002 0.15 0.09843750000000002 0.15 0.1375 0.1703125 0.1375
0 0.146875 0.09218750000000002 0.1234375 0.09218750000000002 0.1234375 0.140625 0.146875 0.140625
0 0.11875 0.09375000000000003 0.09687500000000002 0.09375000000000003 0.09687500000000002 0.134375 0.11875 0.134375
0 0.09375000000000003 0.0921875 0.07187500000000002 0.0921875 0.07187500000000002 0.1359375 0.09375000000000003 0.1359375
0 0.07031250000000001 0.0875 0.05 0.0875 0.05000000000000001 0.13125 0.07031250000000003 0.13125
0 0.04531250000000001 0.084375 0.02656250000000001 0.084375 0.02656250000000001 0.1296875 0.04531250000000001 0.1296875
0 0.021875000000000012 0.0859375 0.0015625000000000105 0.0859375 0.0015625000000000129 0.1265625 0.021875000000000016 0.1265625
0 0.5796875 0.3000000000000001 0.5390625 0.3000000000000001 0.5390625 0.3390625000000001 0.5796875 0.3390625000000001
0 0.515625 0.446875 0.4796875 0.446875 0.4796875 0.4796875 0.515625 0.4796875
0 0.5109375 0.4078125 0.4796875 0.4078125 0.4796875 0.440625 0.5109375 0.440625
0 0.9453125 0.2750000000000001 0.903125 0.2750000000000001 0.903125 0.3078125000000001 0.9453125 0.3078125000000001
0 0.7171875 8.668203125214859e-17 0.6984375 8.553392487794795e-17 0.6984375 0.04843750000000009 0.7171875 0.04843750000000009
0 0.6421875 7.749718025854345e-17 0.6234375 7.634907388434281e-17 0.6234375 0.012500000000000077 0.6421875 0.012500000000000077
2 0.959375 0.3125000000000001 0.865625 0.3125000000000001 0.865625 0.3578125000000001 0.959375 0.3578125000000001
0 0.3671875000000001 0.6328125 0.3109375000000001 0.6328125 0.3109375000000001 0.6859375 0.3671875000000001 0.6859375
0 0.2156250000000001 0.734375 0.15625000000000008 0.734375 0.15625000000000008 0.7890625 0.2156250000000001 0.7890625
0 0.35625000000000007 0.4796875 0.3031250000000001 0.4796875 0.3031250000000001 0.5078125 0.35625000000000007 0.5078125
0 0.050000000000000114 0.875 1.0715659492539341e-16 0.875 1.1031388745444518e-16 0.9265625 0.050000000000000114 0.9265625
0 0.5437500000000002 0.7421875 0.5000000000000002 0.7421875 0.5000000000000002 0.7796875 0.5437500000000002 0.7796875
0 0.5609375 0.6421875 0.5234375 0.6421875 0.5234375 0.6765625 0.5609375 0.6765625
0 0.7984375 0.6093750000000002 0.7640625 0.6093750000000002 0.7640625 0.6421875000000001 0.7984375 0.6421875000000001
0 0.8796875 0.5906250000000002 0.84375 0.5906250000000002 0.84375 0.6375000000000002 0.8796875 0.6375000000000002
0 0.9640625 0.5328125000000001 0.94375 0.5328125000000001 0.94375 0.5859375000000002 0.9640625 0.5859375000000002
0 0.865625 0.80625 0.828125 0.80625 0.828125 0.834375 0.865625 0.834375
0 0.7875000000000002 0.8125 0.7484375000000002 0.8125 0.7484375000000002 0.8421875 0.7875000000000002 0.8421875
0 0.7593750000000001 0.7343750000000001 0.7234375000000002 0.734375 0.7234375000000002 0.7625000000000001 0.7593750000000001 0.7625000000000002
1 0.93125 0.47968750000000016 0.8875 0.47968750000000016 0.8875 0.5359375000000002 0.93125 0.5359375000000002
3 0.8125 0.7312500000000002 0.7703125000000002 0.7312500000000002 0.7703125000000002 0.7640625000000002 0.8125 0.7640625000000002
2 0.80625 0.7625000000000001 0.6937500000000002 0.7625 0.6937500000000002 0.8125 0.80625 0.8125