0 0.09062500000000004 0.234375 0.06718750000000002 0.234375 0.06718750000000004 0.2796875 0.09062500000000004 0.2796875
0 0.09531250000000005 0.296875 0.07500000000000004 0.296875 0.07500000000000004 0.3375 0.09531250000000005 0.3375
0 0.09062500000000004 0.3453125 0.07031250000000004 0.3453125 0.07031250000000004 0.3953125 0.09062500000000004 0.3953125
0 0.12812500000000004 0.309375 0.11093750000000005 0.309375 0.11093750000000005 0.3546875 0.12812500000000004 0.3546875
0 0.12343750000000005 0.3484375 0.09843750000000004 0.3484375 0.09843750000000004 0.409375 0.12343750000000005 0.409375
0 0.15625000000000006 0.36875 0.13281250000000006 0.36875 0.13281250000000006 0.41875 0.15625000000000006 0.41875
0 0.18281250000000004 0.38125 0.16406250000000006 0.38125 0.16406250000000006 0.41875 0.18281250000000004 0.41875
0 0.16093750000000004 0.3109375 0.13593750000000004 0.3109375 0.13593750000000004 0.359375 0.16093750000000004 0.359375
0 0.19062500000000004 0.246875 0.16718750000000004 0.246875 0.16718750000000004 0.3046875 0.19062500000000004 0.3046875
0 0.2453125 0.2765625 0.2234375 0.2765625 0.2234375 0.321875 0.2453125 0.321875
0 0.2859375 0.2734375 0.2609375 0.2734375 0.2609375 0.3296875 0.2859375 0.3296875
0 0.30625 0.290625 0.2890625 0.290625 0.2890625 0.33125 0.30625 0.33125
0 0.3359375 0.290625 0.315625 0.290625 0.315625 0.3359375 0.3359375 0.3359375
0 0.38125 0.2984375 0.35625 0.2984375 0.35625 0.3453125 0.38125 0.3453125000000001
0 0.459375 0.26250000000000007 0.446875 0.26250000000000007 0.446875 0.3140625000000001 0.459375 0.3140625000000001
0 0.44375 0.27031250000000007 0.421875 0.27031250000000007 0.421875 0.3109375000000001 0.44375 0.3109375000000001
0 0.41875 0.26250000000000007 0.4046875 0.26250000000000007 0.4046875 0.3078125000000001 0.41875 0.3078125000000001
0 0.4 0.2609375000000001 0.38125 0.2609375000000001 0.38125 0.2968750000000001 0.4 0.2968750000000001
0 0.3765625 0.24843750000000003 0.353125 0.2484375 0.353125 0.29531250000000003 0.3765625 0.2953125000000001
0 0.3484375 0.24375 0.328125 0.24375 0.328125 0.2890625 0.3484375 0.2890625
0 0.325 0.240625 0.3046875 0.240625 0.3046875 0.2859375 0.325 0.2859375
0 0.3015625 0.2328125 0.28125 0.2328125 0.28125 0.2796875 0.3015625 0.2796875
0 0.2765625 0.2296875 0.259375 0.2296875 0.259375 0.275 0.2765625 0.275
0 0.2546875 0.2265625 0.2359375 0.2265625 0.2359375 0.26875 0.2546875 0.26875
0 0.23125 0.2203125 0.2140625 0.2203125 0.2140625 0.265625 0.23125 0.265625
0 0.209375 0.215625 0.19062500000000004 0.215625 0.19062500000000004 0.25625 0.209375 0.25625
2 0.16250000000000003 0.2 0.10000000000000005 0.2 0.10000000000000005 0.3046875 0.16250000000000003 0.3046875
0 0.85625 0.023437500000000104 0.821875 0.0234375000000001 0.821875 0.08593750000000011 0.85625 0.08593750000000011
2 0.17187500000000006 0.5421875 0.009375000000000067 0.5421875 0.009375000000000076 0.6953125 0.17187500000000008 0.6953125
0 0.028125000000000084 0.678125 8.304636106717989e-17 0.678125 8.562960040913134e-17 0.7203125 0.028125000000000087 0.7203125
0 0.2140625000000001 0.7671875 0.1859375000000001 0.7671875 0.1859375000000001 0.8296875 0.2140625000000001 0.8296875