0 0.028125000000000077 0.603125 0.009375000000000074 0.603125 0.009375000000000076 0.6453125 0.028125000000000077 0.6453125
0 0.3750000000000001 0.725 0.3609375000000001 0.725 0.3609375000000001 0.8078125 0.3750000000000001 0.8078125
0 0.5359375 0.659375 0.5125 0.659375 0.5125 0.703125 0.5359375 0.703125
0 0.6265625000000001 0.7125 0.6046875 0.7125 0.6046875 0.7546875 0.6265625000000001 0.7546875
0 0.21250000000000008 0.4265625 0.19062500000000004 0.4265625 0.19062500000000004 0.4734375 0.21250000000000008 0.4734375
0 0.6000000000000001 0.7203125 0.5890625 0.7203125 0.5890625 0.753125 0.6000000000000002 0.753125
0 0.22031250000000008 0.4796875 0.2000000000000001 0.4796875 0.2000000000000001 0.5265625 0.22031250000000008 0.5265625
0 0.2156250000000001 0.5421875 0.19687500000000005 0.5421875 0.19687500000000008 0.58125 0.2156250000000001 0.58125
0 0.2531250000000001 0.4984375 0.23593750000000008 0.4984375 0.23593750000000008 0.5390625 0.2531250000000001 0.5390625
0 0.2468750000000001 0.540625 0.2234375000000001 0.540625 0.2234375000000001 0.5921875 0.2468750000000001 0.5921875
0 0.11718750000000014 0.9109375 0.10781250000000013 0.9109375 0.10781250000000013 0.9984375 0.11718750000000014 0.9984375
0 0.2812500000000001 0.5578125 0.2609375000000001 0.5578125 0.2609375000000001 0.6 0.2812500000000001 0.6
0 0.30937500000000007 0.5625 0.2921875000000001 0.5625 0.2921875000000001 0.603125 0.30937500000000007 0.603125
0 0.28593750000000007 0.496875 0.26250000000000007 0.496875 0.26250000000000007 0.5390625 0.28593750000000007 0.5390625
0 0.3140625000000001 0.4328125 0.2921875000000001 0.4328125 0.2921875000000001 0.4828125 0.3140625000000001 0.4828125
0 0.3687500000000001 0.4515625 0.34843750000000007 0.4515625 0.34843750000000007 0.496875 0.3687500000000001 0.496875
0 0.4078125 0.4515625 0.3843750000000001 0.4515625 0.3843750000000001 0.5015625 0.4078125 0.5015625
0 0.428125 0.4671875 0.4125 0.4671875 0.4125 0.503125 0.428125 0.503125
0 0.4609375 0.465625 0.440625 0.465625 0.440625 0.5046875 0.4609375 0.5046875
0 0.5046875 0.4703125 0.4828125 0.4703125 0.4828125 0.5125 0.5046875 0.5125
0 0.6953125 0.0984375000000001 0.6859375 0.0984375000000001 0.6859375 0.1671875000000001 0.6953125 0.1671875000000001
0 0.7765625 0.17343750000000008 0.7578125 0.17343750000000008 0.7578125 0.2515625000000001 0.7765625 0.2515625000000001
0 0.6921875000000002 0.765625 0.6750000000000002 0.765625 0.6750000000000002 0.80625 0.6921875000000002 0.80625
0 0.7140625000000002 0.7703125 0.6953125000000002 0.7703125 0.6953125000000002 0.8046875 0.7140625000000002 0.8046875
0 0.7375000000000002 0.7656250000000001 0.7203125000000001 0.765625 0.7203125000000001 0.8125 0.7375000000000002 0.8125
0 0.7703125000000002 0.7671875000000001 0.7484375000000002 0.7671875000000001 0.7484375000000002 0.809375 0.7703125000000002 0.809375
0 0.7968750000000002 0.7765625000000002 0.7765625000000002 0.7765625000000002 0.7765625000000002 0.8140625 0.7968750000000002 0.8140625
0 0.8171875 0.7812500000000002 0.8 0.7812500000000002 0.8 0.81875 0.8171875 0.81875
0 0.946875 0.7937500000000002 0.9296875 0.7937500000000002 0.9296875 0.83125 0.946875 0.83125
0 0.99375 0.4734375000000002 0.9765625 0.4734375000000002 0.9765625 0.5109375000000002 0.99375 0.5109375000000002
0 0.9734375 0.46875000000000017 0.953125 0.46875000000000017 0.953125 0.5078125000000002 0.9734375 0.5078125000000002
0 0.946875 0.4671875000000002 0.9265625 0.4671875000000002 0.9265625 0.5046875000000002 0.946875 0.5046875000000002
0 0.921875 0.4625000000000002 0.9046875 0.4625000000000002 0.9046875 0.5000000000000002 0.921875 0.5000000000000002
0 0.8984375 0.4515625000000002 0.8765625 0.4515625000000002 0.8765625 0.5015625000000001 0.8984375 0.5015625000000001
0 0.8671875 0.4578125000000002 0.85 0.4578125000000002 0.85 0.49531250000000016 0.8671875 0.49531250000000016
0 0.840625 0.45312500000000017 0.8203125 0.45312500000000017 0.8203125 0.4906250000000002 0.840625 0.4906250000000002
0 0.7734375 0.44531250000000017 0.75625 0.44531250000000017 0.75625 0.48437500000000017 0.7734375 0.48437500000000017
0 0.6328125 0.440625 0.6140625 0.440625 0.6140625 0.478125 0.6328125 0.478125
0 0.6125 0.4390625 0.596875 0.4390625 0.596875 0.4796875 0.6125 0.4796875
0 0.5921875 0.4296875 0.5703125 0.4296875 0.5703125 0.4765625 0.5921875 0.4765625
0 0.565625 0.4375 0.5453125 0.4375 0.5453125 0.471875 0.565625 0.471875
0 0.540625 0.4296875 0.528125 0.4296875 0.528125 0.4703125 0.540625 0.4703125
0 0.521875 0.428125 0.5046875 0.428125 0.5046875 0.465625 0.521875 0.465625
0 0.4984375 0.421875 0.478125 0.421875 0.478125 0.4640625 0.4984375 0.4640625
0 0.4703125 0.4171875 0.4515625 0.4171875 0.4515625 0.4546875 0.4703125 0.4546875
0 0.4453125 0.415625 0.4265625 0.415625 0.4265625 0.4546875 0.4453125 0.4546875
0 0.4234375 0.4109375 0.4046875 0.4109375 0.4046875 0.4515625 0.4234375 0.4515625
0 0.3984375000000001 0.409375 0.3812500000000001 0.409375 0.3812500000000001 0.4484375 0.3984375000000001 0.4484375
0 0.3750000000000001 0.4046875 0.3578125000000001 0.4046875 0.3578125000000001 0.44375 0.3750000000000001 0.44375
0 0.3515625000000001 0.3984375 0.3359375000000001 0.3984375 0.3359375000000001 0.440625 0.3515625000000001 0.440625
0 0.3312500000000001 0.396875 0.3140625000000001 0.396875 0.3140625000000001 0.4375 0.3312500000000001 0.4375
0 0.421875 0.6671875 0.4046875 0.6671875 0.4046875 0.7046875 0.421875 0.7046875
2 0.2828125000000001 0.3984375 0.2250000000000001 0.3984375 0.2250000000000001 0.4890625 0.2828125000000001 0.4890625