0 0.14687500000000003 0.2984375 0.12031250000000004 0.2984375 0.12031250000000004 0.359375 0.14687500000000003 0.359375
0 0.3203125 0.23125 0.2921875 0.23125 0.2921875 0.278125 0.3203125 0.278125
0 0.415625 0.2734375000000001 0.3890625 0.2734375000000001 0.3890625 0.3187500000000001 0.415625 0.3187500000000001
0 0.390625 0.2828125000000001 0.3734375 0.2828125000000001 0.3734375 0.3187500000000001 0.390625 0.3187500000000001
0 0.02812500000000002 0.1640625 0.00156250000000002 0.1640625 0.0015625000000000226 0.20625 0.02812500000000002 0.20625
0 0.05625000000000002 0.1625 0.03281250000000002 0.1625 0.03281250000000002 0.2046875 0.05625000000000002 0.2046875
0 0.025000000000000015 0.096875 1.1863765866739984e-17 0.096875 1.4925382864608367e-17 0.146875 0.025000000000000022 0.146875
0 0.045312500000000006 0.034375 0.017187500000000005 0.034375 0.01718750000000001 0.0875 0.04531250000000001 0.0875
0 0.103125 0.04843750000000001 0.0765625 0.04843750000000001 0.0765625 0.0921875 0.103125 0.09218750000000002
0 0.140625 0.040625000000000015 0.1125 0.04062500000000001 0.1125 0.09218750000000002 0.140625 0.09218750000000002
0 0.1625 0.051562500000000025 0.1421875 0.051562500000000025 0.1421875 0.09375000000000003 0.1625 0.09375000000000003
0 0.19375 0.04843750000000002 0.16875 0.04843750000000002 0.16875 0.09062500000000002 0.19375 0.09062500000000002
0 0.2390625 0.045312500000000026 0.2109375 0.04531250000000002 0.2109375 0.09062500000000002 0.2390625 0.09062500000000002
0 0.4609375 0.31718750000000007 0.4375 0.31718750000000007 0.4375 0.3593750000000001 0.4609375 0.3593750000000001
0 0.4828125 0.3187500000000001 0.459375 0.3187500000000001 0.459375 0.3578125000000001 0.4828125 0.3578125000000001
0 0.50625 0.3125000000000001 0.484375 0.3125000000000001 0.484375 0.3593750000000001 0.50625 0.3593750000000001
0 0.5390625 0.3125000000000001 0.5125 0.3125000000000001 0.5125 0.3546875000000001 0.5390625 0.3546875000000001
0 0.565625 0.3140625000000001 0.5390625 0.3140625000000001 0.5390625 0.35625000000000007 0.565625 0.35625000000000007
0 0.5859375 0.31718750000000007 0.5640625 0.31718750000000007 0.5640625 0.35625000000000007 0.5859375 0.35625000000000007
0 0.6890625 8.37160897854636e-17 0.678125 8.304636106717989e-17 0.678125 0.028125000000000084 0.6890625 0.028125000000000087
0 0.675 8.122852597469554e-17 0.6515625 7.979339300694473e-17 0.6515625 0.028125000000000077 0.675 0.028125000000000077
0 0.65 7.826258450801054e-17 0.628125 7.692312707144312e-17 0.628125 0.02656250000000008 0.65 0.02656250000000008
0 0.628125 7.520096751014216e-17 0.6 7.347880794884119e-17 0.6 0.03437500000000008 0.628125 0.03437500000000008
0 0.5953125 7.156529732517345e-17 0.5734375 7.022583988860603e-17 0.5734375 0.026562500000000072 0.5953125 0.02656250000000008
0 0.56875 6.812097820257152e-17 0.54375 6.659016970363734e-17 0.54375 0.029687500000000068 0.56875 0.029687500000000068
0 0.5 5.989288252080024e-17 0.478125 5.855342508423283e-17 0.478125 0.02812500000000006 0.5 0.028125000000000067
0 0.3625 0.001562500000000043 0.3390625 0.0015625000000000417 0.3390625 0.04062500000000004 0.3625 0.04062500000000004
0 0.3421875 0.004687500000000041 0.321875 0.004687500000000039 0.321875 0.043750000000000046 0.3421875 0.043750000000000046
0 0.3203125 3.760048375507108e-17 0.29375 3.59739997249535e-17 0.29375 0.04218750000000004 0.3203125 0.042187500000000044
0 0.2953125 0.0046875000000000345 0.2703125 0.004687500000000034 0.2703125 0.04375000000000003 0.2953125 0.04375000000000003
0 0.26875 0.003125000000000032 0.2515625 0.0031250000000000305 0.2515625 0.04218750000000003 0.26875 0.04218750000000003
0 0.25 0.0031250000000000292 0.228125 0.003125000000000028 0.228125 0.04218750000000003 0.25 0.04218750000000003
0 0.228125 2.631077107543142e-17 0.2015625 2.4684287045313837e-17 0.2015625 0.04218750000000003 0.228125 0.04218750000000003
0 0.1984375 0.0031250000000000227 0.175 0.003125000000000021 0.175 0.042187500000000024 0.1984375 0.042187500000000024
0 0.1734375 0.0015625000000000198 0.15 0.001562500000000018 0.15 0.04062500000000002 0.1734375 0.04062500000000002
0 0.15 1.703024455064288e-17 0.128125 1.5690787114075464e-17 0.128125 0.040625000000000015 0.15 0.04062500000000002
0 0.125 1.4064303083957884e-17 0.1046875 1.2820521178573852e-17 0.1046875 0.04062500000000001 0.125 0.04062500000000001
0 0.103125 1.1194037148456274e-17 0.0796875 9.75890418070547e-18 0.0796875 0.039062500000000014 0.103125 0.039062500000000014
0 0.0765625 8.132420150587893e-18 0.05625 6.888638245203862e-18 0.05625 0.03593750000000001 0.0765625 0.03593750000000001
0 0.05625 5.549180808636444e-18 0.034375 4.2097233720690266e-18 0.034375 0.037500000000000006 0.05625 0.03750000000000001
0 0.2046875 0.25 0.18281250000000004 0.25 0.18281250000000004 0.2921875 0.2046875 0.2921875
2 0.014062500000000006 0.0031250000000000006 3.827021247335479e-19 0.003125 6.027558464553379e-18 0.0953125 0.01406250000000001 0.0953125
0 0.0718750000000001 0.71875 0.04062500000000009 0.71875 0.04062500000000009 0.828125 0.0718750000000001 0.828125
0 0.1359375000000001 0.68125 0.0906250000000001 0.68125 0.0906250000000001 0.778125 0.1359375000000001 0.778125
0 0.24375000000000008 0.4296875 0.2062500000000001 0.4296875 0.2062500000000001 0.4734375 0.24375000000000008 0.4734375
0 0.2218750000000001 0.3734375 0.18906250000000005 0.3734375 0.18906250000000005 0.4171875 0.2218750000000001 0.4171875
0 0.18437500000000004 0.3703125 0.15468750000000003 0.3703125 0.15468750000000003 0.4125 0.18437500000000004 0.4125
0 0.14843750000000006 0.3625 0.11250000000000004 0.3625 0.11250000000000004 0.4140625 0.14843750000000006 0.4140625
0 0.5453125 0.403125 0.50625 0.403125 0.50625 0.4546875 0.5453125 0.4546875
0 0.5015625 0.3937500000000001 0.46875 0.3937500000000001 0.46875 0.4421875 0.5015625 0.4421875
0 0.4828125 0.459375 0.446875 0.459375 0.446875 0.5109375 0.4828125 0.5109375
0 0.34843750000000007 0.49375 0.3140625000000001 0.49375 0.3140625000000001 0.5375 0.34843750000000007 0.5375
0 0.4609375 0.38750000000000007 0.4265625 0.38750000000000007 0.4265625 0.4359375 0.4609375 0.4359375
0 0.425 0.3937500000000001 0.3968750000000001 0.3937500000000001 0.3968750000000001 0.434375 0.425 0.434375
0 0.3968750000000001 0.3921875 0.3625000000000001 0.3921875 0.3625000000000001 0.4359375 0.3968750000000001 0.4359375
0 0.34843750000000007 0.3859375 0.3156250000000001 0.3859375 0.3156250000000001 0.4265625 0.34843750000000007 0.4265625
0 0.6687500000000001 0.7078125 0.6328125 0.7078125 0.6328125000000001 0.753125 0.6687500000000002 0.753125
0 0.1859375000000001 0.7734375 0.14843750000000008 0.7734375 0.14843750000000008 0.81875 0.1859375000000001 0.81875
0 0.22031250000000008 0.7671875 0.1843750000000001 0.7671875 0.1843750000000001 0.8109375 0.22031250000000008 0.8109375
0 0.2796875000000001 0.7546875 0.2468750000000001 0.7546875 0.2468750000000001 0.8 0.2796875000000001 0.8
0 0.3140625000000001 0.753125 0.2812500000000001 0.753125 0.2812500000000001 0.7984375 0.3140625000000001 0.7984375
0 0.3500000000000001 0.7546875 0.3187500000000001 0.7546875 0.3187500000000001 0.803125 0.3500000000000001 0.803125
0 0.3937500000000001 0.7578125 0.35625000000000007 0.7578125 0.35625000000000007 0.8125 0.3937500000000001 0.8125
0 0.4265625000000002 0.7640625 0.39531250000000007 0.7640625 0.39531250000000007 0.809375 0.4265625000000002 0.809375
0 0.46875000000000017 0.7640625 0.4359375000000002 0.7640625 0.4359375000000002 0.809375 0.46875000000000017 0.809375
0 0.4937500000000002 0.759375 0.46875000000000017 0.759375 0.46875000000000017 0.809375 0.4937500000000002 0.809375
0 0.5296875000000002 0.7671875 0.4906250000000002 0.7671875 0.4906250000000002 0.8125 0.5296875000000002 0.8125
0 0.5734375000000002 0.7703125 0.5359375000000002 0.7703125 0.5359375000000002 0.821875 0.5734375000000002 0.821875
0 0.6406250000000002 0.7796875 0.6093750000000002 0.7796875 0.6093750000000002 0.821875 0.6406250000000002 0.821875
3 0.3750000000000001 0.5578125 0.3343750000000001 0.5578125 0.3343750000000001 0.621875 0.3750000000000001 0.621875
0 0.853125 0.7968750000000002 0.815625 0.7968750000000002 0.815625 0.8484375 0.853125 0.8484375
0 0.696875 0.5234375 0.6890625 0.5234375 0.6890625 0.575 0.696875 0.575
0 1 0.5531250000000002 0.978125 0.5531250000000002 0.978125 0.6093750000000002 1 0.6093750000000002
0 0.9703125 0.5437500000000002 0.9390625 0.5437500000000002 0.9390625 0.5921875000000002 0.9703125 0.5921875000000002
0 0.746875 0.5875000000000001 0.7125 0.5875 0.7125 0.6328125000000001 0.746875 0.6328125000000002
0 0.93125 0.5390625000000002 0.9 0.5390625000000002 0.9 0.5843750000000002 0.93125 0.5843750000000002
0 0.9 0.5390625000000002 0.86875 0.5390625000000002 0.86875 0.5843750000000002 0.9 0.5843750000000002
0 0.86875 0.5437500000000002 0.8359375 0.5437500000000002 0.8359375 0.5875000000000001 0.86875 0.5875000000000001
0 0.8234375 0.5359375000000002 0.7890625 0.5359375000000002 0.7890625 0.5796875000000001 0.8234375 0.5796875000000001
0 0.7531250000000002 0.909375 0.7218750000000002 0.909375 0.7218750000000002 0.9546875 0.7531250000000002 0.9546875
0 0.7875000000000002 0.9078125 0.7562500000000002 0.9078125 0.7562500000000002 0.95 0.7875000000000002 0.95
0 0.8265625 0.90625 0.7953125000000002 0.90625 0.7953125000000002 0.9546875 0.8265625 0.9546875
0 0.8703125 0.9125 0.8328125 0.9125 0.8328125 0.9578125 0.8703125 0.9578125
0 0.9015625 0.9140625 0.871875 0.9140625 0.871875 0.9640625 0.9015625 0.9640625
0 0.94375 0.9171875 0.9140625 0.9171875 0.9140625 0.9625 0.94375 0.9625
0 0.96875 0.9171875 0.9453125 0.9171875 0.9453125 0.9609375 0.96875 0.9609375
0 1 0.9171875 0.96875 0.9171875 0.96875 0.9625 1 0.9625