0 0.048437500000000064 0.4828125 0.02187500000000006 0.4828125 0.02187500000000006 0.5 0.048437500000000064 0.5
0 0.012500000000000035 0.2828125 3.463454228838608e-17 0.2828125 3.7983185879804626e-17 0.3375 0.012500000000000039 0.3375
0 0.032812500000000036 0.29375 0.014062500000000033 0.29375 0.014062500000000037 0.3375 0.03281250000000004 0.3375
0 0.06562500000000004 0.29375 0.04218750000000003 0.29375 0.04218750000000004 0.3375 0.06562500000000004 0.3375
0 0.10937500000000004 0.2953125 0.08437500000000005 0.2953125 0.08437500000000005 0.3390625 0.10937500000000004 0.3390625
0 0.35625 4.209723372069027e-17 0.33125 4.0566425221756075e-17 0.33125 0.06093750000000005 0.35625 0.06093750000000005
0 0.4390625 0.2500000000000001 0.41875 0.2500000000000001 0.41875 0.29375000000000007 0.4390625 0.29375000000000007
0 0.3765625 0.24687500000000004 0.353125 0.246875 0.353125 0.29218750000000004 0.3765625 0.2921875000000001
0 0.234375 0.2546875 0.2125 0.2546875 0.2125 0.2953125 0.234375 0.2953125
0 0.2140625 0.2546875 0.19531250000000006 0.2546875 0.19531250000000006 0.2984375 0.2140625 0.2984375
0 0.19375000000000003 0.2453125 0.16875000000000004 0.2453125 0.16875000000000004 0.2984375 0.19375000000000003 0.2984375
0 0.16718750000000004 0.2578125 0.14375000000000004 0.2578125 0.14375000000000004 0.296875 0.16718750000000004 0.296875
0 0.14218750000000005 0.253125 0.12500000000000006 0.253125 0.12500000000000006 0.2921875 0.14218750000000005 0.2921875
0 0.12187500000000004 0.25 0.10156250000000004 0.25 0.10156250000000004 0.2890625 0.12187500000000004 0.2890625
0 0.10000000000000005 0.24375 0.07500000000000002 0.24375 0.07500000000000004 0.2921875 0.10000000000000005 0.2921875
0 0.07187500000000004 0.246875 0.048437500000000036 0.246875 0.048437500000000036 0.2875 0.07187500000000005 0.2875
0 0.04531250000000003 0.24375 0.023437500000000028 0.24375 0.02343750000000003 0.2875 0.04531250000000003 0.2875
0 0.02343750000000003 0.240625 0.0015625000000000291 0.240625 0.001562500000000032 0.284375 0.023437500000000035 0.284375
0 0.4640625 0.006250000000000054 0.4390625 0.006250000000000052 0.4390625 0.03281250000000006 0.4640625 0.03281250000000006
0 0.5546875 0.028125000000000067 0.528125 0.028125000000000067 0.528125 0.05468750000000007 0.5546875 0.05468750000000007
0 0.6265625 0.06093750000000007 0.6015625 0.06093750000000007 0.6015625 0.10000000000000009 0.6265625 0.10000000000000009
0 0.6109375 0.2234375000000001 0.5921875 0.2234375000000001 0.5921875 0.2765625000000001 0.6109375 0.2765625000000001
0 0.5734375 0.20468750000000008 0.540625 0.20468750000000008 0.540625 0.2375000000000001 0.5734375 0.2375000000000001
0 0.55625 0.16562500000000008 0.521875 0.16562500000000005 0.521875 0.19687500000000008 0.55625 0.19687500000000008
0 0.5125 0.17187500000000006 0.478125 0.17187500000000006 0.478125 0.19687500000000005 0.5125 0.19687500000000005
0 0.4625 0.17500000000000004 0.4390625 0.17500000000000004 0.4390625 0.20312500000000008 0.4625 0.20312500000000008
0 0.45 0.21875000000000008 0.4390625 0.21875000000000008 0.4390625 0.2468750000000001 0.45 0.2468750000000001
0 0.49375 0.2062500000000001 0.459375 0.2062500000000001 0.459375 0.23437500000000008 0.49375 0.23437500000000008
0 0.5390625 0.2015625000000001 0.50625 0.2015625000000001 0.50625 0.2296875000000001 0.5390625 0.2296875000000001
2 0.8859375 0.0203125000000001 0.7828125 0.020312500000000094 0.7828125 0.0687500000000001 0.8859375 0.06875000000000012
0 0.6953125 0.45 0.675 0.45 0.675 0.5 0.6953125 0.5
0 0.690625 0.36406250000000007 0.6703125 0.36406250000000007 0.6703125 0.421875 0.690625 0.421875
0 0.2687500000000001 0.8 0.2484375000000001 0.8 0.2484375000000001 0.8359375 0.2687500000000001 0.8359375
0 0.02343750000000008 0.64375 0.004687500000000079 0.64375 0.004687500000000081 0.6796875 0.023437500000000083 0.6796875
0 0.023437500000000087 0.6890625 8.438581850374731e-17 0.6890625 8.706473337688214e-17 0.7328125 0.02343750000000009 0.7328125
0 0.06250000000000008 0.6953125 0.03750000000000009 0.6953125 0.03750000000000009 0.734375 0.06250000000000008 0.734375
0 0.0906250000000001 0.6953125 0.07031250000000008 0.6953125 0.07031250000000008 0.7359375 0.0906250000000001 0.7359375
0 0.05937500000000008 0.634375 0.03281250000000008 0.634375 0.03281250000000008 0.678125 0.05937500000000009 0.678125
0 0.08437500000000006 0.571875 0.05937500000000007 0.571875 0.05937500000000007 0.6140625 0.08437500000000006 0.6140625
0 0.1390625000000001 0.578125 0.11562500000000009 0.578125 0.11562500000000009 0.61875 0.1390625000000001 0.61875
0 0.17968750000000008 0.5765625 0.1531250000000001 0.5765625 0.1531250000000001 0.6203125 0.17968750000000008 0.6203125
0 0.2000000000000001 0.578125 0.18125000000000008 0.578125 0.18125000000000008 0.621875 0.2000000000000001 0.621875
0 0.2328125000000001 0.578125 0.2093750000000001 0.578125 0.2093750000000001 0.6171875 0.2328125000000001 0.6171875
0 0.2765625000000001 0.5734375 0.2500000000000001 0.5734375 0.2500000000000001 0.615625 0.2765625000000001 0.615625
0 0.4015625 0.528125 0.37968750000000007 0.528125 0.37968750000000007 0.5625 0.4015625 0.5625
0 0.3812500000000001 0.528125 0.3609375000000001 0.528125 0.3609375000000001 0.5671875 0.3812500000000001 0.5671875
0 0.3609375000000001 0.525 0.3359375000000001 0.525 0.3359375000000001 0.5671875 0.3609375000000001 0.5671875
0 0.3343750000000001 0.528125 0.3109375000000001 0.528125 0.3109375000000001 0.5671875 0.3343750000000001 0.5671875
0 0.30937500000000007 0.53125 0.29375000000000007 0.53125 0.29375000000000007 0.565625 0.30937500000000007 0.565625
0 0.2890625000000001 0.5296875 0.2687500000000001 0.5296875 0.2687500000000001 0.5640625 0.2890625000000001 0.5640625
0 0.2656250000000001 0.528125 0.24218750000000008 0.528125 0.24218750000000008 0.5671875 0.2656250000000001 0.5671875
0 0.2375000000000001 0.5296875 0.2156250000000001 0.5296875 0.2156250000000001 0.5671875 0.2375000000000001 0.5671875
0 0.21250000000000008 0.53125 0.19218750000000004 0.53125 0.19218750000000007 0.5671875 0.21250000000000008 0.5671875
0 0.18906250000000008 0.5328125 0.16875000000000004 0.5328125 0.16875000000000007 0.5671875 0.18906250000000008 0.5671875
0 0.16562500000000008 0.53125 0.14687500000000003 0.53125 0.14687500000000006 0.565625 0.16562500000000008 0.565625
0 0.14218750000000008 0.5328125 0.12187500000000004 0.5328125 0.12187500000000007 0.5671875 0.14218750000000008 0.5671875
0 0.11718750000000007 0.53125 0.10000000000000005 0.53125 0.10000000000000006 0.565625 0.11718750000000008 0.565625
0 0.09687500000000007 0.5296875 0.07656250000000006 0.5296875 0.07656250000000006 0.565625 0.09687500000000007 0.565625
2 0.05312500000000007 0.553125 6.773827607783798e-17 0.553125 7.233070157464055e-17 0.628125 0.05312500000000007 0.628125
0 0.5312500000000002 0.871875 0.4937500000000002 0.871875 0.4937500000000002 0.9015625 0.5312500000000002 0.9015625
0 0.7312500000000002 0.88125 0.6968750000000001 0.88125 0.6968750000000001 0.909375 0.7312500000000002 0.909375
0 0.7406250000000002 0.8453125 0.7078125000000002 0.8453125 0.7078125000000002 0.8734375 0.7406250000000002 0.8734375
0 0.825 0.8328125 0.7921875000000002 0.8328125 0.7921875000000002 0.8609375 0.825 0.8609375
0 0.94375 0.815625 0.9109375 0.815625 0.9109375 0.8453125 0.94375 0.8453125
0 0.91875 0.871875 0.890625 0.871875 0.890625 0.91875 0.91875 0.91875
0 0.821875 0.9328125 0.7937500000000002 0.9328125 0.7937500000000002 0.984375 0.821875 0.984375
2 0.975 0.7328125000000002 0.8734375 0.7328125000000002 0.8734375 0.7843750000000002 0.975 0.7843750000000002