0 0.15312500000000007 0.54375 0.12187500000000004 0.54375 0.12187500000000007 0.5875 0.1531250000000001 0.5875
0 0.22031250000000008 0.584375 0.18906250000000008 0.584375 0.18906250000000008 0.6296875 0.22031250000000008 0.6296875
0 0.1937500000000001 0.59375 0.1750000000000001 0.59375 0.1750000000000001 0.628125 0.1937500000000001 0.628125
0 0.01875000000000001 0.0484375 5.931882933369992e-18 0.0484375 1.0907010554906114e-17 0.1296875 0.018750000000000017 0.1296875
0 0.05468750000000009 0.6609375 0.02968750000000008 0.6609375 0.02968750000000008 0.6796875 0.05468750000000009 0.6796875
0 0.0750000000000001 0.65625 0.050000000000000086 0.65625 0.050000000000000086 0.6796875 0.0750000000000001 0.6796875
0 0.10000000000000009 0.653125 0.0750000000000001 0.653125 0.0750000000000001 0.6796875 0.10000000000000009 0.6796875
0 0.13281250000000008 0.646875 0.10156250000000008 0.646875 0.10156250000000008 0.6796875 0.13281250000000008 0.6796875
0 0.15781250000000008 0.64375 0.1296875000000001 0.64375 0.1296875000000001 0.6796875 0.15781250000000008 0.6796875
0 0.17968750000000008 0.64375 0.1546875000000001 0.64375 0.1546875000000001 0.6796875 0.17968750000000008 0.6796875
0 0.26875 0.2953125 0.2609375 0.2953125 0.2609375 0.334375 0.26875 0.334375
0 0.265625 0.296875 0.2390625 0.296875 0.2390625 0.3359375 0.265625 0.3359375
0 0.2390625 0.3 0.2125 0.3 0.2125 0.3390625 0.2390625 0.3390625
0 0.2125 0.3015625 0.18750000000000006 0.3015625 0.18750000000000006 0.3421875 0.2125 0.3421875
0 0.19062500000000004 0.3015625 0.16093750000000004 0.3015625 0.16093750000000004 0.3453125 0.19062500000000004 0.3453125
0 0.15937500000000004 0.3109375 0.13750000000000004 0.3109375 0.13750000000000004 0.3484375 0.15937500000000004 0.3484375
0 0.13437500000000005 0.3109375 0.10625000000000004 0.3109375 0.10625000000000004 0.3515625 0.13437500000000005 0.3515625
0 0.06562500000000004 0.321875 0.04062500000000004 0.321875 0.04062500000000004 0.359375 0.06562500000000004 0.359375
0 0.006250000000000072 0.571875 7.003448882623926e-17 0.571875 7.252205263700732e-17 0.6125 0.006250000000000075 0.6125
2 0.5875 0.2328125000000001 0.4421875 0.2328125000000001 0.4421875 0.475 0.5875 0.475
2 0.37187500000000007 0.415625 0.2687500000000001 0.415625 0.2687500000000001 0.5171875 0.37187500000000007 0.5171875
2 0.6625 0.521875 0.5921875 0.521875 0.5921875 0.6796875 0.6625 0.6796875
3 0.9703125 0.1187500000000001 0.90625 0.11875000000000009 0.90625 0.21250000000000008 0.9703125 0.21250000000000008
0 0.9078125 0.2734375000000001 0.8640625 0.2734375000000001 0.8640625 0.3109375000000001 0.9078125 0.3109375000000001
0 0.8296875 0.1828125000000001 0.784375 0.1828125000000001 0.784375 0.22656250000000008 0.8296875 0.22656250000000008
0 0.796875 0.1390625000000001 0.7546875 0.1390625000000001 0.7546875 0.1750000000000001 0.796875 0.1750000000000001
0 0.859375 0.13437500000000008 0.8125 0.13437500000000008 0.8125 0.1750000000000001 0.859375 0.1750000000000001
0 0.9125 0.13906250000000012 0.8671875 0.1390625000000001 0.8671875 0.17656250000000012 0.9125 0.17656250000000012
0 0.9984375 0.14062500000000014 0.9546875 0.14062500000000014 0.9546875 0.17968750000000014 0.9984375 0.17968750000000014
0 1 0.09062500000000012 0.9875 0.09062500000000011 0.9875 0.12968750000000012 1 0.12968750000000012
0 0.3062500000000001 0.40625 0.2687500000000001 0.40625 0.2687500000000001 0.4484375 0.3062500000000001 0.4484375
0 0.3531250000000001 0.3703125 0.3109375000000001 0.3703125 0.3109375000000001 0.4109375 0.3531250000000001 0.4109375
0 0.2687500000000001 0.89375 0.25468750000000007 0.89375 0.25468750000000007 0.9421875 0.2687500000000001 0.9421875
0 0.018750000000000096 0.76875 9.414472268445279e-17 0.76875 9.720633968232116e-17 0.81875 0.0187500000000001 0.81875
0 0.028125000000000105 0.8234375 1.0084200986728987e-16 0.8234375 1.0390362686515826e-16 0.8734375 0.02812500000000011 0.8734375
0 0.0546875000000001 0.7796875 0.0296875000000001 0.7796875 0.0296875000000001 0.825 0.05468750000000011 0.825
0 0.06250000000000011 0.8203125 0.0281250000000001 0.8203125 0.028125000000000105 0.8796875 0.06250000000000011 0.8796875
0 0.09687500000000011 0.8296875 0.06562500000000011 0.8296875 0.06562500000000011 0.878125 0.09687500000000011 0.878125
0 0.12500000000000008 0.8296875 0.09843750000000011 0.8296875 0.09843750000000011 0.875 0.12500000000000008 0.875
0 0.0875000000000001 0.7703125 0.05625000000000009 0.7703125 0.0562500000000001 0.81875 0.0875000000000001 0.81875
0 0.10312500000000009 0.703125 0.07031250000000008 0.703125 0.07031250000000008 0.759375 0.10312500000000009 0.759375
0 0.1609375000000001 0.7140625 0.1312500000000001 0.7140625 0.1312500000000001 0.759375 0.1609375000000001 0.759375
0 0.2000000000000001 0.7046875 0.1671875000000001 0.7046875 0.1671875000000001 0.7578125 0.2000000000000001 0.7578125
0 0.21875000000000008 0.7140625 0.1984375000000001 0.7140625 0.1984375000000001 0.7515625 0.21875000000000008 0.7515625
0 0.2515625000000001 0.70625 0.2234375000000001 0.70625 0.2234375000000001 0.7515625 0.2515625000000001 0.7515625
0 0.2687500000000001 0.6796875 0.2515625000000001 0.6796875 0.2515625000000001 0.7015625 0.2687500000000001 0.7015625
0 0.2515625000000001 0.6796875 0.2234375000000001 0.6796875 0.2234375000000001 0.7015625 0.2515625000000001 0.7015625
0 0.22656250000000008 0.6796875 0.2000000000000001 0.6796875 0.2000000000000001 0.703125 0.22656250000000008 0.703125
0 0.20312500000000008 0.6796875 0.1765625000000001 0.6796875 0.1765625000000001 0.7046875 0.20312500000000008 0.7046875
0 0.1781250000000001 0.6796875 0.1546875000000001 0.6796875 0.1546875000000001 0.70625 0.1781250000000001 0.70625
0 0.15625000000000008 0.6796875 0.1312500000000001 0.6796875 0.1312500000000001 0.70625 0.15625000000000008 0.70625
0 0.1312500000000001 0.6796875 0.10781250000000009 0.6796875 0.10781250000000009 0.7078125 0.1312500000000001 0.7078125
0 0.10937500000000008 0.6796875 0.08437500000000009 0.6796875 0.08437500000000009 0.7078125 0.10937500000000008 0.7078125
0 0.18906250000000013 0.9265625 0.16250000000000014 0.9265625 0.16250000000000014 0.971875 0.18906250000000013 0.971875
2 0.07187500000000009 0.6796875 8.323771212954667e-17 0.6796875 8.878689293818311e-17 0.7703125 0.07187500000000009 0.7703125
0 0.47187500000000016 0.9765625 0.41718750000000016 0.9765625 0.41718750000000016 1 0.47187500000000016 1
3 0.5781250000000002 0.7859375 0.5375000000000002 0.7859375 0.5375000000000002 0.875 0.5781250000000002 0.875
0 0.8703125 0.9328125 0.8171875 0.9328125 0.8171875 0.978125 0.8703125 0.978125
0 0.88125 0.9796875 0.828125 0.9796875 0.828125 1 0.88125 1
0 0.9328125 0.9609375 0.884375 0.9609375 0.884375 1 0.9328125 1
0 0.9265625 0.91875 0.878125 0.91875 0.878125 0.9609375 0.9265625 0.9609375
0 0.9921875 0.90625 0.9375 0.90625 0.9375 0.95 0.9921875 0.95
0 0.9890625 0.95 0.9390625 0.95 0.9390625 0.99375 0.9890625 0.99375