0 0.028125000000000077 0.5984375 0.009375000000000073 0.5984375 0.009375000000000074 0.6453125 0.028125000000000077 0.6453125
0 0.37187500000000007 0.7453125 0.3609375000000001 0.7453125 0.3609375000000001 0.8265625 0.37187500000000007 0.8265625
0 0.5078125 0.6609375 0.484375 0.6609375 0.484375 0.703125 0.5078125 0.703125
0 0.6000000000000001 0.7140625 0.578125 0.7140625 0.5781250000000001 0.75625 0.6000000000000002 0.75625
0 0.21250000000000008 0.4234375 0.19062500000000004 0.4234375 0.19062500000000004 0.471875 0.21250000000000008 0.471875
0 0.5750000000000001 0.7171875 0.5625 0.7171875 0.5625000000000001 0.753125 0.5750000000000002 0.753125
0 0.22031250000000008 0.48125 0.2015625000000001 0.48125 0.2015625000000001 0.528125 0.22031250000000008 0.528125
0 0.2156250000000001 0.5390625 0.19687500000000005 0.5390625 0.19687500000000008 0.58125 0.2156250000000001 0.58125
0 0.2515625000000001 0.496875 0.23593750000000008 0.496875 0.23593750000000008 0.5375 0.2515625000000001 0.5375
0 0.2468750000000001 0.540625 0.2234375000000001 0.540625 0.2234375000000001 0.59375 0.2468750000000001 0.59375
0 0.11718750000000014 0.909375 0.10781250000000013 0.909375 0.10781250000000013 0.996875 0.11718750000000014 0.996875
0 0.2812500000000001 0.5578125 0.2609375000000001 0.5578125 0.2609375000000001 0.6 0.2812500000000001 0.6
0 0.30937500000000007 0.5625 0.2921875000000001 0.5625 0.2921875000000001 0.6046875 0.30937500000000007 0.6046875
0 0.28593750000000007 0.4953125 0.26250000000000007 0.4953125 0.26250000000000007 0.5390625 0.28593750000000007 0.5390625
0 0.3140625000000001 0.4328125 0.2921875000000001 0.4328125 0.2921875000000001 0.4859375 0.3140625000000001 0.4859375
0 0.3703125000000001 0.45625 0.34843750000000007 0.45625 0.34843750000000007 0.4984375 0.3703125000000001 0.4984375
0 0.4078125 0.453125 0.3859375000000001 0.453125 0.3859375000000001 0.503125 0.4078125 0.503125
0 0.428125 0.465625 0.4125 0.465625 0.4125 0.50625 0.428125 0.50625
0 0.4609375 0.4671875 0.440625 0.4671875 0.440625 0.5078125 0.4609375 0.5078125
0 0.5046875 0.471875 0.4828125 0.471875 0.4828125 0.5140625 0.5046875 0.5140625
0 0.6953125 0.10156250000000008 0.6859375 0.10156250000000008 0.6859375 0.1703125000000001 0.6953125 0.1703125000000001
0 0.7765625 0.17968750000000008 0.7578125 0.17968750000000008 0.7578125 0.2562500000000001 0.7765625 0.2562500000000001
0 0.6921875000000002 0.7671875 0.6750000000000002 0.7671875 0.6750000000000002 0.8078125 0.6921875000000002 0.8078125
0 0.7125000000000001 0.7703125 0.6953125000000002 0.7703125 0.6953125000000002 0.8078125 0.7125000000000001 0.8078125
0 0.7375000000000002 0.7671875000000001 0.7203125000000001 0.7671875 0.7203125000000001 0.8125 0.7375000000000002 0.8125
0 0.7703125000000002 0.7703125000000002 0.7484375000000002 0.7703125000000002 0.7484375000000002 0.8125 0.7703125000000002 0.8125
0 0.7968750000000002 0.7750000000000001 0.7750000000000001 0.7750000000000001 0.7750000000000001 0.815625 0.7968750000000002 0.815625
0 0.8171875 0.7828125000000001 0.8 0.7828125000000001 0.8 0.821875 0.8171875 0.821875
0 0.946875 0.7968750000000002 0.9296875 0.7968750000000002 0.9296875 0.834375 0.946875 0.834375
0 0.99375 0.4750000000000002 0.9765625 0.4750000000000002 0.9765625 0.5140625000000002 0.99375 0.5140625000000002
0 0.971875 0.4703125000000002 0.953125 0.4703125000000002 0.953125 0.5109375000000002 0.971875 0.5109375000000002
0 0.946875 0.4703125000000002 0.9265625 0.4703125000000002 0.9265625 0.5093750000000001 0.946875 0.5093750000000001
0 0.921875 0.4671875000000002 0.9046875 0.4671875000000002 0.9046875 0.5046875000000002 0.921875 0.5046875000000002
0 0.8984375 0.4578125000000002 0.8765625 0.4578125000000002 0.8765625 0.5046875000000002 0.8984375 0.5046875000000002
0 0.8671875 0.4578125000000002 0.85 0.4578125000000002 0.85 0.4984375000000002 0.8671875 0.4984375000000002
0 0.840625 0.45625000000000016 0.8203125 0.45625000000000016 0.8203125 0.49531250000000016 0.840625 0.49531250000000016
0 0.7734375 0.4468750000000002 0.7546875 0.4468750000000002 0.7546875 0.4859375000000002 0.7734375 0.4859375000000002
0 0.634375 0.44375 0.6140625 0.44375 0.6140625 0.48125 0.634375 0.48125
0 0.6125 0.4421875 0.596875 0.4421875 0.596875 0.48125 0.6125 0.48125
0 0.5921875 0.4296875 0.5703125 0.4296875 0.5703125 0.4796875 0.5921875 0.4796875
0 0.565625 0.4390625 0.5453125 0.4390625 0.5453125 0.4765625 0.565625 0.4765625
0 0.540625 0.43125 0.528125 0.43125 0.528125 0.4703125 0.540625 0.4703125
0 0.521875 0.428125 0.5046875 0.428125 0.5046875 0.465625 0.521875 0.465625
0 0.4984375 0.4234375 0.478125 0.4234375 0.478125 0.465625 0.4984375 0.465625
0 0.4703125 0.4203125 0.4515625 0.4203125 0.4515625 0.459375 0.4703125 0.459375
0 0.446875 0.4171875 0.4265625 0.4171875 0.4265625 0.4578125 0.446875 0.4578125
0 0.4234375 0.4125 0.40625 0.4125 0.40625 0.4546875 0.4234375 0.4546875
0 0.3984375000000001 0.4125 0.3828125000000001 0.4125 0.3828125000000001 0.45 0.3984375000000001 0.45
0 0.3765625000000001 0.40625 0.3578125000000001 0.40625 0.3578125000000001 0.446875 0.3765625000000001 0.446875
0 0.3515625000000001 0.4 0.3359375000000001 0.4 0.3359375000000001 0.4421875 0.3515625000000001 0.4421875
0 0.3296875000000001 0.396875 0.3125000000000001 0.396875 0.3125000000000001 0.4375 0.3296875000000001 0.4375
0 0.3984375000000001 0.66875 0.3812500000000001 0.66875 0.3812500000000001 0.7078125 0.3984375000000001 0.7078125
2 0.2828125000000001 0.3984375 0.2250000000000001 0.3984375 0.2250000000000001 0.484375 0.2828125000000001 0.484375