0 0.2062500000000001 0.3828125 0.17031250000000003 0.3828125 0.17031250000000003 0.45 0.2062500000000001 0.45
0 0.3921875 0.30312500000000003 0.359375 0.303125 0.359375 0.34843750000000007 0.3921875 0.34843750000000007
0 0.4890625 0.3296875000000001 0.4578125 0.3296875000000001 0.4578125 0.3734375000000001 0.4890625 0.3734375000000001
0 0.4625 0.34062500000000007 0.4421875 0.34062500000000007 0.4421875 0.3750000000000001 0.4625 0.3750000000000001
0 0.01875000000000003 0.228125 2.7937255105548996e-17 0.228125 3.0711845509867216e-17 0.2734375 0.018750000000000034 0.2734375
0 0.02812500000000004 0.2765625 3.386913803891899e-17 0.2765625 3.702643056797075e-17 0.328125 0.028125000000000046 0.328125
0 0.06406250000000005 0.28125 0.03437500000000003 0.28125 0.03437500000000004 0.3234375 0.06406250000000005 0.3234375
0 0.09218750000000005 0.275 0.06406250000000005 0.275 0.06406250000000005 0.3203125 0.09218750000000005 0.3203125
0 0.05312500000000002 0.21875 0.018750000000000027 0.21875 0.01875000000000003 0.2703125 0.05312500000000002 0.2703125
0 0.06406250000000002 0.1515625 0.029687500000000023 0.1515625 0.029687500000000023 0.20625 0.06406250000000002 0.20625
0 0.12187500000000002 0.1546875 0.09062500000000002 0.1546875 0.09062500000000002 0.203125 0.12187500000000004 0.203125
0 0.1609375 0.14375 0.125 0.14375 0.12500000000000003 0.1984375 0.16093750000000004 0.1984375
0 0.17968750000000003 0.1515625 0.1546875 0.1515625 0.15468750000000003 0.1921875 0.17968750000000006 0.1921875
0 0.2125 0.14218750000000005 0.1828125 0.14218750000000005 0.18281250000000002 0.18593750000000003 0.2125 0.18593750000000003
0 0.25625 0.13437500000000005 0.2234375 0.13437500000000005 0.2234375 0.18281250000000004 0.25625 0.18281250000000004
0 0.5140625 0.3750000000000001 0.4859375 0.3750000000000001 0.4859375 0.41875 0.5140625 0.41875
0 0.534375 0.37187500000000007 0.5078125 0.37187500000000007 0.5078125 0.4125 0.534375 0.4125
0 0.559375 0.36406250000000007 0.5328125 0.36406250000000007 0.5328125 0.409375 0.559375 0.409375
0 0.5921875 0.3546875000000001 0.559375 0.3546875000000001 0.559375 0.4015625 0.5921875 0.4015625
0 0.6 0.35625000000000007 0.5859375 0.35625000000000007 0.5859375 0.4 0.6 0.4
0 0.6 0.026562500000000072 0.575 0.026562500000000065 0.575 0.06875000000000006 0.6 0.06875000000000006
0 0.575 0.03125000000000007 0.5453125 0.03125000000000007 0.5453125 0.07343750000000007 0.575 0.07343750000000007
0 0.509375 0.040625000000000064 0.48125 0.04062500000000006 0.48125 0.08125000000000007 0.509375 0.08125000000000007
0 0.3703125 0.07343750000000004 0.34375 0.07343750000000004 0.34375 0.11250000000000004 0.3703125 0.11250000000000004
0 0.3515625 0.07812500000000004 0.3265625 0.07812500000000004 0.3265625 0.11875000000000005 0.3515625 0.11875000000000005
0 0.33125 0.07187500000000005 0.2984375 0.07187500000000005 0.2984375 0.12343750000000005 0.33125 0.12343750000000005
0 0.3046875 0.08750000000000005 0.2765625 0.08750000000000005 0.2765625 0.12656250000000005 0.3046875 0.12656250000000005
0 0.28125 0.08906250000000003 0.259375 0.08906250000000002 0.259375 0.12812500000000004 0.28125 0.12812500000000004
0 0.2609375 0.08906250000000002 0.234375 0.08906250000000002 0.234375 0.12968750000000004 0.2609375 0.12968750000000004
0 0.2390625 0.09218750000000002 0.2078125 0.09218750000000002 0.2078125 0.13750000000000004 0.2390625 0.13750000000000004
0 0.2078125 0.09843750000000002 0.18125 0.09843750000000002 0.18125 0.1375 0.2078125 0.13750000000000004
0 0.184375 0.10000000000000002 0.15625 0.1 0.15625 0.14062500000000003 0.184375 0.14062500000000006
0 0.1609375 0.103125 0.134375 0.103125 0.134375 0.14375 0.1609375 0.14375
0 0.1359375 0.10625 0.1109375 0.10625 0.1109375 0.1484375 0.1359375 0.1484375
0 0.115625 0.109375 0.08906250000000002 0.109375 0.08906250000000002 0.15 0.115625 0.15
0 0.09062500000000002 0.109375 0.06562500000000002 0.109375 0.06562500000000002 0.1515625 0.09062500000000002 0.1515625
0 0.06875000000000002 0.1125 0.04218750000000001 0.1125 0.04218750000000002 0.1546875 0.06875000000000002 0.1546875
0 0.275 0.3359375 0.2484375 0.3359375 0.24843750000000003 0.3765625 0.2750000000000001 0.3765625
2 0.03437500000000002 0.1265625 1.549943605170869e-17 0.1265625 2.152699451626207e-17 0.225 0.034375000000000024 0.225
3 0.6390625 0.05781250000000008 0.6 0.057812500000000065 0.6 0.10781250000000009 0.6390625 0.10781250000000009
3 0.7265625 0.034375000000000086 0.66875 0.03437500000000008 0.66875 0.08593750000000008 0.7265625 0.08593750000000008
0 0.7984375 0.0750000000000001 0.7609375 0.0750000000000001 0.7609375 0.1281250000000001 0.7984375 0.1281250000000001
0 0.84375 0.2093750000000001 0.8140625 0.2093750000000001 0.8140625 0.27031250000000007 0.84375 0.27031250000000007
0 0.8875 0.1859375000000001 0.859375 0.1859375000000001 0.859375 0.24218750000000008 0.8875 0.24218750000000008
0 0.9078125 0.2562500000000001 0.875 0.2562500000000001 0.875 0.3218750000000001 0.9078125 0.3218750000000001
0 0.94375 0.3703125000000001 0.9140625 0.3703125000000001 0.9140625 0.4359375000000002 0.94375 0.4359375000000002
2 0.1843750000000001 0.653125 0.02968750000000008 0.653125 0.029687500000000096 0.896875 0.1843750000000001 0.896875
2 0.2734375000000001 0.9359375 0.19375000000000014 0.9359375 0.19375000000000014 1 0.2734375000000001 1
3 0.5546875 0.5171875 0.4859375 0.5171875 0.4859375 0.6125 0.5546875 0.6125
0 0.4984375 0.6734375 0.453125 0.6734375 0.453125 0.7125 0.4984375 0.7125
0 0.415625 0.5875 0.3687500000000001 0.5875 0.3687500000000001 0.6328125 0.415625 0.6328125
0 0.37968750000000007 0.5453125 0.3359375000000001 0.5453125 0.3359375000000001 0.5828125 0.37968750000000007 0.5828125
0 0.4421875 0.5375 0.3937500000000001 0.5375 0.3937500000000001 0.5796875 0.4421875 0.5796875
0 0.49375 0.540625 0.4484375 0.540625 0.4484375 0.5796875 0.49375 0.5796875
0 0.58125 0.5359375 0.5359375 0.5359375 0.5359375 0.5765625 0.58125 0.5765625
0 0.6 0.484375 0.5671875 0.484375 0.5671875 0.525 0.6 0.525
3 0.6234375000000001 0.6828125 0.6 0.6828125 0.6000000000000001 0.7328125 0.6234375000000002 0.7328125
3 0.7109375 0.659375 0.653125 0.659375 0.653125 0.7109375 0.7109375 0.7109375
0 0.7828125000000001 0.7000000000000002 0.7453125 0.7000000000000002 0.7453125 0.7531250000000002 0.7828125000000001 0.7531250000000002
0 0.828125 0.834375 0.7984375000000001 0.834375 0.7984375000000001 0.8953125 0.828125 0.8953125
0 0.871875 0.8109375 0.84375 0.8109375 0.84375 0.8671875 0.871875 0.8671875
0 0.8921875 0.88125 0.859375 0.88125 0.859375 0.946875 0.8921875 0.946875
3 0.8609375 0.4500000000000002 0.81875 0.4500000000000002 0.81875 0.46875000000000017 0.8609375 0.46875000000000017