0 0.02968750000000008 0.6078125 0.009375000000000074 0.6078125 0.009375000000000078 0.653125 0.02968750000000008 0.653125
0 0.3703125000000001 0.803125 0.3609375000000001 0.803125 0.3609375000000001 0.884375 0.3703125000000001 0.884375
0 0.403125 0.675 0.3812500000000001 0.675 0.3812500000000001 0.725 0.403125 0.725
0 0.5000000000000001 0.71875 0.478125 0.71875 0.4781250000000001 0.771875 0.5000000000000002 0.771875
0 0.2140625000000001 0.4375 0.19062500000000004 0.4375 0.19062500000000004 0.4875 0.2140625000000001 0.4875
0 0.4750000000000001 0.721875 0.4625 0.721875 0.4625000000000001 0.7640625 0.4750000000000002 0.7640625
0 0.22031250000000008 0.4984375 0.2015625000000001 0.4984375 0.2015625000000001 0.5453125 0.22031250000000008 0.5453125
0 0.21875000000000008 0.5515625 0.1984375000000001 0.5515625 0.1984375000000001 0.6015625 0.21875000000000008 0.6015625
0 0.2531250000000001 0.5125 0.23593750000000008 0.5125 0.23593750000000008 0.5578125 0.2531250000000001 0.5578125
0 0.2484375000000001 0.55625 0.22656250000000008 0.55625 0.22656250000000008 0.6109375 0.2484375000000001 0.6109375
0 0.11718750000000014 0.921875 0.10781250000000013 0.921875 0.10781250000000013 0.9984375 0.11718750000000014 0.9984375
0 0.2828125000000001 0.575 0.2609375000000001 0.575 0.2609375000000001 0.61875 0.2828125000000001 0.61875
0 0.3109375000000001 0.578125 0.29375000000000007 0.578125 0.29375000000000007 0.621875 0.3109375000000001 0.621875
0 0.28593750000000007 0.5125 0.26250000000000007 0.5125 0.26250000000000007 0.559375 0.28593750000000007 0.559375
0 0.3140625000000001 0.446875 0.2921875000000001 0.446875 0.2921875000000001 0.5046875 0.3140625000000001 0.5046875
0 0.3703125000000001 0.4734375 0.34843750000000007 0.4734375 0.34843750000000007 0.5171875 0.3703125000000001 0.5171875
0 0.409375 0.4734375 0.3859375000000001 0.4734375 0.3859375000000001 0.5265625 0.409375 0.5265625
0 0.428125 0.4859375 0.4125 0.4859375 0.4125 0.525 0.428125 0.525
0 0.4609375 0.4875 0.440625 0.4875 0.440625 0.5265625 0.4609375 0.5265625
0 0.5046875 0.4890625 0.4828125 0.4890625 0.4828125 0.5359375 0.5046875 0.5359375
0 0.6953125 0.1296875000000001 0.6859375 0.1296875000000001 0.6859375 0.2000000000000001 0.6953125 0.2000000000000001
0 0.7765625 0.20468750000000008 0.7578125 0.20468750000000008 0.7578125 0.2812500000000001 0.7765625 0.2812500000000001
0 0.6921875000000002 0.784375 0.6750000000000002 0.784375 0.6750000000000002 0.8265625 0.6921875000000002 0.8265625
0 0.7125000000000001 0.7875 0.6953125000000002 0.7875 0.6953125000000002 0.8265625 0.7125000000000001 0.8265625
0 0.7375000000000002 0.784375 0.7218750000000002 0.784375 0.7218750000000002 0.83125 0.7375000000000002 0.83125
0 0.7703125000000002 0.7859375000000002 0.7484375000000002 0.7859375000000002 0.7484375000000002 0.8328125 0.7703125000000002 0.8328125
0 0.7968750000000002 0.7937500000000002 0.7765625000000002 0.7937500000000002 0.7765625000000002 0.8359375 0.7968750000000002 0.8359375
0 0.8171875 0.8 0.8 0.8 0.8 0.8421875 0.8171875 0.8421875
0 0.9953125 0.5000000000000002 0.9765625 0.5000000000000002 0.9765625 0.5421875000000002 0.9953125 0.5421875000000002
0 0.975 0.49218750000000017 0.9546875 0.49218750000000017 0.9546875 0.5375000000000002 0.975 0.5375000000000002
0 0.946875 0.49218750000000017 0.928125 0.49218750000000017 0.928125 0.5343750000000002 0.946875 0.5343750000000002
0 0.921875 0.4890625000000002 0.9046875 0.4890625000000002 0.9046875 0.5312500000000002 0.921875 0.5312500000000002
0 0.9 0.4781250000000002 0.878125 0.4781250000000002 0.878125 0.5281250000000002 0.9 0.5281250000000002
0 0.86875 0.4812500000000002 0.8515625 0.4812500000000002 0.8515625 0.5203125000000002 0.86875 0.5203125000000002
0 0.8421875 0.4781250000000002 0.821875 0.4781250000000002 0.821875 0.5203125000000002 0.8421875 0.5203125000000002
0 0.7734375 0.4656250000000002 0.75625 0.4656250000000002 0.75625 0.5109375000000002 0.7734375 0.5109375000000002
0 0.634375 0.4640625 0.615625 0.4640625 0.615625 0.503125 0.634375 0.503125
0 0.6140625 0.4609375 0.596875 0.4609375 0.596875 0.503125 0.6140625 0.503125
0 0.59375 0.45 0.571875 0.45 0.571875 0.5015625 0.59375 0.5015625
0 0.5671875 0.4609375 0.546875 0.4609375 0.546875 0.4984375 0.5671875 0.4984375
0 0.5421875 0.4515625 0.5296875 0.4515625 0.5296875 0.4921875 0.5421875 0.4921875
0 0.5234375 0.446875 0.50625 0.446875 0.50625 0.4875 0.5234375 0.4875
0 0.5 0.4390625 0.4796875 0.4390625 0.4796875 0.4890625 0.5 0.4890625
0 0.471875 0.440625 0.453125 0.440625 0.453125 0.4796875 0.471875 0.4796875
0 0.446875 0.4359375 0.4265625 0.4359375 0.4265625 0.478125 0.446875 0.478125
0 0.4234375 0.4296875 0.40625 0.4296875 0.40625 0.475 0.4234375 0.475
0 0.3984375000000001 0.4265625 0.3828125000000001 0.4265625 0.3828125000000001 0.471875 0.3984375000000001 0.471875
0 0.3765625000000001 0.4234375 0.3593750000000001 0.4234375 0.3593750000000001 0.465625 0.3765625000000001 0.465625
0 0.3531250000000001 0.41875 0.3375000000000001 0.41875 0.3375000000000001 0.4625 0.3531250000000001 0.4625
0 0.3312500000000001 0.415625 0.3140625000000001 0.415625 0.3140625000000001 0.45625 0.3312500000000001 0.45625
0 0.30937500000000007 0.68125 0.2921875000000001 0.68125 0.2921875000000001 0.725 0.30937500000000007 0.725
2 0.2843750000000001 0.40625 0.22656250000000008 0.40625 0.22656250000000008 0.5046875 0.2843750000000001 0.5046875