0 0.02656250000000001 0.0640625 7.845393557037732e-18 0.0640625 1.1002686086089501e-17 0.115625 0.02656250000000001 0.115625
0 0.4078125 0.23437500000000008 0.384375 0.23437500000000008 0.384375 0.3156250000000001 0.4078125 0.3156250000000001
0 0.3375 0.08281250000000004 0.3046875 0.08281250000000004 0.3046875 0.13906250000000003 0.3375 0.13906250000000003
0 0.4390625 0.10937500000000004 0.4109375 0.10937500000000004 0.4109375 0.16250000000000003 0.4390625 0.16250000000000003
0 0.4171875 0.12031250000000004 0.396875 0.12031250000000004 0.396875 0.16406250000000006 0.4171875 0.16406250000000006
0 0.2015625 2.296212748401287e-17 0.1734375 2.1239967922711906e-17 0.1734375 0.03281250000000002 0.2015625 0.03281250000000002
0 0.2359375 2.688482426253174e-17 0.203125 2.487563810768061e-17 0.203125 0.037500000000000026 0.2359375 0.03750000000000003
0 0.2703125 3.1285898696967536e-17 0.240625 2.9468063604483184e-17 0.240625 0.040625000000000036 0.2703125 0.040625000000000036
0 0.2984375 3.501724441311963e-17 0.2734375 3.348643591418544e-17 0.2734375 0.039062500000000035 0.2984375 0.039062500000000035
0 0.2515625 0.09531250000000002 0.2265625 0.09531250000000002 0.2265625 0.14375000000000004 0.2515625 0.14375000000000004
0 0.88125 0.2484375000000001 0.840625 0.2484375000000001 0.840625 0.3062500000000001 0.88125 0.3062500000000001
0 0.4515625 0.051562500000000046 0.4390625 0.051562500000000046 0.4390625 0.10156250000000004 0.4515625 0.10156250000000004
0 0.51875 6.123233995736765e-17 0.48125 5.893612720896637e-17 0.48125 0.04687500000000006 0.51875 0.04687500000000007
0 0.478125 5.65442389293817e-17 0.4453125 5.4535052774530576e-17 0.4453125 0.04218750000000006 0.478125 0.04218750000000006
0 0.8390625 0.014062500000000103 0.8 0.0140625000000001 0.8 0.0687500000000001 0.8390625 0.06875000000000012
0 0.7953125 0.004687500000000095 0.7609375 0.004687500000000093 0.7609375 0.05468750000000009 0.7953125 0.05468750000000009
0 0.5015625 0.056250000000000064 0.4671875 0.056250000000000064 0.4671875 0.10312500000000005 0.5015625 0.10312500000000005
0 0.4765625 0.10468750000000004 0.440625 0.10468750000000004 0.440625 0.15468750000000003 0.4765625 0.15468750000000003
0 0.753125 0.0015625000000000903 0.721875 0.0015625000000000881 0.721875 0.04687500000000009 0.753125 0.04687500000000009
0 0.721875 0.007812500000000087 0.6890625 0.007812500000000083 0.6890625 0.05156250000000009 0.721875 0.05156250000000009
0 0.6921875 0.007812500000000083 0.65625 0.00781250000000008 0.65625 0.05156250000000009 0.6921875 0.05156250000000009
0 0.646875 0.004687500000000077 0.609375 0.004687500000000075 0.609375 0.05156250000000008 0.646875 0.05156250000000009
0 0.74375 0.11093750000000009 0.7046875 0.11093750000000009 0.7046875 0.16406250000000008 0.74375 0.16406250000000008
0 0.8546875 0.1359375000000001 0.8203125 0.1359375000000001 0.8203125 0.1859375000000001 0.8546875 0.1859375000000001
0 0.9671875 0.15781250000000013 0.921875 0.15781250000000013 0.921875 0.2218750000000001 0.9671875 0.2218750000000001
3 0.465625 0.16250000000000003 0.4390625 0.16250000000000003 0.4390625 0.22656250000000008 0.465625 0.22656250000000008
0 0.046875000000000104 0.85 0.020312500000000105 0.85 0.020312500000000108 0.896875 0.04687500000000011 0.896875
0 0.018750000000000044 0.35 4.286263797015736e-17 0.35 4.4393446469091554e-17 0.375 0.018750000000000044 0.375
0 0.4281250000000002 0.8578125 0.4000000000000002 0.8578125 0.4000000000000002 0.909375 0.4281250000000002 0.909375
0 0.2015625000000001 0.640625 0.1703125000000001 0.640625 0.1703125000000001 0.69375 0.2015625000000001 0.69375
0 0.2140625000000001 0.6953125 0.18906250000000008 0.6953125 0.18906250000000008 0.740625 0.2140625000000001 0.740625
0 0.22031250000000008 0.75625 0.19531250000000008 0.75625 0.19531250000000008 0.796875 0.22031250000000008 0.796875
0 0.2484375000000001 0.7078125 0.2250000000000001 0.7078125 0.2250000000000001 0.7484375 0.2484375000000001 0.7484375
0 0.25468750000000007 0.753125 0.2234375000000001 0.753125 0.2234375000000001 0.803125 0.25468750000000007 0.803125
0 0.2890625000000001 0.7578125 0.26250000000000007 0.7578125 0.26250000000000007 0.803125 0.2890625000000001 0.803125
0 0.31718750000000007 0.7578125 0.29375000000000007 0.7578125 0.29375000000000007 0.7984375 0.31718750000000007 0.7984375
0 0.2828125000000001 0.6953125 0.2515625000000001 0.6953125 0.2515625000000001 0.7453125 0.2828125000000001 0.7453125
0 0.3000000000000001 0.63125 0.27031250000000007 0.63125 0.27031250000000007 0.68125 0.3000000000000001 0.68125
0 0.35625000000000007 0.6375 0.3281250000000001 0.6375 0.3281250000000001 0.684375 0.35625000000000007 0.684375
0 0.39531250000000007 0.6296875 0.36406250000000007 0.6296875 0.36406250000000007 0.684375 0.39531250000000007 0.684375
0 0.415625 0.6375 0.3937500000000001 0.6375 0.3937500000000001 0.6765625 0.415625 0.6765625
0 0.4390625 0.63125 0.4203125 0.63125 0.4203125 0.671875 0.4390625 0.671875
0 0.4390625 0.5859375 0.4234375 0.5859375 0.4234375 0.6234375 0.4390625 0.6234375
0 0.425 0.5875 0.4 0.5875 0.4 0.628125 0.425 0.628125
0 0.4 0.5875 0.3765625000000001 0.5875 0.3765625000000001 0.628125 0.4 0.628125
0 0.3765625000000001 0.5921875 0.3546875000000001 0.5921875 0.3546875000000001 0.63125 0.3765625000000001 0.63125
0 0.3546875000000001 0.5890625 0.3296875000000001 0.5890625 0.3296875000000001 0.63125 0.3546875000000001 0.63125
0 0.3296875000000001 0.5890625 0.3078125000000001 0.5890625 0.3078125000000001 0.63125 0.3296875000000001 0.63125
0 0.3078125000000001 0.5921875 0.2843750000000001 0.5921875 0.2843750000000001 0.6296875 0.3078125000000001 0.6296875
2 0.2687500000000001 0.6078125 0.2000000000000001 0.6078125 0.2000000000000001 0.69375 0.2687500000000001 0.69375
0 0.578125 0.571875 0.5234375 0.571875 0.5234375 0.6484375 0.578125 0.6484375
0 0.51875 0.659375 0.45625 0.659375 0.45625 0.71875 0.51875 0.71875
0 0.8375 0.43750000000000017 0.76875 0.43750000000000017 0.76875 0.5046875000000002 0.8375 0.5046875000000002
0 0.7734375000000002 0.8328125 0.7171875000000002 0.8328125 0.7171875000000002 0.896875 0.7734375000000002 0.896875
0 0.828125 0.8671875 0.7625000000000002 0.8671875 0.7625000000000002 0.94375 0.828125 0.94375
0 0.8875 0.909375 0.81875 0.909375 0.81875 0.9859375 0.8875 0.9859375
0 0.940625 0.94375 0.875 0.94375 0.875 1 0.940625 1