0 0.309375 0.19375000000000003 0.2953125 0.19375000000000003 0.2953125 0.2734375 0.309375 0.2734375
0 0.23125 0.08437500000000002 0.2078125 0.08437500000000002 0.2078125 0.12968750000000004 0.23125 0.12968750000000004
0 0.1375 0.1375 0.1140625 0.1375 0.11406250000000002 0.184375 0.13750000000000004 0.184375
0 0.153125 0.14375 0.140625 0.14375 0.140625 0.1765625 0.153125 0.1765625
0 0.4328125 5.1473435776662193e-17 0.4078125 4.9942627277728e-17 0.4078125 0.012500000000000053 0.4328125 0.012500000000000056
0 0.3984375 4.735938793577655e-17 0.375 4.592425496802575e-17 0.375 0.021875000000000047 0.3984375 0.02187500000000005
0 0.365625 4.362804221962446e-17 0.346875 4.247993584542381e-17 0.346875 0.025000000000000043 0.365625 0.025000000000000043
0 0.328125 0.09218750000000005 0.309375 0.09218750000000005 0.309375 0.13437500000000005 0.328125 0.13437500000000005
0 1 0.2312500000000001 0.9828125 0.2312500000000001 0.9828125 0.2812500000000001 1 0.2812500000000001
0 1 0.2921875000000001 0.9796875 0.2921875000000001 0.9796875 0.3390625000000001 1 0.3390625000000001
0 1 0.3453125000000001 0.9828125 0.3453125000000001 0.9828125 0.39531250000000007 1 0.39531250000000007
0 0.965625 0.30937500000000007 0.946875 0.30937500000000007 0.946875 0.3546875000000001 0.965625 0.3546875000000001
0 0.978125 0.3515625000000001 0.953125 0.3515625000000001 0.953125 0.4078125000000002 0.978125 0.4078125000000002
0 0.9421875 0.3703125000000001 0.9203125 0.3703125000000001 0.9203125 0.40937500000000016 0.9421875 0.40937500000000016
0 0.9109375 0.3750000000000001 0.8921875 0.3750000000000001 0.8921875 0.40937500000000016 0.9109375 0.40937500000000016
0 0.9390625 0.3078125000000001 0.9140625 0.3078125000000001 0.9140625 0.35625000000000007 0.9390625 0.35625000000000007
0 0.909375 0.2453125000000001 0.8859375 0.2453125000000001 0.8859375 0.3031250000000001 0.909375 0.3031250000000001
0 0.8515625 0.2734375000000001 0.8296875 0.2734375000000001 0.8296875 0.3187500000000001 0.8515625 0.3187500000000001
0 0.815625 0.2734375000000001 0.790625 0.2734375000000001 0.790625 0.3281250000000001 0.815625 0.3281250000000001
0 0.7890625 0.2875000000000001 0.771875 0.2875000000000001 0.771875 0.3281250000000001 0.7890625 0.3281250000000001
0 0.7609375 0.2906250000000001 0.7390625 0.2906250000000001 0.7390625 0.3312500000000001 0.7609375 0.3312500000000001
0 0.7203125 0.29375000000000007 0.6953125 0.29375000000000007 0.6953125 0.34062500000000007 0.7203125 0.34062500000000007
0 0.5859375 0.2734375000000001 0.565625 0.2734375000000001 0.565625 0.3140625000000001 0.5859375 0.3140625000000001
0 0.603125 0.2687500000000001 0.5859375 0.2687500000000001 0.5859375 0.3109375000000001 0.603125 0.3109375000000001
0 0.628125 0.2578125000000001 0.6046875 0.2578125000000001 0.6046875 0.30937500000000007 0.628125 0.30937500000000007
0 0.6546875 0.2671875000000001 0.6328125 0.2671875000000001 0.6328125 0.3046875000000001 0.6546875 0.3046875000000001
0 0.6703125 0.2578125000000001 0.65625 0.2578125000000001 0.65625 0.2984375000000001 0.6703125 0.2984375000000001
0 0.6953125 0.2531250000000001 0.6765625 0.2531250000000001 0.6765625 0.29375000000000007 0.6953125 0.29375000000000007
0 0.7203125 0.24375000000000008 0.6984375 0.24375000000000008 0.6984375 0.29375000000000007 0.7203125 0.29375000000000007
0 0.746875 0.24375000000000008 0.7265625 0.24375000000000008 0.7265625 0.2843750000000001 0.746875 0.2843750000000001
0 0.771875 0.2390625000000001 0.7515625 0.2390625000000001 0.7515625 0.2812500000000001 0.771875 0.2812500000000001
0 0.79375 0.2312500000000001 0.775 0.2312500000000001 0.775 0.2765625000000001 0.79375 0.2765625000000001
0 0.8171875 0.22812500000000008 0.8 0.22812500000000008 0.8 0.2734375000000001 0.8171875 0.2734375000000001
0 0.8390625 0.2234375000000001 0.8203125 0.2234375000000001 0.8203125 0.2656250000000001 0.8390625 0.2656250000000001
0 0.8625 0.2171875000000001 0.8453125 0.2171875000000001 0.8453125 0.26250000000000007 0.8625 0.26250000000000007
0 0.884375 0.2140625000000001 0.865625 0.2140625000000001 0.865625 0.25468750000000007 0.884375 0.25468750000000007
2 0.9734375 0.2015625000000001 0.9125 0.2015625000000001 0.9125 0.30156250000000007 0.9734375 0.30156250000000007
0 0.2250000000000001 0.5234375 0.16250000000000003 0.5234375 0.16250000000000006 0.5828125 0.2250000000000001 0.5828125
0 0.5000000000000001 0.7140625 0.4625 0.7140625 0.4625000000000001 0.7703125 0.5000000000000002 0.7703125
0 0.4906250000000002 0.984375 0.4437500000000002 0.984375 0.4437500000000002 1 0.4906250000000002 1
0 0.12656250000000008 0.628125 0.09843750000000007 0.628125 0.09843750000000008 0.69375 0.12656250000000008 0.69375
0 0.1515625000000001 0.8265625 0.12031250000000009 0.8265625 0.12031250000000009 0.89375 0.1515625000000001 0.89375
0 0.11718750000000008 0.7953125 0.08593750000000008 0.7953125 0.0859375000000001 0.8734375 0.11718750000000008 0.8734375
0 0.0890625000000001 0.7953125 0.05625000000000009 0.7953125 0.0562500000000001 0.875 0.08906250000000011 0.875
0 0.11093750000000013 0.9734375 0.0796875000000001 0.9734375 0.07968750000000012 1 0.11093750000000013 1
2 1 0.6406250000000002 0.9046875 0.6406250000000002 0.9046875 0.6968750000000001 1 0.6968750000000001
0 0.871875 0.6625000000000002 0.8265625 0.6625000000000002 0.8265625 0.6968750000000001 0.871875 0.6968750000000001