0 0.5703125 0.2671875000000001 0.5453125 0.2671875000000001 0.5453125 0.3187500000000001 0.5703125 0.3187500000000001
0 0.5421875 0.2796875000000001 0.525 0.2796875000000001 0.525 0.3218750000000001 0.5421875 0.3218750000000001
0 0.515625 0.2843750000000001 0.49375 0.2843750000000001 0.49375 0.32500000000000007 0.515625 0.32500000000000007
0 0.4734375 0.2906250000000001 0.45 0.2906250000000001 0.45 0.3343750000000001 0.4734375 0.3343750000000001
0 0.1859375 0.01562500000000002 0.1640625 0.01562500000000002 0.1640625 0.09062500000000002 0.1859375 0.09062500000000002
0 0.02968750000000004 0.3125 0.007812500000000038 0.3125 0.007812500000000042 0.353125 0.029687500000000044 0.353125
0 0.05312500000000005 0.3078125 0.03437500000000003 0.3078125 0.03437500000000004 0.3484375 0.05312500000000005 0.3484375
0 0.07968750000000005 0.296875 0.05468750000000004 0.296875 0.05468750000000004 0.3484375 0.07968750000000005 0.3484375
0 0.10625000000000004 0.296875 0.08750000000000005 0.296875 0.08750000000000005 0.3375 0.10625000000000004 0.3375
0 0.13593750000000004 0.29375 0.11406250000000004 0.29375 0.11406250000000004 0.3375 0.13593750000000004 0.3375
0 0.2015625 0.2796875 0.17968750000000006 0.2796875 0.17968750000000006 0.3234375 0.2015625 0.3234375
0 0.340625 0.26875 0.31875 0.26875 0.31875 0.3078125 0.340625 0.3078125
0 0.3578125 0.2671875 0.340625 0.2671875 0.340625 0.3078125 0.3578125 0.3078125
0 0.3828125 0.2515625 0.359375 0.2515625 0.359375 0.30312500000000003 0.3828125 0.3031250000000001
0 0.409375 0.2609375000000001 0.3875 0.2609375000000001 0.3875 0.30156250000000007 0.409375 0.30156250000000007
0 0.4265625 0.2531250000000001 0.4109375 0.2531250000000001 0.4109375 0.2953125000000001 0.4265625 0.2953125000000001
0 0.45 0.2484375000000001 0.43125 0.2484375000000001 0.43125 0.2875000000000001 0.45 0.2875000000000001
0 0.4765625 0.2390625000000001 0.453125 0.2390625000000001 0.453125 0.2875000000000001 0.4765625 0.2875000000000001
0 0.5015625 0.23593750000000008 0.4796875 0.23593750000000008 0.4796875 0.2750000000000001 0.5015625 0.2750000000000001
0 0.5265625 0.23437500000000008 0.50625 0.23437500000000008 0.50625 0.2750000000000001 0.5265625 0.2750000000000001
0 0.5484375 0.22656250000000008 0.5296875 0.22656250000000008 0.5296875 0.27031250000000007 0.5484375 0.27031250000000007
0 0.571875 0.2218750000000001 0.5546875 0.2218750000000001 0.5546875 0.2640625000000001 0.571875 0.2640625000000001
0 0.5796875 0.21875000000000008 0.5734375 0.21875000000000008 0.5734375 0.2593750000000001 0.5796875 0.2593750000000001
0 0.9390625 0.2906250000000001 0.8953125 0.2906250000000001 0.8953125 0.3421875000000001 0.9390625 0.3421875000000001
0 0.9515625 0.2093750000000001 0.915625 0.2093750000000001 0.915625 0.2406250000000001 0.9515625 0.2406250000000001
2 0.7390625 0.3515625000000001 0.625 0.3515625000000001 0.625 0.4046875000000001 0.7390625 0.4046875000000002
0 0.7796875 0.2640625000000001 0.7390625 0.2640625000000001 0.7390625 0.2953125000000001 0.7796875 0.2953125000000001
0 0.6609375 0.2171875000000001 0.6203125 0.2171875000000001 0.6203125 0.2531250000000001 0.6609375 0.2531250000000001
0 0.16562500000000008 0.7515625 0.1453125000000001 0.7515625 0.1453125000000001 0.7875 0.16562500000000008 0.7875
0 0.4234375 0.4921875 0.4015625 0.4921875 0.4015625 0.5359375 0.4234375 0.5359375
0 0.41875 0.5453125 0.4 0.5453125 0.4 0.5890625 0.41875 0.5890625
0 0.428125 0.60625 0.4078125 0.60625 0.4078125 0.646875 0.428125 0.646875
0 0.3843750000000001 0.5640625 0.3656250000000001 0.5640625 0.3656250000000001 0.6 0.3843750000000001 0.6
0 0.3968750000000001 0.609375 0.37187500000000007 0.609375 0.37187500000000007 0.653125 0.3968750000000001 0.653125
0 0.5328125000000001 0.978125 0.5187500000000002 0.978125 0.5187500000000002 1 0.5328125000000001 1
0 0.3593750000000001 0.61875 0.3359375000000001 0.61875 0.3359375000000001 0.6578125 0.3593750000000001 0.6578125
0 0.32500000000000007 0.6234375 0.3062500000000001 0.6234375 0.3062500000000001 0.6640625 0.32500000000000007 0.6640625
0 0.3546875000000001 0.5578125 0.3296875000000001 0.5578125 0.3296875000000001 0.6015625 0.3546875000000001 0.6015625
0 0.3203125000000001 0.5015625 0.2968750000000001 0.5015625 0.2968750000000001 0.5421875 0.3203125000000001 0.5421875
0 0.2640625000000001 0.5140625 0.24218750000000008 0.5140625 0.24218750000000008 0.5546875 0.2640625000000001 0.5546875
0 0.22812500000000008 0.5171875 0.20312500000000008 0.5171875 0.20312500000000008 0.5609375 0.22812500000000008 0.5609375
0 0.2000000000000001 0.5234375 0.18281250000000004 0.5234375 0.18281250000000007 0.565625 0.2000000000000001 0.565625
0 0.17187500000000006 0.5265625 0.15000000000000005 0.5265625 0.15000000000000008 0.565625 0.17187500000000008 0.565625
0 0.13125000000000006 0.5296875 0.10625000000000004 0.5296875 0.10625000000000007 0.5703125 0.1312500000000001 0.5703125
0 0.014062500000000065 0.496875 6.084963783263412e-17 0.496875 6.324152611221879e-17 0.5359375 0.014062500000000066 0.5359375
0 0.040625000000000064 0.49375 0.01718750000000006 0.49375 0.017187500000000064 0.534375 0.040625000000000064 0.534375
0 0.06562500000000007 0.4921875 0.04375000000000005 0.4921875 0.04375000000000006 0.53125 0.06562500000000007 0.53125
0 0.08281250000000007 0.4921875 0.06718750000000007 0.4921875 0.06718750000000007 0.525 0.08281250000000007 0.525
0 0.10625000000000004 0.4875 0.08750000000000006 0.4875 0.08750000000000006 0.521875 0.10625000000000004 0.521875
0 0.13281250000000006 0.48125 0.11093750000000005 0.48125 0.11093750000000005 0.5203125 0.13281250000000006 0.5203125
0 0.15937500000000004 0.48125 0.13750000000000004 0.48125 0.13750000000000004 0.5171875 0.15937500000000004 0.5171875
0 0.18281250000000004 0.478125 0.16250000000000003 0.478125 0.16250000000000003 0.5140625 0.18281250000000004 0.5140625
0 0.2062500000000001 0.4765625 0.18750000000000006 0.4765625 0.18750000000000006 0.5109375 0.2062500000000001 0.5109375
0 0.22656250000000008 0.4734375 0.2093750000000001 0.4734375 0.2093750000000001 0.50625 0.22656250000000008 0.50625
0 0.2515625000000001 0.4703125 0.2312500000000001 0.4703125 0.2312500000000001 0.5046875 0.2515625000000001 0.5046875
0 0.2734375000000001 0.465625 0.2562500000000001 0.465625 0.2562500000000001 0.4984375 0.2734375000000001 0.4984375
0 0.2968750000000001 0.4609375 0.2765625000000001 0.4609375 0.2765625000000001 0.496875 0.2968750000000001 0.496875
2 0.38750000000000007 0.4765625 0.3265625000000001 0.4765625 0.3265625000000001 0.5484375 0.38750000000000007 0.5484375
0 0.8609375 0.878125 0.8265625 0.878125 0.8265625 0.93125 0.8609375 0.93125
0 0.8171875 0.6421875000000001 0.78125 0.6421875000000001 0.78125 0.6968750000000001 0.8171875 0.6968750000000001
0 0.853125 0.6265625000000001 0.8234375 0.6265625000000001 0.8234375 0.6750000000000002 0.853125 0.6750000000000002
0 0.890625 0.6140625000000002 0.8625 0.6140625000000002 0.8625 0.6578125000000001 0.890625 0.6578125000000001
0 0.9203125 0.6109375000000001 0.89375 0.6109375000000001 0.89375 0.6546875000000002 0.9203125 0.6546875000000002
0 0.9546875 0.6062500000000002 0.921875 0.6062500000000002 0.921875 0.6500000000000001 0.9546875 0.6500000000000001
0 1 0.5953125000000001 0.9671875 0.5953125000000001 0.9671875 0.6359375000000002 1 0.6359375000000002
0 0.6453125 0.525 0.628125 0.525 0.628125 0.6125 0.6453125 0.6125
0 0.6359375 0.4390625 0.6203125 0.4390625 0.6203125 0.5109375 0.6359375 0.5109375
0 0.90625 0.7250000000000002 0.871875 0.7250000000000002 0.871875 0.7781250000000002 0.90625 0.7781250000000002
0 0.8 0.7796875000000002 0.7703125000000002 0.7796875000000002 0.7703125000000002 0.828125 0.8 0.828125
0 0.7046875000000001 0.8265625 0.6656250000000001 0.8265625 0.6656250000000001 0.8875 0.7046875000000001 0.8875
0 1 0.9671875 0.9875 0.9671875 0.9875 1 1 1
0 0.9828125 0.9765625 0.95625 0.9765625 0.95625 1 0.9828125 1
0 0.9390625 0.9828125 0.9125 0.9828125 0.9125 1 0.9390625 1
0 0.9109375 0.9890625 0.890625 0.9890625 0.890625 1 0.9109375 1