0 0.02968750000000008 0.60625 0.010937500000000076 0.60625 0.010937500000000077 0.6546875 0.02968750000000008 0.6546875
0 0.3703125000000001 0.8390625 0.3609375000000001 0.8390625 0.3609375000000001 0.9203125 0.3703125000000001 0.9203125
0 0.33281250000000007 0.678125 0.30937500000000007 0.678125 0.30937500000000007 0.73125 0.33281250000000007 0.73125
0 0.4312500000000001 0.721875 0.409375 0.721875 0.4093750000000001 0.7734375 0.4312500000000002 0.7734375
0 0.2140625000000001 0.4390625 0.19218750000000004 0.4390625 0.19218750000000004 0.4859375 0.2140625000000001 0.4859375
0 0.4046875000000002 0.7296875 0.3921875000000001 0.7296875 0.3921875000000001 0.771875 0.4046875000000002 0.771875
0 0.2218750000000001 0.503125 0.20312500000000008 0.503125 0.20312500000000008 0.5453125 0.2218750000000001 0.5453125
0 0.2171875000000001 0.5515625 0.1984375000000001 0.5515625 0.1984375000000001 0.6046875 0.2171875000000001 0.6046875
0 0.2531250000000001 0.515625 0.2375000000000001 0.515625 0.2375000000000001 0.5609375 0.2531250000000001 0.5609375
0 0.2500000000000001 0.55625 0.22656250000000008 0.55625 0.22656250000000008 0.6140625 0.2500000000000001 0.6140625
0 0.11718750000000014 0.921875 0.10937500000000014 0.921875 0.10937500000000014 0.9984375 0.11718750000000014 0.9984375
0 0.2828125000000001 0.5765625 0.26250000000000007 0.5765625 0.26250000000000007 0.6234375 0.2828125000000001 0.6234375
0 0.3109375000000001 0.5828125 0.29375000000000007 0.5828125 0.29375000000000007 0.628125 0.3109375000000001 0.628125
0 0.2875000000000001 0.5171875 0.2640625000000001 0.5171875 0.2640625000000001 0.5640625 0.2875000000000001 0.5640625
0 0.3156250000000001 0.453125 0.29375000000000007 0.453125 0.29375000000000007 0.509375 0.3156250000000001 0.509375
0 0.3703125000000001 0.478125 0.3500000000000001 0.478125 0.3500000000000001 0.525 0.3703125000000001 0.525
0 0.409375 0.478125 0.38750000000000007 0.478125 0.38750000000000007 0.528125 0.409375 0.528125
0 0.43125 0.490625 0.415625 0.490625 0.415625 0.5296875 0.43125 0.5296875
0 0.4625 0.49375 0.440625 0.49375 0.440625 0.5359375 0.4625 0.5359375
0 0.50625 0.496875 0.4828125 0.496875 0.4828125 0.5453125 0.50625 0.5453125
0 0.696875 0.14218750000000008 0.6875 0.14218750000000008 0.6875 0.21093750000000008 0.696875 0.21093750000000008
0 0.778125 0.21250000000000008 0.759375 0.21250000000000008 0.759375 0.2921875000000001 0.778125 0.2921875000000001
0 0.6937500000000002 0.7875 0.6765625000000002 0.7875 0.6765625000000002 0.83125 0.6937500000000002 0.83125
0 0.7140625000000002 0.7890625 0.6968750000000001 0.7890625 0.6968750000000001 0.83125 0.7140625000000002 0.83125
0 0.7390625000000002 0.7890625000000001 0.7234375000000002 0.7890625 0.7234375000000002 0.8359375 0.7390625000000002 0.8359375
0 0.7718750000000002 0.7921875000000002 0.7500000000000002 0.7921875000000002 0.7500000000000002 0.8375 0.7718750000000002 0.8375
0 0.7984375000000001 0.7984375000000001 0.7781250000000002 0.7984375000000001 0.7781250000000002 0.84375 0.7984375000000001 0.84375
0 0.81875 0.803125 0.8015625 0.803125 0.8015625 0.8484375 0.81875 0.8484375
0 0.9953125 0.5078125000000002 0.978125 0.5078125000000002 0.978125 0.5546875000000002 0.9953125 0.5546875000000002
0 0.9734375 0.5046875000000002 0.9546875 0.5046875000000002 0.9546875 0.5484375000000001 0.9734375 0.5484375000000001
0 0.9484375 0.4984375000000002 0.9296875 0.4984375000000002 0.9296875 0.5453125000000002 0.9484375 0.5453125000000002
0 0.921875 0.4968750000000002 0.90625 0.4968750000000002 0.90625 0.5406250000000001 0.921875 0.5406250000000001
0 0.9 0.4859375000000002 0.878125 0.4859375000000002 0.878125 0.5390625000000002 0.9 0.5390625000000002
0 0.86875 0.48750000000000016 0.8515625 0.48750000000000016 0.8515625 0.5328125000000001 0.86875 0.5328125000000001
0 0.8421875 0.4890625000000002 0.821875 0.4890625000000002 0.821875 0.5296875000000002 0.8421875 0.5296875000000002
0 0.775 0.47656250000000017 0.75625 0.47656250000000017 0.75625 0.5234375000000002 0.775 0.5234375000000002
0 0.634375 0.471875 0.615625 0.471875 0.615625 0.5125 0.634375 0.5125
0 0.6140625 0.46875 0.5984375 0.46875 0.5984375 0.5109375 0.6140625 0.5109375
0 0.5953125 0.45625 0.5734375 0.45625 0.5734375 0.509375 0.5953125 0.509375
0 0.5671875 0.465625 0.5484375 0.465625 0.5484375 0.50625 0.5671875 0.50625
0 0.5421875 0.4578125 0.5296875 0.4578125 0.5296875 0.503125 0.5421875 0.503125
0 0.5234375 0.4578125 0.50625 0.4578125 0.50625 0.4953125 0.5234375 0.4953125
0 0.5015625 0.446875 0.48125 0.446875 0.48125 0.49375 0.5015625 0.49375
0 0.471875 0.44375 0.453125 0.44375 0.453125 0.4859375 0.471875 0.4859375
0 0.446875 0.4421875 0.4296875 0.4421875 0.4296875 0.484375 0.446875 0.484375
0 0.425 0.434375 0.40625 0.434375 0.40625 0.48125 0.425 0.48125
0 0.4 0.4296875 0.3828125000000001 0.4296875 0.3828125000000001 0.4765625 0.4 0.4765625
0 0.3781250000000001 0.43125 0.3593750000000001 0.43125 0.3593750000000001 0.4703125 0.3781250000000001 0.4703125
0 0.3531250000000001 0.421875 0.3375000000000001 0.421875 0.3375000000000001 0.46875 0.3531250000000001 0.46875
0 0.33281250000000007 0.4203125 0.3156250000000001 0.4203125 0.3156250000000001 0.4625 0.33281250000000007 0.4625
0 0.2468750000000001 0.6765625 0.2296875000000001 0.6765625 0.2296875000000001 0.7234375 0.2468750000000001 0.7234375
2 0.2843750000000001 0.40625 0.22656250000000008 0.40625 0.22656250000000008 0.5046875 0.2843750000000001 0.5046875