0 0.06718750000000002 0.15625 0.03750000000000002 0.15625 0.03750000000000002 0.20625 0.06718750000000002 0.20625
0 0.06406250000000002 0.2125 0.03750000000000002 0.2125 0.037500000000000026 0.259375 0.06406250000000002 0.259375
0 0.050000000000000044 0.275 0.023437500000000035 0.275 0.023437500000000035 0.3171875 0.050000000000000044 0.3171875
0 0.09218750000000003 0.2375 0.06875000000000002 0.2375 0.06875000000000003 0.2765625 0.09218750000000005 0.2765625
0 0.07968750000000005 0.2796875 0.050000000000000044 0.2796875 0.050000000000000044 0.328125 0.07968750000000005 0.328125
0 0.11093750000000005 0.2984375 0.08437500000000005 0.2984375 0.08437500000000005 0.3390625 0.11093750000000005 0.3390625
0 0.13750000000000004 0.3078125 0.11406250000000004 0.3078125 0.11406250000000004 0.3484375 0.13750000000000004 0.3484375
0 0.12500000000000006 0.2375 0.09531250000000002 0.2375 0.09531250000000004 0.2828125 0.12500000000000006 0.2828125
0 0.16406250000000003 0.18125 0.134375 0.18125 0.13437500000000002 0.23125 0.16406250000000006 0.23125
0 0.215625 0.2078125 0.18906250000000005 0.2078125 0.18906250000000005 0.253125 0.215625 0.253125
0 0.2546875 0.2109375 0.2234375 0.2109375 0.2234375 0.2640625 0.2546875 0.2640625
0 0.271875 0.228125 0.25 0.228125 0.25 0.2703125 0.271875 0.2703125
0 0.3046875 0.2328125 0.278125 0.2328125 0.278125 0.275 0.3046875 0.275
0 0.346875 0.24375 0.31875 0.24375 0.31875 0.2890625 0.346875 0.2890625
0 0.4796875 0.2375000000000001 0.4546875 0.2375000000000001 0.4546875 0.2734375000000001 0.4796875 0.2734375000000001
0 0.459375 0.2328125000000001 0.4375 0.2328125000000001 0.4375 0.2687500000000001 0.459375 0.2687500000000001
0 0.440625 0.22031250000000008 0.4125 0.22031250000000008 0.4125 0.2671875000000001 0.440625 0.2671875000000001
0 0.4140625 0.21875000000000008 0.3875 0.21875000000000008 0.3875 0.2609375000000001 0.4140625 0.2609375000000001
0 0.390625 0.21250000000000008 0.371875 0.21250000000000008 0.371875 0.2500000000000001 0.390625 0.2500000000000001
0 0.3703125 0.20625000000000004 0.3484375 0.20625 0.3484375 0.24375000000000005 0.3703125 0.24375000000000008
0 0.3484375 0.2015625 0.321875 0.2015625 0.321875 0.2390625 0.3484375 0.2390625
0 0.321875 0.19218750000000004 0.296875 0.19218750000000004 0.296875 0.2296875 0.321875 0.2296875
0 0.2984375 0.18125000000000005 0.2734375 0.18125000000000005 0.2734375 0.221875 0.2984375 0.221875
0 0.2765625 0.17656250000000004 0.253125 0.17656250000000004 0.253125 0.2171875 0.2765625 0.2171875
0 0.253125 0.16875000000000004 0.2296875 0.16875000000000004 0.2296875 0.2109375 0.253125 0.2109375
0 0.23125 0.16093750000000004 0.20625 0.16093750000000004 0.20625 0.203125 0.23125 0.203125
0 0.2078125 0.15468750000000003 0.1859375 0.15468750000000003 0.18593750000000003 0.19218750000000004 0.2078125 0.19218750000000004
0 0.18750000000000003 0.14687500000000003 0.1640625 0.146875 0.16406250000000003 0.184375 0.18750000000000006 0.18437500000000004
2 0.13906250000000003 0.140625 0.06875000000000002 0.140625 0.06875000000000002 0.2328125 0.13906250000000003 0.2328125
0 0.66875 0.3750000000000001 0.640625 0.3750000000000001 0.640625 0.41875 0.66875 0.41875
0 0.9953125 0.22656250000000008 0.9703125 0.22656250000000008 0.9703125 0.2640625000000001 0.9953125 0.2640625000000001
0 0.9703125 0.2156250000000001 0.946875 0.2156250000000001 0.946875 0.2562500000000001 0.9703125 0.2562500000000001
0 0.95 0.20468750000000008 0.9203125 0.20468750000000008 0.9203125 0.25468750000000007 0.95 0.25468750000000007
0 0.91875 0.20312500000000008 0.896875 0.20312500000000008 0.896875 0.2406250000000001 0.91875 0.2406250000000001
0 0.89375 0.1921875000000001 0.8671875 0.1921875000000001 0.8671875 0.2328125000000001 0.89375 0.2328125000000001
0 0.828125 0.1781250000000001 0.8046875 0.1781250000000001 0.8046875 0.2156250000000001 0.828125 0.2156250000000001
0 0.690625 0.1468750000000001 0.665625 0.1468750000000001 0.665625 0.1843750000000001 0.690625 0.1843750000000001
0 0.6703125 0.1437500000000001 0.6484375 0.1437500000000001 0.6484375 0.18125000000000008 0.6703125 0.18125000000000008
0 0.6515625 0.1296875000000001 0.6234375 0.1296875000000001 0.6234375 0.1765625000000001 0.6515625 0.1765625000000001
0 0.625 0.1296875000000001 0.6 0.1296875000000001 0.6 0.1703125000000001 0.625 0.1703125000000001
0 0.6015625 0.12343750000000009 0.5828125 0.12343750000000009 0.5828125 0.1609375000000001 0.6015625 0.1609375000000001
0 0.58125 0.11562500000000009 0.56875 0.11562500000000009 0.56875 0.15625000000000008 0.58125 0.15625000000000008
0 0.13437500000000008 0.521875 0.09218750000000006 0.521875 0.09218750000000006 0.5890625 0.13437500000000008 0.5890625
0 0.61875 0.509375 0.58125 0.509375 0.58125 0.540625 0.61875 0.540625
0 0.6375 0.4765625 0.6015625 0.4765625 0.6015625 0.5078125 0.6375 0.5078125
0 0.7203125 0.4875 0.6859375 0.4875 0.6859375 0.5171875 0.7203125 0.5171875
0 0.840625 0.5015625000000001 0.8046875 0.5015625000000001 0.8046875 0.5328125000000001 0.840625 0.5328125000000001
0 0.7984375 0.5500000000000002 0.7671875 0.5500000000000002 0.7671875 0.5984375000000002 0.7984375 0.5984375000000002
0 0.6890625 0.584375 0.6578125 0.584375 0.6578125 0.6375 0.6890625 0.6375
0 0.6890625000000001 0.7234375 0.6625 0.7234375 0.6625000000000001 0.7890625 0.6890625000000001 0.7890625
0 0.7203125000000001 0.7234375 0.69375 0.7234375 0.6937500000000001 0.7859375 0.7203125000000001 0.7859375
0 0.7078125000000002 0.8140625 0.6812500000000001 0.8140625 0.6812500000000001 0.875 0.7078125000000002 0.875
0 0.6890625000000001 0.9484375 0.6625000000000002 0.9484375 0.6625000000000002 1 0.6890625000000001 1
0 0.9734375 0.4828125000000002 0.934375 0.4828125000000002 0.934375 0.5187500000000002 0.9734375 0.5187500000000002
2 0.8890625 0.4187500000000002 0.784375 0.4187500000000002 0.784375 0.47656250000000017 0.8890625 0.47656250000000017