0 0.02656250000000008 0.59375 0.007812500000000073 0.59375 0.007812500000000075 0.6390625 0.02656250000000008 0.6390625
0 0.37968750000000007 0.6984375 0.3625000000000001 0.6984375 0.3625000000000001 0.778125 0.37968750000000007 0.778125
0 0.5625 0.653125 0.5390625 0.653125 0.5390625 0.6984375 0.5625 0.6984375
0 0.6515625 0.7078125 0.6296875 0.7078125 0.6296875000000001 0.75 0.6515625000000002 0.75
0 0.21250000000000008 0.4171875 0.19062500000000004 0.4171875 0.19062500000000004 0.4640625 0.21250000000000008 0.4640625
0 0.6265625000000001 0.7125 0.6140625 0.7125 0.6140625000000001 0.7484375 0.6265625000000001 0.7484375
0 0.21875000000000008 0.4734375 0.2000000000000001 0.4734375 0.2000000000000001 0.5203125 0.21875000000000008 0.5203125
0 0.2156250000000001 0.5328125 0.19531250000000006 0.5328125 0.19531250000000006 0.575 0.2156250000000001 0.575
0 0.2515625000000001 0.4890625 0.23437500000000008 0.4890625 0.23437500000000008 0.5296875 0.2515625000000001 0.5296875
0 0.2468750000000001 0.5328125 0.2234375000000001 0.5328125 0.2234375000000001 0.5828125 0.2468750000000001 0.5828125
0 0.11562500000000012 0.9015625 0.1062500000000001 0.9015625 0.10625000000000011 0.9921875 0.11562500000000013 0.9921875
0 0.2812500000000001 0.5515625 0.2593750000000001 0.5515625 0.2593750000000001 0.590625 0.2812500000000001 0.590625
0 0.30937500000000007 0.553125 0.2906250000000001 0.553125 0.2906250000000001 0.59375 0.30937500000000007 0.59375
0 0.28593750000000007 0.4859375 0.26250000000000007 0.4859375 0.26250000000000007 0.5328125 0.28593750000000007 0.5328125
0 0.3125000000000001 0.425 0.2906250000000001 0.425 0.2906250000000001 0.475 0.3125000000000001 0.475
0 0.3687500000000001 0.446875 0.34843750000000007 0.446875 0.34843750000000007 0.4890625 0.3687500000000001 0.4890625
0 0.40625 0.4421875 0.3843750000000001 0.4421875 0.3843750000000001 0.4921875 0.40625 0.4921875
0 0.428125 0.45625 0.4125 0.45625 0.4125 0.4953125 0.428125 0.4953125
0 0.459375 0.45625 0.4390625 0.45625 0.4390625 0.496875 0.459375 0.496875
0 0.503125 0.4609375 0.48125 0.4609375 0.48125 0.503125 0.503125 0.503125
0 0.69375 0.08593750000000008 0.684375 0.08593750000000008 0.684375 0.15781250000000008 0.69375 0.15781250000000008
0 0.775 0.16562500000000008 0.75625 0.16562500000000008 0.75625 0.24218750000000008 0.775 0.24218750000000008
0 0.6921875000000002 0.7578125 0.6734375000000001 0.7578125 0.6734375000000001 0.8 0.6921875000000002 0.8
0 0.7125000000000001 0.7609375 0.6937500000000002 0.7609375 0.6937500000000002 0.7984375 0.7125000000000001 0.7984375
0 0.7359375000000001 0.7562500000000001 0.7203125000000001 0.75625 0.7203125000000001 0.8015625 0.7359375000000001 0.8015625
0 0.7703125000000002 0.7609375000000002 0.7468750000000002 0.7609375000000002 0.7468750000000002 0.8 0.7703125000000002 0.8
0 0.7953125000000002 0.7656250000000002 0.7750000000000001 0.7656250000000002 0.7750000000000001 0.80625 0.7953125000000002 0.80625
0 0.815625 0.7718750000000002 0.7984375000000001 0.7718750000000002 0.7984375000000001 0.809375 0.815625 0.809375
0 0.946875 0.7859375000000002 0.928125 0.7859375000000002 0.928125 0.825 0.946875 0.825
0 0.99375 0.4625000000000002 0.975 0.4625000000000002 0.975 0.5031250000000002 0.99375 0.5031250000000002
0 0.9734375 0.46093750000000017 0.953125 0.46093750000000017 0.953125 0.4984375000000002 0.9734375 0.4984375000000002
0 0.9453125 0.4593750000000002 0.9265625 0.4593750000000002 0.9265625 0.4937500000000002 0.9453125 0.4937500000000002
0 0.9203125 0.45312500000000017 0.903125 0.45312500000000017 0.903125 0.4906250000000002 0.9203125 0.4906250000000002
0 0.8984375 0.4437500000000002 0.8765625 0.4437500000000002 0.8765625 0.4937500000000002 0.8984375 0.4937500000000002
0 0.8671875 0.4468750000000002 0.85 0.4468750000000002 0.85 0.48437500000000017 0.8671875 0.48437500000000017
0 0.840625 0.4421875000000002 0.8203125 0.4421875000000002 0.8203125 0.4828125000000002 0.840625 0.4828125000000002
0 0.771875 0.4359375000000002 0.7546875 0.4359375000000002 0.7546875 0.4734375000000002 0.771875 0.4734375000000002
0 0.6328125 0.43125 0.6140625 0.43125 0.6140625 0.46875 0.6328125 0.46875
0 0.6125 0.43125 0.596875 0.43125 0.596875 0.46875 0.6125 0.46875
0 0.5921875 0.4203125 0.5703125 0.4203125 0.5703125 0.465625 0.5921875 0.465625
0 0.565625 0.4265625 0.5453125 0.4265625 0.5453125 0.4640625 0.565625 0.4640625
0 0.540625 0.421875 0.5265625 0.421875 0.5265625 0.459375 0.540625 0.459375
0 0.521875 0.41875 0.5046875 0.41875 0.5046875 0.45625 0.521875 0.45625
0 0.4984375 0.4125 0.478125 0.4125 0.478125 0.4546875 0.4984375 0.4546875
0 0.4703125 0.4125 0.45 0.4125 0.45 0.45 0.4703125 0.45
0 0.4453125 0.4078125 0.4265625 0.4078125 0.4265625 0.4453125 0.4453125 0.4453125
0 0.421875 0.4015625 0.4046875 0.4015625 0.4046875 0.44375 0.421875 0.44375
0 0.3968750000000001 0.3984375000000001 0.3812500000000001 0.3984375000000001 0.3812500000000001 0.440625 0.3968750000000001 0.440625
0 0.3750000000000001 0.39531250000000007 0.3578125000000001 0.3953125 0.3578125000000001 0.434375 0.3750000000000001 0.434375
0 0.3515625000000001 0.3890625 0.3359375000000001 0.3890625 0.3359375000000001 0.43125 0.3515625000000001 0.43125
0 0.3296875000000001 0.3875 0.3125000000000001 0.3875 0.3125000000000001 0.428125 0.3296875000000001 0.428125
0 0.4453125 0.6578125 0.428125 0.6578125 0.428125 0.6984375 0.4453125 0.6984375
2 0.2812500000000001 0.390625 0.2234375000000001 0.390625 0.2234375000000001 0.4765625 0.2812500000000001 0.4765625