0 0.050000000000000065 0.5875 0.03125000000000007 0.5875 0.03125000000000007 0.6296875 0.050000000000000065 0.6296875
0 0.018750000000000072 0.575 0.0015625000000000701 0.575 0.0015625000000000725 0.609375 0.018750000000000072 0.609375
0 0.09062500000000001 0.059375 0.08125 0.059375 0.08125000000000002 0.1421875 0.09062500000000002 0.1421875
0 0.484375 0.634375 0.465625 0.634375 0.465625 0.6765625 0.484375 0.6765625
0 0.953125 0.6375000000000002 0.9296875 0.6375000000000002 0.9296875 0.6781250000000002 0.953125 0.6781250000000002
0 0.978125 0.6906250000000002 0.95625 0.6906250000000002 0.95625 0.7328125000000002 0.978125 0.7328125000000002
0 0.20468750000000008 0.403125 0.18437500000000004 0.403125 0.18437500000000004 0.440625 0.20468750000000008 0.440625
0 0.9515625 0.6984375000000002 0.9390625 0.6984375000000002 0.9390625 0.7296875000000002 0.9515625 0.7296875000000002
0 0.2078125000000001 0.4515625 0.18906250000000005 0.4515625 0.18906250000000005 0.490625 0.2078125000000001 0.490625
0 0.20312500000000008 0.5140625 0.18281250000000004 0.5140625 0.18281250000000007 0.5515625 0.20312500000000008 0.5515625
0 0.24375000000000008 0.465625 0.22812500000000008 0.465625 0.22812500000000008 0.5015625 0.24375000000000008 0.5015625
0 0.2390625000000001 0.5140625 0.2171875000000001 0.5140625 0.2171875000000001 0.553125 0.2390625000000001 0.553125
0 0.11718750000000011 0.890625 0.1062500000000001 0.890625 0.10625000000000011 0.98125 0.11718750000000014 0.98125
0 0.27812500000000007 0.5265625 0.2578125000000001 0.5265625 0.2578125000000001 0.559375 0.27812500000000007 0.559375
0 0.30937500000000007 0.5265625 0.2921875000000001 0.5265625 0.2921875000000001 0.5640625 0.30937500000000007 0.5640625
0 0.2828125000000001 0.4609375 0.2578125000000001 0.4609375 0.2578125000000001 0.503125 0.2828125000000001 0.503125
0 0.3125000000000001 0.4 0.2906250000000001 0.4 0.2906250000000001 0.4421875 0.3125000000000001 0.4421875
0 0.3687500000000001 0.4125 0.3468750000000001 0.4125 0.3468750000000001 0.45 0.3687500000000001 0.45
0 0.4078125 0.4109375 0.3843750000000001 0.4109375 0.3843750000000001 0.4546875 0.4078125 0.4546875
0 0.4265625 0.4171875 0.4125 0.4171875 0.4125 0.459375 0.4265625 0.459375
0 0.459375 0.4171875 0.4390625 0.4171875 0.4390625 0.4546875 0.459375 0.4546875
0 0.503125 0.41875 0.48125 0.41875 0.48125 0.4578125 0.503125 0.4578125
0 0.69375 0.014062500000000084 0.6828125 0.014062500000000084 0.6828125 0.0906250000000001 0.69375 0.0906250000000001
0 0.775 0.10937500000000008 0.75625 0.10937500000000008 0.75625 0.1859375000000001 0.775 0.1859375000000001
0 0.690625 0.7203125 0.6734375 0.7203125 0.6734375000000001 0.759375 0.6906250000000002 0.759375
0 0.7125000000000001 0.7234375 0.69375 0.7234375 0.6937500000000001 0.7609375 0.7125000000000001 0.7609375
0 0.7359375000000001 0.7234375000000001 0.7203125 0.7234375 0.7203125000000001 0.7656250000000001 0.7359375000000001 0.7656250000000002
0 0.7703125000000001 0.7250000000000002 0.746875 0.7250000000000002 0.7468750000000001 0.7593750000000001 0.7703125000000002 0.7593750000000001
0 0.7953125000000002 0.7265625000000002 0.7750000000000001 0.7265625000000002 0.7750000000000001 0.7640625000000002 0.7953125000000002 0.7640625000000002
0 0.815625 0.7296875000000002 0.7984375000000001 0.7296875000000002 0.7984375000000001 0.7671875000000001 0.815625 0.7671875000000001
0 0.8421875 0.7312500000000002 0.821875 0.7312500000000002 0.821875 0.7687500000000002 0.8421875 0.7687500000000002
0 0.946875 0.7375000000000002 0.93125 0.7375000000000002 0.93125 0.7734375000000002 0.946875 0.7734375000000002
0 0.96875 0.7390625000000002 0.9515625 0.7390625000000002 0.9515625 0.7750000000000001 0.96875 0.7750000000000001
0 0.99375 0.4156250000000002 0.975 0.4156250000000002 0.975 0.44843750000000016 0.99375 0.44843750000000016
0 0.971875 0.40937500000000016 0.9515625 0.40937500000000016 0.9515625 0.4437500000000002 0.971875 0.4437500000000002
0 0.9453125 0.40625000000000017 0.9265625 0.40625000000000017 0.9265625 0.4421875000000002 0.9453125 0.4421875000000002
0 0.91875 0.4031250000000002 0.9015625 0.4031250000000002 0.9015625 0.44062500000000016 0.91875 0.44062500000000016
0 0.8984375 0.4031250000000002 0.8765625 0.4031250000000002 0.8765625 0.44062500000000016 0.8984375 0.44062500000000016
0 0.865625 0.4031250000000002 0.85 0.4031250000000002 0.85 0.4390625000000002 0.865625 0.4390625000000002
0 0.8390625 0.39531250000000007 0.8203125 0.39531250000000007 0.8203125 0.43281250000000016 0.8390625 0.43281250000000016
0 0.7734375 0.38750000000000007 0.7546875 0.38750000000000007 0.7546875 0.4203125000000002 0.7734375 0.4203125000000002
0 0.6328125 0.3828125000000001 0.6125 0.3828125000000001 0.6125 0.4171875 0.6328125 0.4171875
0 0.6125 0.3828125000000001 0.5953125 0.3828125000000001 0.5953125 0.41875 0.6125 0.41875
0 0.5921875 0.3781250000000001 0.5703125 0.3781250000000001 0.5703125 0.4171875 0.5921875 0.4171875
0 0.5640625 0.37968750000000007 0.5453125 0.37968750000000007 0.5453125 0.4140625 0.5640625 0.4140625
0 0.540625 0.3781250000000001 0.528125 0.3781250000000001 0.528125 0.4109375 0.540625 0.4109375
0 0.5203125 0.3765625000000001 0.5046875 0.3765625000000001 0.5046875 0.409375 0.5203125 0.409375
0 0.4984375 0.3750000000000001 0.478125 0.3750000000000001 0.478125 0.4125 0.4984375 0.4125
0 0.46875 0.3750000000000001 0.45 0.3750000000000001 0.45 0.4046875 0.46875 0.4046875
0 0.4453125 0.3703125000000001 0.4265625 0.3703125000000001 0.4265625 0.403125 0.4453125 0.403125
0 0.421875 0.37187500000000007 0.4046875 0.37187500000000007 0.4046875 0.403125 0.421875 0.403125
0 0.3968750000000001 0.3687500000000001 0.3812500000000001 0.3687500000000001 0.3812500000000001 0.4015625 0.3968750000000001 0.4015625
0 0.3750000000000001 0.36406250000000007 0.3578125000000001 0.3640625 0.3578125000000001 0.39843750000000006 0.3750000000000001 0.3984375000000001
0 0.35156250000000006 0.3625 0.3359375 0.3625 0.33593750000000006 0.3953125 0.3515625000000001 0.3953125
0 0.3296875 0.3609375 0.3125 0.3609375 0.31250000000000006 0.39375 0.3296875000000001 0.39375
0 0.7671875 0.6265625000000001 0.75 0.6265625000000001 0.75 0.6640625000000002 0.7671875 0.6640625000000002
2 0.2828125000000001 0.3796875 0.2250000000000001 0.3796875 0.2250000000000001 0.4484375 0.2828125000000001 0.4484375