0 0.012500000000000077 0.63125 7.730582919617668e-17 0.63125 7.845393557037732e-17 0.65 0.012500000000000077 0.65
0 0.2640625000000001 0.6234375 0.2406250000000001 0.6234375 0.2406250000000001 0.65 0.2640625000000001 0.65
0 0.02812500000000005 0.4 0.0031250000000000487 0.4 0.003125000000000052 0.4515625 0.028125000000000056 0.4515625
0 0.04843750000000006 0.4125 0.031250000000000056 0.4125 0.031250000000000056 0.45 0.04843750000000006 0.45
0 0.08125000000000004 0.415625 0.059375000000000046 0.415625 0.059375000000000046 0.453125 0.08125000000000004 0.453125
0 0.12343750000000005 0.4203125 0.10156250000000004 0.4203125 0.10156250000000004 0.4625 0.12343750000000005 0.4625
0 0.328125 0.04687500000000004 0.315625 0.046875000000000035 0.315625 0.11875000000000005 0.328125 0.11875000000000005
0 0.40625 0.12968750000000004 0.3859375 0.12968750000000004 0.3859375 0.2093750000000001 0.40625 0.2093750000000001
0 0.5890625 0.4328125 0.571875 0.4328125 0.571875 0.46875 0.5890625 0.46875
0 0.5671875 0.4296875 0.546875 0.4296875 0.546875 0.465625 0.5671875 0.465625
0 0.5421875 0.4234375 0.5234375 0.4234375 0.5234375 0.4609375 0.5421875 0.4609375
0 0.51875 0.415625 0.4953125 0.415625 0.4953125 0.4625 0.51875 0.4625
0 0.4875 0.4171875 0.4703125 0.4171875 0.4703125 0.453125 0.4875 0.453125
0 0.4625 0.4125 0.440625 0.4125 0.440625 0.45 0.4625 0.45
0 0.39531250000000007 0.4046875 0.3765625000000001 0.4046875 0.3765625000000001 0.440625 0.39531250000000007 0.440625
0 0.25468750000000007 0.3953125 0.23437500000000008 0.3953125 0.23437500000000008 0.43125 0.25468750000000007 0.43125
0 0.2328125000000001 0.39375 0.2156250000000001 0.39375 0.2156250000000001 0.4296875 0.2328125000000001 0.4296875
0 0.2140625000000001 0.3828125 0.19218750000000004 0.3828125 0.19218750000000004 0.428125 0.2140625000000001 0.428125
0 0.18750000000000006 0.3875 0.16718750000000004 0.3875 0.16718750000000004 0.425 0.18750000000000006 0.425
0 0.16250000000000003 0.3828125 0.14843750000000006 0.3828125 0.14843750000000006 0.41875 0.16250000000000003 0.41875
0 0.14375000000000004 0.3796875 0.12500000000000006 0.3796875 0.12500000000000006 0.4171875 0.14375000000000004 0.4171875
0 0.12031250000000004 0.3734375 0.10000000000000005 0.3734375 0.10000000000000005 0.4109375 0.12031250000000004 0.4109375
0 0.09218750000000005 0.3703125 0.07187500000000005 0.3703125 0.07187500000000005 0.40625 0.09218750000000005 0.40625
0 0.06718750000000004 0.365625 0.04687500000000004 0.365625 0.04687500000000004 0.403125 0.06718750000000004 0.403125
0 0.04531250000000005 0.3609375 0.026562500000000044 0.3609375 0.026562500000000044 0.3984375 0.04531250000000005 0.3984375
0 0.020312500000000046 0.3609375 0.0031250000000000444 0.3609375 0.0031250000000000466 0.3984375 0.02031250000000005 0.3984375
0 0.1375000000000001 0.621875 0.11875000000000009 0.621875 0.11875000000000009 0.65 0.1375000000000001 0.65
0 0.8828125 0.07500000000000011 0.81875 0.07500000000000011 0.81875 0.1312500000000001 0.8828125 0.1312500000000001
0 0.8265625 0.20312500000000008 0.7640625 0.20312500000000008 0.7640625 0.2593750000000001 0.8265625 0.2593750000000001
0 0.653125 0.58125 0.5984375 0.58125 0.5984375 0.6453125 0.653125 0.6453125
0 0.7 0.6296875 0.6421875 0.6296875 0.6421875 0.65 0.7 0.65
0 1 0.21875000000000008 0.9703125 0.21875000000000008 0.9703125 0.2906250000000001 1 0.2906250000000001
0 0.9875 0.3296875000000001 0.9515625 0.3296875000000001 0.9515625 0.40625000000000017 0.9875 0.40625000000000017
0 0.9796875 0.4265625000000002 0.9421875 0.4265625000000002 0.9421875 0.49531250000000016 0.9796875 0.49531250000000016
0 0.9484375 0.5937500000000002 0.9140625 0.5937500000000002 0.9140625 0.6500000000000001 0.9484375 0.6500000000000001
0 1 0.44843750000000016 0.9625 0.44843750000000016 0.9625 0.5203125000000002 1 0.5203125000000002
0 0.3765625000000001 0.85 0.3578125000000001 0.85 0.3578125000000001 0.915625 0.3765625000000001 0.915625
0 0.3343750000000001 0.7609375 0.31718750000000007 0.7609375 0.31718750000000007 0.8171875 0.3343750000000001 0.8171875
0 0.27031250000000007 0.7796875 0.2453125000000001 0.7796875 0.2453125000000001 0.84375 0.27031250000000007 0.84375
0 0.30937500000000007 0.909375 0.2906250000000001 0.909375 0.2906250000000001 0.96875 0.30937500000000007 0.96875
0 0.16875000000000012 0.93125 0.13281250000000014 0.93125 0.13281250000000014 0.9703125 0.16875000000000012 0.9703125
3 0.5890625000000002 0.9 0.5609375000000002 0.9 0.5609375000000002 0.9375 0.5890625000000002 0.9375
0 0.5890625000000002 0.95 0.5703125000000002 0.95 0.5703125000000002 0.9828125 0.5890625000000002 0.9828125
0 0.6062500000000002 0.884375 0.5890625000000002 0.884375 0.5890625000000002 0.921875 0.6062500000000002 0.921875
0 0.6140625000000002 0.8390625 0.5890625000000002 0.8390625 0.5890625000000002 0.8765625 0.6140625000000002 0.8765625
0 0.6796875000000002 0.859375 0.6406250000000002 0.859375 0.6406250000000002 0.8984375 0.6796875000000002 0.8984375
0 0.7812500000000002 0.9359375 0.7421875000000002 0.9359375 0.7421875000000002 0.975 0.7812500000000002 0.975
0 0.7031250000000002 0.9625 0.6625000000000002 0.9625 0.6625000000000002 1 0.7031250000000002 1
0 0.6468750000000002 0.9515625 0.6062500000000002 0.9515625 0.6062500000000002 0.990625 0.6468750000000002 0.990625
0 0.6593750000000002 0.9 0.6140625000000002 0.9 0.6140625000000002 0.9390625 0.6593750000000002 0.9390625
0 0.7343750000000002 0.8703125 0.6921875000000002 0.8703125 0.6921875000000002 0.909375 0.7343750000000002 0.909375
0 0.8765625 0.95625 0.834375 0.95625 0.834375 0.99375 0.8765625 0.99375
0 0.9578125 0.978125 0.9125 0.978125 0.9125 1 0.9578125 1
0 1 0.9609375 0.9859375 0.9609375 0.9859375 1 1 1
0 0.921875 0.9234375 0.8796875 0.9234375 0.8796875 0.9609375 0.921875 0.9609375
3 0.821875 0.8640625 0.7578125000000002 0.8640625 0.7578125000000002 0.928125 0.821875 0.928125
0 0.7109375000000002 0.9171875 0.6671875000000002 0.9171875 0.6671875000000002 0.9546875 0.7109375000000002 0.9546875