0 0.028125000000000077 0.6 0.009375000000000073 0.6 0.009375000000000074 0.64375 0.028125000000000077 0.64375
0 0.0921875 0.0031250000000000106 0.08125 0.0031250000000000097 0.08125000000000002 0.09531250000000001 0.09218750000000002 0.09531250000000002
0 0.3859375000000001 0.6890625 0.3671875000000001 0.6890625 0.3671875000000001 0.7609375 0.3859375000000001 0.7609375
0 0.5921875 0.6609375 0.56875 0.6609375 0.56875 0.7015625 0.5921875 0.7015625
0 0.6796875000000001 0.7109375 0.6578125 0.7109375 0.6578125000000001 0.7515625 0.6796875000000002 0.7515625
0 0.2140625000000001 0.421875 0.19218750000000004 0.421875 0.19218750000000004 0.46875 0.2140625000000001 0.46875
0 0.6546875000000001 0.715625 0.6421875 0.715625 0.6421875000000001 0.7484375 0.6546875000000002 0.7484375
0 0.22031250000000008 0.4765625 0.2000000000000001 0.4765625 0.2000000000000001 0.5234375 0.22031250000000008 0.5234375
0 0.2156250000000001 0.5375 0.19687500000000005 0.5375 0.19687500000000008 0.578125 0.2156250000000001 0.578125
0 0.2515625000000001 0.49375 0.23593750000000008 0.49375 0.23593750000000008 0.5359375 0.2515625000000001 0.5359375
0 0.2468750000000001 0.540625 0.2250000000000001 0.540625 0.2250000000000001 0.5875 0.2468750000000001 0.5875
0 0.11718750000000014 0.909375 0.10781250000000013 0.909375 0.10781250000000013 0.996875 0.11718750000000014 0.996875
0 0.2828125000000001 0.55625 0.2609375000000001 0.55625 0.2609375000000001 0.59375 0.2828125000000001 0.59375
0 0.30937500000000007 0.55625 0.2921875000000001 0.55625 0.2921875000000001 0.5984375 0.30937500000000007 0.5984375
0 0.2875000000000001 0.490625 0.2640625000000001 0.490625 0.2640625000000001 0.5375 0.2875000000000001 0.5375
0 0.3140625000000001 0.428125 0.2921875000000001 0.428125 0.2921875000000001 0.478125 0.3140625000000001 0.478125
0 0.3703125000000001 0.446875 0.34843750000000007 0.446875 0.34843750000000007 0.4921875 0.3703125000000001 0.4921875
0 0.409375 0.4453125 0.3859375000000001 0.4453125 0.3859375000000001 0.496875 0.409375 0.496875
0 0.428125 0.459375 0.4125 0.459375 0.4125 0.496875 0.428125 0.496875
0 0.4609375 0.459375 0.440625 0.459375 0.440625 0.4984375 0.4609375 0.4984375
0 0.5046875 0.4609375 0.4828125 0.4609375 0.4828125 0.50625 0.5046875 0.50625
0 0.6953125 0.08593750000000008 0.6859375 0.08593750000000008 0.6859375 0.15781250000000008 0.6953125 0.15781250000000008
0 0.775 0.1687500000000001 0.7578125 0.1687500000000001 0.7578125 0.24218750000000008 0.775 0.24218750000000008
0 0.6921875000000002 0.7609375 0.6734375000000001 0.7609375 0.6734375000000001 0.8015625 0.6921875000000002 0.8015625
0 0.7140625000000002 0.7640625 0.6953125000000002 0.7640625 0.6953125000000002 0.8015625 0.7140625000000002 0.8015625
0 0.7375000000000002 0.7625000000000001 0.7218750000000002 0.7625 0.7218750000000002 0.8046875 0.7375000000000002 0.8046875
0 0.7718750000000002 0.7625000000000002 0.7484375000000002 0.7625000000000002 0.7484375000000002 0.8046875 0.7718750000000002 0.8046875
0 0.7968750000000002 0.7703125000000002 0.7750000000000001 0.7703125000000002 0.7750000000000001 0.809375 0.7968750000000002 0.809375
0 0.8171875 0.7750000000000001 0.8 0.7750000000000001 0.8 0.8140625 0.8171875 0.8140625
0 0.9484375 0.7859375000000002 0.9296875 0.7859375000000002 0.9296875 0.825 0.9484375 0.825
0 0.99375 0.4671875000000002 0.9765625 0.4671875000000002 0.9765625 0.5046875000000002 0.99375 0.5046875000000002
0 0.9734375 0.4625000000000002 0.953125 0.4625000000000002 0.953125 0.4984375000000002 0.9734375 0.4984375000000002
0 0.946875 0.46093750000000017 0.9265625 0.46093750000000017 0.9265625 0.49531250000000016 0.946875 0.49531250000000016
0 0.921875 0.45312500000000017 0.9046875 0.45312500000000017 0.9046875 0.4906250000000002 0.921875 0.4906250000000002
0 0.9 0.4468750000000002 0.878125 0.4468750000000002 0.878125 0.4937500000000002 0.9 0.4937500000000002
0 0.86875 0.44843750000000016 0.8515625 0.44843750000000016 0.8515625 0.4890625000000002 0.86875 0.4890625000000002
0 0.840625 0.44531250000000017 0.8203125 0.44531250000000017 0.8203125 0.4828125000000002 0.840625 0.4828125000000002
0 0.775 0.43750000000000017 0.75625 0.43750000000000017 0.75625 0.4750000000000002 0.775 0.4750000000000002
0 0.634375 0.4328125 0.615625 0.4328125 0.615625 0.46875 0.634375 0.46875
0 0.6125 0.434375 0.596875 0.434375 0.596875 0.471875 0.6125 0.471875
0 0.59375 0.421875 0.571875 0.421875 0.571875 0.46875 0.59375 0.46875
0 0.5671875 0.4296875 0.546875 0.4296875 0.546875 0.465625 0.5671875 0.465625
0 0.5421875 0.425 0.528125 0.425 0.528125 0.4625 0.5421875 0.4625
0 0.521875 0.4203125 0.5046875 0.4203125 0.5046875 0.4578125 0.521875 0.4578125
0 0.5 0.4171875 0.4796875 0.4171875 0.4796875 0.459375 0.5 0.459375
0 0.4703125 0.415625 0.4515625 0.415625 0.4515625 0.45 0.4703125 0.45
0 0.446875 0.4109375 0.428125 0.4109375 0.428125 0.4484375 0.446875 0.4484375
0 0.4234375 0.4078125 0.40625 0.4078125 0.40625 0.4453125 0.4234375 0.4453125
0 0.3984375000000001 0.403125 0.3828125000000001 0.403125 0.3828125000000001 0.44375 0.3984375000000001 0.44375
0 0.3765625000000001 0.403125 0.3578125000000001 0.403125 0.3578125000000001 0.440625 0.3765625000000001 0.440625
0 0.3515625000000001 0.3953125 0.3359375000000001 0.3953125 0.3359375000000001 0.434375 0.3515625000000001 0.434375
0 0.3312500000000001 0.3921875 0.3140625000000001 0.3921875 0.3140625000000001 0.43125 0.3312500000000001 0.43125
0 0.471875 0.6625 0.4546875 0.6625 0.4546875 0.7 0.471875 0.7
2 0.2828125000000001 0.3953125 0.2250000000000001 0.3953125 0.2250000000000001 0.48125 0.2828125000000001 0.48125