0 0.028125000000000077 0.6046875 0.009375000000000074 0.6046875 0.009375000000000078 0.6484375 0.028125000000000077 0.6484375
0 0.3703125000000001 0.7671875 0.3593750000000001 0.7671875 0.3593750000000001 0.8484375 0.3703125000000001 0.8484375
0 0.48125 0.6671875 0.4578125 0.6671875 0.4578125 0.709375 0.48125 0.709375
0 0.5750000000000001 0.715625 0.553125 0.715625 0.5531250000000001 0.7609375 0.5750000000000002 0.7609375
0 0.21250000000000008 0.428125 0.19062500000000004 0.428125 0.19062500000000004 0.478125 0.21250000000000008 0.478125
0 0.5484375000000001 0.7234375 0.5359375 0.7234375 0.5359375000000001 0.7578125 0.5484375000000001 0.7578125
0 0.21875000000000008 0.4890625 0.2000000000000001 0.4890625 0.2000000000000001 0.53125 0.21875000000000008 0.53125
0 0.2156250000000001 0.54375 0.19531250000000006 0.54375 0.19531250000000006 0.5890625 0.2156250000000001 0.5890625
0 0.2515625000000001 0.5046875 0.23437500000000008 0.5046875 0.23437500000000008 0.546875 0.2515625000000001 0.546875
0 0.2468750000000001 0.5453125 0.2250000000000001 0.5453125 0.2250000000000001 0.5984375 0.2468750000000001 0.5984375
0 0.11718750000000014 0.9140625 0.10781250000000013 0.9140625 0.10781250000000013 0.996875 0.11718750000000014 0.996875
0 0.2828125000000001 0.565625 0.2609375000000001 0.565625 0.2609375000000001 0.6078125 0.2828125000000001 0.6078125
0 0.30937500000000007 0.5703125 0.2921875000000001 0.5703125 0.2921875000000001 0.6109375 0.30937500000000007 0.6109375
0 0.28593750000000007 0.503125 0.26250000000000007 0.503125 0.26250000000000007 0.5484375 0.28593750000000007 0.5484375
0 0.3140625000000001 0.4375 0.2921875000000001 0.4375 0.2921875000000001 0.4921875 0.3140625000000001 0.4921875
0 0.3687500000000001 0.4625 0.34843750000000007 0.4625 0.34843750000000007 0.5046875 0.3687500000000001 0.5046875
0 0.4078125 0.4609375 0.3843750000000001 0.4609375 0.3843750000000001 0.5109375 0.4078125 0.5109375
0 0.428125 0.471875 0.4125 0.471875 0.4125 0.5140625 0.428125 0.5140625
0 0.459375 0.475 0.440625 0.475 0.440625 0.5140625 0.459375 0.5140625
0 0.5046875 0.4796875 0.4828125 0.4796875 0.4828125 0.521875 0.5046875 0.521875
0 0.6953125 0.11250000000000009 0.6859375 0.11250000000000009 0.6859375 0.18125000000000008 0.6953125 0.18125000000000008
0 0.7765625 0.18906250000000008 0.7578125 0.18906250000000008 0.7578125 0.26250000000000007 0.7765625 0.26250000000000007
0 0.6906250000000002 0.775 0.6734375000000001 0.775 0.6734375000000001 0.8140625 0.6906250000000002 0.8140625
0 0.7125000000000001 0.775 0.6953125000000002 0.775 0.6953125000000002 0.815625 0.7125000000000001 0.815625
0 0.7375000000000002 0.7765625 0.7203125000000001 0.7765625 0.7203125000000001 0.81875 0.7375000000000002 0.81875
0 0.7703125000000002 0.7765625000000002 0.7484375000000002 0.7765625000000002 0.7484375000000002 0.81875 0.7703125000000002 0.81875
0 0.7968750000000002 0.7843750000000002 0.7750000000000001 0.7843750000000002 0.7750000000000001 0.8265625 0.7968750000000002 0.8265625
0 0.8171875 0.7906250000000001 0.8 0.7906250000000001 0.8 0.828125 0.8171875 0.828125
0 0.946875 0.803125 0.928125 0.803125 0.928125 0.8453125 0.946875 0.8453125
0 0.99375 0.4828125000000002 0.9765625 0.4828125000000002 0.9765625 0.5250000000000001 0.99375 0.5250000000000001
0 0.9734375 0.47968750000000016 0.953125 0.47968750000000016 0.953125 0.5203125000000002 0.9734375 0.5203125000000002
0 0.946875 0.47656250000000017 0.9265625 0.47656250000000017 0.9265625 0.5171875000000001 0.946875 0.5171875000000001
0 0.9203125 0.4734375000000002 0.903125 0.4734375000000002 0.903125 0.5125000000000002 0.9203125 0.5125000000000002
0 0.8984375 0.46406250000000016 0.8765625 0.46406250000000016 0.8765625 0.5156250000000002 0.8984375 0.5156250000000002
0 0.8671875 0.4656250000000002 0.85 0.4656250000000002 0.85 0.5062500000000002 0.8671875 0.5062500000000002
0 0.840625 0.46406250000000016 0.8203125 0.46406250000000016 0.8203125 0.5062500000000002 0.840625 0.5062500000000002
0 0.7734375 0.45312500000000017 0.7546875 0.45312500000000017 0.7546875 0.49531250000000016 0.7734375 0.49531250000000016
0 0.634375 0.45 0.6140625 0.45 0.6140625 0.4875 0.634375 0.4875
0 0.6125 0.4484375 0.596875 0.4484375 0.596875 0.4890625 0.6125 0.4890625
0 0.5921875 0.434375 0.5703125 0.434375 0.5703125 0.4859375 0.5921875 0.4859375
0 0.565625 0.4453125 0.5453125 0.4453125 0.5453125 0.484375 0.565625 0.484375
0 0.540625 0.4390625 0.528125 0.4390625 0.528125 0.48125 0.540625 0.48125
0 0.521875 0.4359375 0.5046875 0.4359375 0.5046875 0.4734375 0.521875 0.4734375
0 0.4984375 0.428125 0.478125 0.428125 0.478125 0.475 0.4984375 0.475
0 0.4703125 0.4265625 0.4515625 0.4265625 0.4515625 0.4640625 0.4703125 0.4640625
0 0.4453125 0.425 0.4265625 0.425 0.4265625 0.4640625 0.4453125 0.4640625
0 0.421875 0.4203125 0.4046875 0.4203125 0.4046875 0.4625 0.421875 0.4625
0 0.3968750000000001 0.415625 0.3812500000000001 0.415625 0.3812500000000001 0.4578125 0.3968750000000001 0.4578125
0 0.3750000000000001 0.4140625 0.3578125000000001 0.4140625 0.3578125000000001 0.453125 0.3750000000000001 0.453125
0 0.3515625000000001 0.4078125 0.3359375000000001 0.4078125 0.3359375000000001 0.4484375 0.3515625000000001 0.4484375
0 0.3296875000000001 0.4046875 0.3125000000000001 0.4046875 0.3125000000000001 0.44375 0.3296875000000001 0.44375
0 0.3750000000000001 0.6765625 0.3578125000000001 0.6765625 0.3578125000000001 0.7171875 0.3750000000000001 0.7171875
2 0.2828125000000001 0.403125 0.2250000000000001 0.403125 0.2250000000000001 0.4890625 0.2828125000000001 0.4890625