0 0.45 0.4296875 0.4234375 0.4296875 0.4234375 0.46875 0.45 0.46875
0 0.6546875 0.3468750000000001 0.6296875 0.3468750000000001 0.6296875 0.3906250000000001 0.6546875 0.3906250000000001
0 0.6234375 0.3500000000000001 0.603125 0.3500000000000001 0.603125 0.3906250000000001 0.6234375 0.3906250000000001
0 0.659375 0.2843750000000001 0.6328125 0.2843750000000001 0.6328125 0.3312500000000001 0.659375 0.3312500000000001
0 0.6359375 0.2156250000000001 0.609375 0.2156250000000001 0.609375 0.2734375000000001 0.6359375 0.2734375000000001
0 0.5765625 0.2375000000000001 0.5515625 0.2375000000000001 0.5515625 0.2812500000000001 0.5765625 0.2812500000000001
0 0.540625 0.2312500000000001 0.5140625 0.2312500000000001 0.5140625 0.2843750000000001 0.540625 0.2843750000000001
0 0.5109375 0.2406250000000001 0.4921875 0.2406250000000001 0.4921875 0.2843750000000001 0.5109375 0.2843750000000001
0 0.484375 0.24218750000000008 0.4609375 0.24218750000000008 0.4609375 0.2828125000000001 0.484375 0.2828125000000001
0 0.4421875 0.24218750000000008 0.4171875 0.24218750000000008 0.4171875 0.28593750000000007 0.4421875 0.28593750000000007
0 0.023437500000000024 0.2 0.003125000000000025 0.2 0.003125000000000027 0.240625 0.023437500000000028 0.240625
0 0.050000000000000024 0.1921875 0.02343750000000002 0.1921875 0.023437500000000024 0.2453125 0.050000000000000024 0.2453125
0 0.07656250000000002 0.196875 0.05625000000000002 0.196875 0.05625000000000002 0.2375 0.07656250000000002 0.2375
0 0.10625000000000004 0.196875 0.08281250000000002 0.196875 0.08281250000000002 0.240625 0.10625000000000004 0.240625
0 0.17343750000000005 0.1921875 0.15000000000000005 0.1921875 0.15000000000000005 0.2359375 0.17343750000000005 0.2359375
0 0.3125 0.2015625 0.2890625 0.2015625 0.2890625 0.240625 0.3125 0.240625
0 0.3296875 0.2015625 0.3109375 0.2015625 0.3109375 0.2421875 0.3296875 0.2421875
0 0.3578125 0.18906250000000005 0.3328125 0.18906250000000005 0.3328125 0.2421875 0.3578125 0.2421875
0 0.38125 0.20156250000000003 0.3578125 0.2015625 0.3578125 0.24375000000000005 0.38125 0.24375000000000008
0 0.4 0.19687500000000005 0.3828125 0.19687500000000005 0.3828125 0.2406250000000001 0.4 0.2406250000000001
0 0.4234375 0.19687500000000005 0.403125 0.19687500000000005 0.403125 0.23593750000000008 0.4234375 0.23593750000000008
0 0.45 0.19062500000000004 0.425 0.19062500000000004 0.425 0.2390625000000001 0.45 0.2390625000000001
0 0.478125 0.19218750000000004 0.4546875 0.19218750000000004 0.4546875 0.2312500000000001 0.478125 0.2312500000000001
0 0.5015625 0.19218750000000004 0.4796875 0.19218750000000004 0.4796875 0.2328125000000001 0.5015625 0.2328125000000001
0 0.5234375 0.18906250000000005 0.503125 0.18906250000000005 0.503125 0.2328125000000001 0.5234375 0.2328125000000001
0 0.5484375 0.18750000000000006 0.5296875 0.18750000000000006 0.5296875 0.2312500000000001 0.5484375 0.2312500000000001
0 0.571875 0.18750000000000008 0.55 0.18750000000000008 0.55 0.22812500000000008 0.571875 0.22812500000000008
0 0.59375 0.1843750000000001 0.575 0.1843750000000001 0.575 0.2250000000000001 0.59375 0.2250000000000001
0 0.6171875 0.1828125000000001 0.596875 0.1828125000000001 0.596875 0.2234375000000001 0.6171875 0.2234375000000001
0 0.546875 0.45 0.5265625 0.45 0.5265625 0.46875 0.546875 0.46875
2 0.659375 0.1843750000000001 0.6390625 0.1843750000000001 0.6390625 0.2750000000000001 0.659375 0.2750000000000001
0 0.9765625 0.2093750000000001 0.940625 0.2093750000000001 0.940625 0.2578125000000001 0.9765625 0.2578125000000001
0 0.746875 8.916959506291665e-17 0.709375 8.687338231451536e-17 0.709375 0.028125000000000087 0.746875 0.028125000000000087
0 0.784375 9.414472268445279e-17 0.753125 9.223121206078505e-17 0.753125 0.010937500000000095 0.784375 0.010937500000000096
0 0.98125 0.0015625000000001183 0.95 0.0015625000000001165 0.95 0.04531250000000012 0.98125 0.045312500000000124
0 1 0.3156250000000001 0.9828125 0.3156250000000001 0.9828125 0.3578125000000001 1 0.3578125000000001
0 0.98125 0.3187500000000001 0.9515625 0.3187500000000001 0.9515625 0.3609375000000001 0.98125 0.3609375000000001
0 0.94375 0.3203125000000001 0.9140625 0.3203125000000001 0.9140625 0.36406250000000007 0.94375 0.36406250000000007
0 0.90625 0.3234375000000001 0.871875 0.3234375000000001 0.871875 0.37187500000000007 0.90625 0.37187500000000007
0 0.86875 0.3296875000000001 0.8375 0.3296875000000001 0.8375 0.37968750000000007 0.86875 0.37968750000000007
0 0.825 0.33281250000000007 0.79375 0.33281250000000007 0.79375 0.37968750000000007 0.825 0.37968750000000007
0 0.79375 0.3343750000000001 0.771875 0.3343750000000001 0.771875 0.3781250000000001 0.79375 0.3781250000000001
0 0.771875 0.3359375000000001 0.734375 0.3359375000000001 0.734375 0.3812500000000001 0.771875 0.3812500000000001
0 0.7265625 0.3453125000000001 0.6921875 0.3453125000000001 0.6921875 0.39531250000000007 0.7265625 0.39531250000000007
0 0.36406250000000007 0.9296875 0.3078125000000001 0.9296875 0.3078125000000001 1 0.36406250000000007 1
0 0.5093750000000001 0.646875 0.45625 0.646875 0.4562500000000001 0.7265625 0.5093750000000001 0.7265625
0 0.5609375 0.5546875 0.5125 0.5546875 0.5125 0.628125 0.5609375 0.628125
0 0.5359375 0.46875 0.4890625 0.46875 0.4890625 0.4921875 0.5359375 0.4921875
0 0.5468750000000001 0.690625 0.5140625 0.690625 0.5140625000000001 0.7375 0.5468750000000002 0.7375
0 0.2453125000000001 0.46875 0.18593750000000003 0.46875 0.18593750000000003 0.5 0.2453125000000001 0.5
0 0.14531250000000004 0.46875 0.09062500000000007 0.46875 0.09062500000000007 0.484375 0.14531250000000004 0.484375
0 0.45625000000000016 0.9578125 0.40156250000000016 0.9578125 0.40156250000000016 1 0.45625000000000016 1
0 0.15468750000000012 0.84375 0.0875000000000001 0.84375 0.0875000000000001 0.9078125 0.15468750000000014 0.9078125
0 0.8625 0.8375 0.840625 0.8375 0.840625 0.8765625 0.8625 0.8765625
0 0.840625 0.8359375 0.81875 0.8359375 0.81875 0.875 0.840625 0.875
0 0.8140625 0.834375 0.7937500000000002 0.834375 0.7937500000000002 0.875 0.8140625 0.875
0 0.7859375000000002 0.8453125 0.7609375000000002 0.8453125 0.7609375000000002 0.8796875 0.7859375000000002 0.8796875
0 0.7578125000000002 0.8421875 0.7343750000000002 0.8421875 0.7343750000000002 0.88125 0.7578125000000002 0.88125
0 0.7343750000000002 0.8453125 0.7140625000000002 0.8453125 0.7140625000000002 0.884375 0.7343750000000002 0.884375
0 0.7109375000000002 0.8421875 0.6875000000000002 0.8421875 0.6875000000000002 0.88125 0.7109375000000002 0.88125
0 0.6875 0.503125 0.6625 0.503125 0.6625 0.5453125 0.6875 0.5453125
0 0.7125 0.5078125 0.69375 0.5078125 0.69375 0.54375 0.7125 0.54375
0 0.74375 0.503125 0.7203125 0.503125 0.7203125 0.5453125000000001 0.74375 0.5453125000000002
0 0.8078125 0.5093750000000001 0.7875 0.5093750000000001 0.7875 0.5453125000000002 0.8078125 0.5453125000000002
0 0.95 0.5062500000000002 0.928125 0.5062500000000002 0.928125 0.5406250000000001 0.95 0.5406250000000001
0 0.96875 0.5062500000000002 0.9484375 0.5062500000000002 0.9484375 0.5453125000000002 0.96875 0.5453125000000002
0 0.99375 0.5031250000000002 0.96875 0.5031250000000002 0.96875 0.5453125000000002 0.99375 0.5453125000000002
0 1 0.5062500000000002 0.99375 0.5062500000000002 0.99375 0.5453125000000002 1 0.5453125000000002
0 0.81875 0.7406250000000002 0.7984375000000001 0.7406250000000002 0.7984375000000001 0.7843750000000002 0.81875 0.7843750000000002