0 0.5375 0.35625000000000007 0.5125 0.35625000000000007 0.5125 0.3984375000000001 0.5375 0.3984375000000001
0 0.5015625 0.3625000000000001 0.471875 0.3625000000000001 0.471875 0.4078125 0.5015625 0.4078125
0 0.475 0.37187500000000007 0.453125 0.37187500000000007 0.453125 0.415625 0.475 0.415625
0 0.446875 0.3781250000000001 0.421875 0.3781250000000001 0.421875 0.41875 0.446875 0.41875
0 0.40625 0.3843750000000001 0.3781250000000001 0.3843750000000001 0.3781250000000001 0.4265625 0.40625 0.4265625
0 0.1515625 0.031250000000000014 0.13125 0.031250000000000014 0.13125 0.10625 0.1515625 0.10625
0 0.09375000000000003 0.13125 0.06250000000000003 0.13125 0.06250000000000003 0.209375 0.09375000000000003 0.209375
0 0.06875000000000005 0.4171875 0.04218750000000006 0.4171875 0.04218750000000006 0.4296875 0.06875000000000005 0.4296875
0 0.13281250000000006 0.40625 0.10937500000000004 0.40625 0.10937500000000004 0.4296875 0.13281250000000006 0.4296875
0 0.2687500000000001 0.3703125 0.2453125000000001 0.3703125 0.2453125000000001 0.40625 0.2687500000000001 0.40625
0 0.2875000000000001 0.365625 0.2656250000000001 0.365625 0.2656250000000001 0.4046875 0.2875000000000001 0.4046875
0 0.31250000000000006 0.359375 0.2859375 0.359375 0.28593750000000007 0.4015625 0.3125000000000001 0.4015625
0 0.33593750000000006 0.3546875 0.3109375 0.3546875 0.31093750000000003 0.3953125 0.3359375000000001 0.3953125
0 0.35468750000000004 0.353125 0.3359375 0.353125 0.33593750000000006 0.3875 0.3546875000000001 0.3875
0 0.3765625 0.34687500000000004 0.3546875 0.346875 0.35468750000000004 0.38125000000000003 0.3765625000000001 0.3812500000000001
0 0.403125 0.3375000000000001 0.3765625 0.3375000000000001 0.3765625 0.3781250000000001 0.403125 0.3781250000000001
0 0.4296875 0.3343750000000001 0.4046875 0.3343750000000001 0.4046875 0.37187500000000007 0.4296875 0.37187500000000007
0 0.4515625 0.3281250000000001 0.428125 0.3281250000000001 0.428125 0.3656250000000001 0.4515625 0.3656250000000001
0 0.475 0.32500000000000007 0.453125 0.32500000000000007 0.453125 0.3593750000000001 0.475 0.3593750000000001
0 0.4953125 0.3187500000000001 0.475 0.3187500000000001 0.475 0.3531250000000001 0.4953125 0.3531250000000001
0 0.5203125 0.3125000000000001 0.496875 0.3125000000000001 0.496875 0.34843750000000007 0.5203125 0.34843750000000007
0 0.540625 0.3062500000000001 0.5203125 0.3062500000000001 0.5203125 0.34062500000000007 0.540625 0.34062500000000007
0 0.55 0.2984375000000001 0.5390625 0.2984375000000001 0.5390625 0.3359375000000001 0.55 0.3359375000000001
0 0.99375 0.2500000000000001 0.9703125 0.2500000000000001 0.9703125 0.2906250000000001 0.99375 0.2906250000000001
0 0.6375 0.2921875000000001 0.6078125 0.2921875000000001 0.6078125 0.3359375000000001 0.6375 0.3359375000000001
0 0.5890625 0.3546875000000001 0.559375 0.3546875000000001 0.559375 0.4 0.5890625 0.4
0 0.603125 0.3578125000000001 0.5859375 0.3578125000000001 0.5859375 0.3921875000000001 0.603125 0.3921875000000001
0 1 0.015625000000000118 0.971875 0.015625000000000118 0.971875 0.06562500000000013 1 0.06562500000000013
0 0.9734375 0.028125000000000122 0.953125 0.028125000000000122 0.953125 0.07031250000000011 0.9734375 0.07031250000000011
0 0.946875 0.03125000000000011 0.921875 0.03125000000000011 0.921875 0.07343750000000011 0.946875 0.07343750000000011
0 0.90625 0.04062500000000011 0.878125 0.04062500000000011 0.878125 0.08281250000000011 0.90625 0.08281250000000011
0 0.7640625 0.3687500000000001 0.740625 0.3687500000000001 0.740625 0.40937500000000016 0.7640625 0.40937500000000016
0 0.7421875 0.3734375000000001 0.71875 0.3734375000000001 0.71875 0.4140625000000001 0.7421875 0.41406250000000017
0 0.7171875 0.3781250000000001 0.6953125 0.3781250000000001 0.6953125 0.4203125 0.7171875 0.4203125
0 0.6921875 0.3843750000000001 0.6625 0.3843750000000001 0.6625 0.425 0.6921875 0.425
0 0.6625 0.3890625000000001 0.6359375 0.3890625000000001 0.6359375 0.4296875 0.6625 0.4296875
0 0.640625 0.3984375000000001 0.6171875 0.3984375000000001 0.6171875 0.4296875 0.640625 0.4296875
0 0.5671875 0.06875000000000006 0.55 0.06875000000000006 0.55 0.10937500000000008 0.5671875 0.10937500000000008
0 0.63125 0.056250000000000064 0.6078125 0.056250000000000064 0.6078125 0.09375000000000007 0.63125 0.09375000000000007
0 0.7703125 0.03125000000000009 0.746875 0.03125000000000009 0.746875 0.0671875000000001 0.7703125 0.0671875000000001
0 0.7875 0.028125000000000094 0.765625 0.028125000000000087 0.765625 0.06562500000000009 0.7875 0.06562500000000009
0 0.8125 0.014062500000000097 0.784375 0.014062500000000094 0.784375 0.05937500000000009 0.8125 0.05937500000000009
0 0.8375 0.0156250000000001 0.8125 0.0156250000000001 0.8125 0.0531250000000001 0.8375 0.05312500000000011
0 0.853125 0.007812500000000104 0.8359375 0.007812500000000102 0.8359375 0.0437500000000001 0.853125 0.0437500000000001
0 0.8765625 0.0031250000000001056 0.8546875 0.0031250000000001043 0.8546875 0.0375000000000001 0.8765625 0.03750000000000011
0 0.9015625 1.0887875448669438e-16 0.8765625 1.0734794598776019e-16 0.8765625 0.034375000000000114 0.9015625 0.034375000000000114
0 0.928125 1.1213172254692953e-16 0.903125 1.1060091404799533e-16 0.903125 0.02656250000000011 0.928125 0.02656250000000011
0 0.95 1.1490631295124774e-16 0.9265625 1.1347117998349694e-16 0.9265625 0.020312500000000115 0.95 0.020312500000000115
0 0.9734375 1.1787225441793274e-16 0.9515625 1.1653279698136533e-16 0.9515625 0.015625000000000118 0.9734375 0.015625000000000118
0 0.9953125 1.2055116929106758e-16 0.9734375 1.1921171185450017e-16 0.9734375 0.009375000000000121 0.9953125 0.009375000000000123
0 0.778125 0.27031250000000007 0.7546875 0.27031250000000007 0.7546875 0.30937500000000007 0.778125 0.30937500000000007
0 0.503125 0.6171875 0.4546875 0.6171875 0.4546875 0.665625 0.503125 0.665625
0 0.4234375000000001 0.7 0.3703125000000001 0.7 0.3703125000000001 0.7703125 0.4234375000000002 0.7703125
3 0.22656250000000008 0.4296875 0.18281250000000004 0.4296875 0.18281250000000004 0.509375 0.22656250000000008 0.509375
0 0.23437500000000008 0.6015625 0.1843750000000001 0.6015625 0.1843750000000001 0.6671875 0.23437500000000008 0.6671875
0 0.10000000000000009 0.684375 0.04843750000000009 0.684375 0.04843750000000009 0.7265625 0.10000000000000009 0.7265625
0 0.1062500000000001 0.73125 0.05468750000000009 0.73125 0.05468750000000009 0.7734375 0.1062500000000001 0.7734375
0 0.04531250000000009 0.73125 8.955229718765019e-17 0.73125 9.184850993605148e-17 0.76875 0.04531250000000009 0.76875
0 0.015625000000000087 0.69375 8.495987169084762e-17 0.69375 8.735175997043229e-17 0.7328125 0.01562500000000009 0.7328125
0 0.6343750000000001 0.8015625 0.5875000000000001 0.8015625 0.5875000000000001 0.840625 0.6343750000000001 0.840625
0 0.8421875 0.7578125000000002 0.7921875000000002 0.7578125000000002 0.7921875000000002 0.7984375000000001 0.8421875 0.7984375000000001
0 0.80625 0.9046875 0.7609375000000002 0.9046875 0.7609375000000002 0.94375 0.80625 0.94375
0 0.9859375 0.8703125 0.9359375 0.8703125 0.9359375 0.9109375 0.9859375 0.9109375