0 0.13906250000000003 0.31875 0.11250000000000004 0.31875 0.11250000000000004 0.359375 0.13906250000000003 0.359375
0 0.3 0.020312500000000035 0.26875 0.020312500000000032 0.26875 0.07031250000000003 0.3 0.07031250000000004
0 0.3046875 0.07656250000000005 0.2765625 0.07656250000000005 0.2765625 0.12187500000000004 0.3046875 0.12187500000000004
0 0.3234375 0.13750000000000004 0.2953125 0.13750000000000004 0.2953125 0.17812500000000003 0.3234375 0.17812500000000003
0 0.2734375 0.10312500000000005 0.2484375 0.10312500000000005 0.2484375 0.14062500000000006 0.2734375 0.14062500000000006
0 0.296875 0.14375000000000004 0.2640625 0.14375000000000004 0.2640625 0.19218750000000004 0.296875 0.19218750000000004
0 0.2609375 0.16406250000000006 0.2328125 0.16406250000000006 0.2328125 0.2046875 0.2609375 0.2046875
0 0.23125 0.17500000000000004 0.20625 0.17500000000000004 0.20625 0.2125 0.23125 0.2125
0 0.246875 0.10312500000000005 0.2140625 0.10312500000000005 0.2140625 0.15000000000000005 0.246875 0.15000000000000005
0 0.203125 0.050000000000000024 0.171875 0.050000000000000024 0.171875 0.09843750000000002 0.203125 0.09843750000000002
0 0.1515625 0.07968750000000002 0.121875 0.07968750000000002 0.121875 0.1234375 0.1515625 0.1234375
0 0.11875 0.08593750000000001 0.084375 0.0859375 0.084375 0.1390625 0.11875 0.1390625
0 0.09062500000000002 0.1015625 0.06562500000000002 0.1015625 0.06562500000000002 0.14375 0.09062500000000002 0.14375
0 0.06406250000000002 0.1078125 0.03437500000000001 0.1078125 0.03437500000000002 0.1515625 0.06406250000000002 0.1515625
0 0.02343750000000002 0.1203125 1.4734031802241592e-17 0.1203125 1.741294667537643e-17 0.1640625 0.02343750000000002 0.1640625
0 0.014062500000000014 0.078125 9.567553118338697e-18 0.078125 1.1959441397923371e-17 0.1171875 0.014062500000000016 0.1171875
0 0.04218750000000001 0.0671875 0.014062500000000006 0.0671875 0.014062500000000009 0.10625 0.04218750000000001 0.10625
0 0.06406250000000001 0.05625 0.03750000000000001 0.05625 0.03750000000000001 0.096875 0.06406250000000002 0.096875
0 0.0859375 0.053125 0.0609375 0.053125 0.0609375 0.090625 0.0859375 0.090625
0 0.1078125 0.04218750000000001 0.0828125 0.04218750000000001 0.0828125 0.08281250000000001 0.1078125 0.08281250000000002
0 0.13125 0.03593750000000001 0.1046875 0.03593750000000001 0.1046875 0.07500000000000002 0.13125 0.07500000000000002
0 0.15 0.025000000000000015 0.1265625 0.025000000000000012 0.1265625 0.06250000000000003 0.15 0.06250000000000003
0 0.1734375 0.01875000000000002 0.146875 0.018750000000000017 0.146875 0.057812500000000024 0.1734375 0.057812500000000024
2 0.2703125 0.010937500000000029 0.196875 0.010937500000000025 0.196875 0.09687500000000002 0.2703125 0.09687500000000002
0 0.596875 0.21093750000000008 0.565625 0.21093750000000008 0.565625 0.2765625000000001 0.596875 0.2765625000000001
0 0.565625 0.17968750000000006 0.534375 0.17968750000000006 0.534375 0.2468750000000001 0.565625 0.2468750000000001
0 0.51875 0.15937500000000004 0.4875 0.15937500000000004 0.4875 0.22812500000000008 0.51875 0.22812500000000008
0 0.60625 0.34843750000000007 0.575 0.34843750000000007 0.575 0.3890625000000001 0.60625 0.3890625000000001
2 0.5375 0.21093750000000008 0.453125 0.21093750000000008 0.453125 0.3890625000000001 0.5375 0.3890625000000001
0 0.56875 6.773827607783798e-17 0.5375 6.582476545417023e-17 0.5375 0.06406250000000006 0.56875 0.06406250000000006
0 0.3750000000000001 0.7625 0.3437500000000001 0.7625 0.3437500000000001 0.8328125 0.3750000000000001 0.8328125
0 0.3500000000000001 0.8234375 0.31718750000000007 0.8234375 0.31718750000000007 0.89375 0.3500000000000001 0.89375
0 0.4265625000000002 0.8703125 0.3921875000000001 0.8703125 0.3921875000000001 0.94375 0.4265625000000002 0.94375
0 0.4156250000000002 0.9234375 0.37968750000000007 0.9234375 0.37968750000000007 0.996875 0.4156250000000002 0.996875
0 0.3515625000000001 0.940625 0.31718750000000007 0.940625 0.31718750000000007 1 0.3515625000000001 1
0 0.3656250000000001 0.625 0.3343750000000001 0.625 0.3343750000000001 0.6921875 0.3656250000000001 0.6921875
0 0.3343750000000001 0.59375 0.30156250000000007 0.59375 0.30156250000000007 0.6609375 0.3343750000000001 0.6609375
0 0.2875000000000001 0.578125 0.2562500000000001 0.578125 0.2562500000000001 0.6484375 0.2875000000000001 0.6484375
0 0.3390625000000001 0.4078125 0.3046875000000001 0.4078125 0.3046875000000001 0.478125 0.3390625000000001 0.478125
0 0.12968750000000012 0.878125 0.08281250000000011 0.878125 0.08281250000000011 0.91875 0.12968750000000012 0.91875
0 0.07031250000000011 0.9 0.02656250000000011 0.9 0.02656250000000011 0.940625 0.07031250000000011 0.940625
0 0.13281250000000014 0.925 0.08906250000000011 0.925 0.08906250000000011 0.9640625 0.13281250000000014 0.9640625
0 0.08593750000000011 0.9453125 0.04062500000000011 0.9453125 0.04062500000000012 0.9859375 0.08593750000000011 0.9859375
3 0.1296875000000001 0.8265625 0.06562500000000011 0.8265625 0.06562500000000011 0.8765625 0.1296875000000001 0.8765625
2 0.3062500000000001 0.628125 0.2218750000000001 0.628125 0.2218750000000001 0.878125 0.3062500000000001 0.878125
2 0.07343750000000011 0.8390625 1.027555204909576e-16 0.8390625 1.0773064811249373e-16 0.9203125 0.07343750000000011 0.9203125
0 0.8828125 0.6750000000000002 0.8203125 0.6750000000000002 0.8203125 0.7359375000000001 0.8828125 0.7359375000000001
0 1 0.7171875000000002 0.971875 0.7171875000000002 0.971875 0.7781250000000002 1 0.7781250000000002
0 0.6796875 0.5609375 0.6046875 0.5609375 0.6046875 0.63125 0.6796875 0.63125
0 0.8453125 0.5093750000000001 0.7828125 0.5093750000000001 0.7828125 0.5640625000000001 0.8453125 0.5640625000000001
0 0.9265625 0.3890625000000001 0.8625 0.3890625000000001 0.8625 0.42500000000000016 0.9265625 0.42500000000000016
0 0.96875 0.3890625000000001 0.925 0.3890625000000001 0.925 0.4156250000000002 0.96875 0.4156250000000002
0 0.7875000000000002 0.9515625 0.7234375000000002 0.9515625 0.7234375000000002 1 0.7875000000000002 1