0 0.2859375 0.2453125 0.265625 0.2453125 0.265625 0.284375 0.2859375 0.284375
0 0.06875 6.888638245203862e-18 0.04375 5.35782974626967e-18 0.043750000000000004 0.04687500000000001 0.06875 0.046875000000000014
0 0.07968750000000001 0.0578125 0.0578125 0.0578125 0.05781250000000001 0.1015625 0.07968750000000002 0.1015625
0 0.07812500000000003 0.121875 0.05625000000000002 0.121875 0.05625000000000002 0.1609375 0.07812500000000003 0.1609375
0 0.1109375 0.07187500000000002 0.0921875 0.07187500000000002 0.0921875 0.1109375 0.1109375 0.1109375
0 0.1109375 0.1203125 0.08593750000000003 0.1203125 0.08593750000000003 0.1640625 0.1109375 0.1640625
0 0.14375 0.128125 0.121875 0.128125 0.121875 0.1671875 0.14375 0.1671875
0 0.171875 0.13125 0.153125 0.13125 0.153125 0.1703125 0.171875 0.1703125
0 0.146875 0.06562500000000002 0.1203125 0.06562500000000002 0.1203125 0.109375 0.146875 0.109375
0 0.1703125 0.0031250000000000193 0.1453125 0.003125000000000018 0.1453125 0.051562500000000025 0.1703125 0.051562500000000025
0 0.2265625 0.014062500000000025 0.203125 0.014062500000000023 0.203125 0.059375000000000025 0.2265625 0.059375000000000025
0 0.2640625 0.01406250000000003 0.2390625 0.014062500000000028 0.2390625 0.06406250000000002 0.2640625 0.06406250000000002
0 0.2859375 0.021875000000000033 0.26875 0.021875000000000033 0.26875 0.06406250000000004 0.2859375 0.06406250000000005
0 0.3171875 0.02187500000000004 0.2953125 0.02187500000000004 0.2953125 0.06093750000000005 0.3171875 0.06093750000000005
0 0.3609375 0.02187500000000004 0.3375 0.02187500000000004 0.3375 0.06718750000000004 0.3609375 0.06718750000000004
0 0.446875 5.3291270869146544e-17 0.4234375 5.1856137901395736e-17 0.4234375 0.021875000000000054 0.446875 0.021875000000000054
0 0.4203125 5.013397834009477e-17 0.3984375 4.8794520903527353e-17 0.3984375 0.01875000000000005 0.4203125 0.01875000000000005
0 0.396875 4.7646414529326714e-17 0.38125 4.6689659217492845e-17 0.38125 0.01562500000000005 0.396875 0.01562500000000005
0 0.3765625 4.496749965619188e-17 0.3578125 4.3819393281991234e-17 0.3578125 0.012500000000000044 0.3765625 0.012500000000000044
0 0.353125 4.190588265832349e-17 0.33125 4.0566425221756075e-17 0.33125 0.01562500000000004 0.353125 0.015625000000000045
0 0.325 3.846156353572156e-17 0.303125 3.7122106099154144e-17 0.303125 0.012500000000000039 0.325 0.012500000000000039
0 0.3 3.5495622069036564e-17 0.2796875 3.425184016365254e-17 0.2796875 0.010937500000000034 0.3 0.010937500000000036
0 0.2765625 3.2721031664718344e-17 0.2578125 3.15729252905177e-17 0.2578125 0.009375000000000033 0.2765625 0.009375000000000033
0 0.2515625 2.975509019803335e-17 0.234375 2.870265935501609e-17 0.234375 0.00781250000000003 0.2515625 0.007812500000000031
0 0.4453125 0.22031250000000008 0.4265625 0.22031250000000008 0.4265625 0.2609375000000001 0.4453125 0.2609375000000001
2 0.1390625 1.329889883449079e-17 0.078125 9.567553118338697e-18 0.078125 0.054687500000000014 0.1390625 0.05468750000000002
0 0.48125 0.3625000000000001 0.45 0.3625000000000001 0.45 0.4015625 0.48125 0.4015625
0 0.553125 0.3593750000000001 0.5046875 0.3593750000000001 0.5046875 0.4015625 0.553125 0.4015625
0 0.540625 0.4078125 0.4953125 0.4078125 0.4953125 0.4390625 0.540625 0.4390625
0 0.471875 0.409375 0.45 0.409375 0.45 0.4390625 0.471875 0.4390625
0 0.9625 0.3765625000000001 0.915625 0.3765625000000001 0.915625 0.4312500000000002 0.9625 0.4312500000000002
0 0.7078125 0.08125000000000009 0.68125 0.08125000000000009 0.68125 0.16406250000000008 0.7078125 0.16406250000000008
0 0.7375 0.17343750000000008 0.7140625 0.17343750000000008 0.7140625 0.24375000000000008 0.7375 0.24375000000000008
0 0.778125 0.2328125000000001 0.7546875 0.2328125000000001 0.7546875 0.3062500000000001 0.778125 0.3062500000000001
0 0.88125 0.1703125000000001 0.83125 0.1703125000000001 0.83125 0.2234375000000001 0.88125 0.2234375000000001
0 1 0.27812500000000007 0.9765625 0.27812500000000007 0.9765625 0.30937500000000007 1 0.30937500000000007
0 1 0.2296875000000001 0.9625 0.2296875000000001 0.9625 0.2656250000000001 1 0.2656250000000001
2 0.12656250000000013 0.9140625 0.017187500000000112 0.9140625 0.017187500000000116 1 0.12656250000000013 1
2 0.2093750000000001 0.5765625 0.16406250000000008 0.5765625 0.16406250000000008 0.8421875 0.2093750000000001 0.8421875
2 0.3281250000000001 0.659375 0.2875000000000001 0.659375 0.2875000000000001 0.921875 0.3281250000000001 0.921875
0 0.22656250000000008 0.6171875 0.2062500000000001 0.6171875 0.2062500000000001 0.6828125 0.22656250000000008 0.6828125
0 0.15937500000000007 0.4953125 0.13906250000000003 0.4953125 0.13906250000000006 0.5640625 0.1593750000000001 0.5640625
3 0.04375000000000011 0.846875 1.0371227580279147e-16 0.846875 1.0715659492539341e-16 0.903125 0.04375000000000011 0.903125
0 0.043750000000000115 0.915625 0.0015625000000001124 0.915625 0.0015625000000001146 0.953125 0.04375000000000012 0.953125
0 0.3062500000000001 0.9453125 0.2828125000000001 0.9453125 0.2828125000000001 1 0.3062500000000001 1
0 0.6484375 0.63125 0.6015625 0.63125 0.6015625 0.703125 0.6484375 0.703125
0 0.58125 0.709375 0.525 0.709375 0.5250000000000001 0.7640625 0.5812500000000002 0.7640625
0 0.4953125000000001 0.7078125 0.45 0.7078125 0.45000000000000007 0.7625 0.49531250000000016 0.7625
0 0.9234375 0.5296875000000002 0.8609375 0.5296875000000002 0.8609375 0.5890625000000002 0.9234375 0.5890625000000002
0 0.8125 0.9140625 0.7625000000000002 0.9140625 0.7625000000000002 0.9734375 0.8125 0.9734375
0 0.8609375 0.953125 0.803125 0.953125 0.803125 1 0.8609375 1