0 0.03281250000000007 0.5890625 0.012500000000000072 0.5890625 0.012500000000000075 0.6296875 0.03281250000000008 0.6296875
0 0.0921875 0.05781250000000001 0.0828125 0.0578125 0.08281250000000001 0.1421875 0.09218750000000002 0.1421875
0 0.4578125 0.65 0.4390625 0.65 0.4390625 0.6875 0.4578125 0.6875
0 0.8453125 0.6421875000000001 0.821875 0.6421875000000001 0.821875 0.6828125000000002 0.8453125 0.6828125000000002
0 0.89375 0.6968750000000001 0.871875 0.6968750000000001 0.871875 0.7375000000000002 0.89375 0.7375000000000002
0 0.21093750000000008 0.4 0.19062500000000004 0.4 0.19062500000000004 0.446875 0.21093750000000008 0.446875
0 0.86875 0.7000000000000002 0.85625 0.7000000000000002 0.85625 0.7328125000000002 0.86875 0.7328125000000002
0 0.21875000000000008 0.45625 0.19843750000000004 0.45625 0.19843750000000004 0.4984375 0.21875000000000008 0.4984375
0 0.21250000000000008 0.5203125 0.19218750000000004 0.5203125 0.19218750000000007 0.5578125 0.21250000000000008 0.5578125
0 0.2500000000000001 0.4734375 0.23437500000000008 0.4734375 0.23437500000000008 0.5078125 0.2500000000000001 0.5078125
0 0.2453125000000001 0.51875 0.2218750000000001 0.51875 0.2218750000000001 0.5625 0.2453125000000001 0.5625
0 0.11718750000000011 0.89375 0.10781250000000009 0.89375 0.10781250000000012 0.984375 0.11718750000000014 0.984375
0 0.2812500000000001 0.5296875 0.2593750000000001 0.5296875 0.2593750000000001 0.5671875 0.2812500000000001 0.5671875
0 0.30937500000000007 0.5328125 0.2921875000000001 0.5328125 0.2921875000000001 0.5671875 0.30937500000000007 0.5671875
0 0.2843750000000001 0.4671875 0.2609375000000001 0.4671875 0.2609375000000001 0.509375 0.2843750000000001 0.509375
0 0.3125000000000001 0.40625 0.2906250000000001 0.40625 0.2906250000000001 0.45 0.3125000000000001 0.45
0 0.3687500000000001 0.4171875 0.34843750000000007 0.4171875 0.34843750000000007 0.459375 0.3687500000000001 0.459375
0 0.4078125 0.41875 0.3843750000000001 0.41875 0.3843750000000001 0.465625 0.4078125 0.465625
0 0.4265625 0.425 0.4125 0.425 0.4125 0.4671875 0.4265625 0.4671875
0 0.459375 0.4265625 0.4390625 0.4265625 0.4390625 0.4671875 0.459375 0.4671875
0 0.5046875 0.4296875 0.4828125 0.4296875 0.4828125 0.46875 0.5046875 0.46875
0 0.69375 0.03906250000000009 0.684375 0.03906250000000009 0.684375 0.1140625000000001 0.69375 0.1140625000000001
0 0.775 0.1281250000000001 0.75625 0.1281250000000001 0.75625 0.20468750000000008 0.775 0.20468750000000008
0 0.6906250000000002 0.7375 0.6734375000000001 0.7375 0.6734375000000001 0.775 0.6906250000000002 0.775
0 0.7125000000000001 0.7359375 0.6937500000000002 0.7359375 0.6937500000000002 0.775 0.7125000000000001 0.775
0 0.7359375000000001 0.7390625000000001 0.7203125000000001 0.7390625 0.7203125000000001 0.7765625 0.7359375000000001 0.7765625000000002
0 0.7703125000000002 0.7390625000000002 0.7468750000000002 0.7390625000000002 0.7468750000000002 0.7765625000000002 0.7703125000000002 0.7765625000000002
0 0.7953125000000002 0.7390625000000002 0.7750000000000001 0.7390625000000002 0.7750000000000001 0.7796875000000002 0.7953125000000002 0.7796875000000002
0 0.815625 0.7453125000000002 0.7984375000000001 0.7453125000000002 0.7984375000000001 0.7828125000000001 0.815625 0.7828125000000001
0 0.946875 0.7546875000000002 0.9296875 0.7546875000000002 0.9296875 0.7921875000000002 0.946875 0.7921875000000002
0 0.9671875 0.7562500000000002 0.9515625 0.7562500000000002 0.9515625 0.7921875000000002 0.9671875 0.7921875000000002
0 0.99375 0.4265625000000002 0.975 0.4265625000000002 0.975 0.4593750000000002 0.99375 0.4593750000000002
0 0.971875 0.42187500000000017 0.9515625 0.42187500000000017 0.9515625 0.4593750000000002 0.971875 0.4593750000000002
0 0.9453125 0.4187500000000002 0.9265625 0.4187500000000002 0.9265625 0.45312500000000017 0.9453125 0.45312500000000017
0 0.9203125 0.4156250000000002 0.903125 0.4156250000000002 0.903125 0.45312500000000017 0.9203125 0.45312500000000017
0 0.8984375 0.4125000000000002 0.875 0.4125000000000002 0.875 0.45312500000000017 0.8984375 0.45312500000000017
0 0.8671875 0.4156250000000002 0.85 0.4156250000000002 0.85 0.4500000000000002 0.8671875 0.4500000000000002
0 0.8390625 0.40937500000000016 0.81875 0.40937500000000016 0.81875 0.4468750000000002 0.8390625 0.4468750000000002
0 0.771875 0.4078125000000002 0.7546875 0.4078125000000002 0.7546875 0.44062500000000016 0.771875 0.44062500000000016
0 0.6328125 0.4015625 0.6125 0.4015625 0.6125 0.4328125 0.6328125 0.4328125
0 0.6109375 0.4015625 0.5953125 0.4015625 0.5953125 0.4359375 0.6109375 0.4359375
0 0.590625 0.39531250000000007 0.5703125 0.39531250000000007 0.5703125 0.434375 0.590625 0.434375
0 0.565625 0.3921875000000001 0.5453125 0.3921875000000001 0.5453125 0.4265625 0.565625 0.4265625
0 0.540625 0.3890625000000001 0.528125 0.3890625000000001 0.528125 0.421875 0.540625 0.421875
0 0.5203125 0.3843750000000001 0.5046875 0.3843750000000001 0.5046875 0.4171875 0.5203125 0.4171875
0 0.4984375 0.3828125000000001 0.478125 0.3828125000000001 0.478125 0.4203125 0.4984375 0.4203125
0 0.46875 0.37968750000000007 0.45 0.37968750000000007 0.45 0.415625 0.46875 0.415625
0 0.4453125 0.3765625000000001 0.4265625 0.3765625000000001 0.4265625 0.4140625 0.4453125 0.4140625
0 0.4203125 0.3781250000000001 0.4046875 0.3781250000000001 0.4046875 0.4125 0.4203125 0.4125
0 0.3968750000000001 0.3750000000000001 0.3812500000000001 0.3750000000000001 0.3812500000000001 0.4109375 0.3968750000000001 0.4109375
0 0.3765625000000001 0.37343750000000003 0.3578125000000001 0.3734375 0.3578125000000001 0.4078125 0.3765625000000001 0.4078125
0 0.3515625000000001 0.36875 0.3359375000000001 0.36875 0.3359375000000001 0.4015625 0.3515625000000001 0.4015625
0 0.3296875000000001 0.36875 0.3109375000000001 0.36875 0.3109375000000001 0.4015625 0.3296875000000001 0.4015625
0 0.6875 0.640625 0.6703125 0.640625 0.6703125 0.678125 0.6875 0.678125
2 0.2828125000000001 0.384375 0.2250000000000001 0.384375 0.2250000000000001 0.453125 0.2828125000000001 0.453125