0 0.28593750000000007 0.325 0.2640625 0.325 0.26406250000000003 0.365625 0.28593750000000007 0.365625
0 0.006250000000000015 0.1015625 1.2437819053840305e-17 0.1015625 1.5308084989341912e-17 0.1484375 0.006250000000000019 0.1484375
0 0.01875000000000002 0.15625 1.9135106236677395e-17 0.15625 2.1622670047445454e-17 0.196875 0.018750000000000024 0.196875
0 0.01718750000000003 0.21875 2.6789148731348354e-17 0.21875 2.918103701093302e-17 0.2578125 0.017187500000000033 0.2578125
0 0.05312500000000002 0.1703125 0.034375000000000024 0.1703125 0.034375000000000024 0.20625 0.05312500000000002 0.20625
0 0.051562500000000025 0.2140625 0.026562500000000024 0.2140625 0.026562500000000027 0.2609375 0.051562500000000025 0.2609375
0 0.09062500000000002 0.221875 0.06562500000000002 0.221875 0.06562500000000002 0.2609375 0.09062500000000002 0.2609375
0 0.11875000000000005 0.2234375 0.09843750000000002 0.2234375 0.09843750000000002 0.2625 0.11875000000000005 0.2625
0 0.08906250000000002 0.159375 0.06250000000000003 0.159375 0.06250000000000003 0.203125 0.08906250000000002 0.203125
0 0.1109375 0.09687500000000002 0.08593750000000003 0.096875 0.08593750000000003 0.14375 0.1109375 0.14375
0 0.1671875 0.10625 0.14375 0.10625 0.14375 0.1453125 0.1671875 0.1453125
0 0.2078125 0.10000000000000002 0.1796875 0.1 0.1796875 0.14843750000000003 0.2078125 0.14843750000000006
0 0.228125 0.10312500000000005 0.209375 0.10312500000000005 0.209375 0.14687500000000003 0.228125 0.14687500000000003
0 0.259375 0.10312500000000005 0.2359375 0.10312500000000005 0.2359375 0.14531250000000004 0.259375 0.14531250000000004
0 0.3046875 0.10312500000000005 0.278125 0.10312500000000005 0.278125 0.14531250000000004 0.3046875 0.14531250000000004
0 0.428125 0.059375000000000046 0.40625 0.059375000000000046 0.40625 0.09062500000000004 0.428125 0.09062500000000004
0 0.4078125 0.057812500000000044 0.3890625 0.057812500000000044 0.3890625 0.09375000000000004 0.4078125 0.09375000000000004
0 0.3875 0.05312500000000005 0.3625 0.05312500000000005 0.3625 0.09531250000000005 0.3875 0.09531250000000005
0 0.3609375 0.05625000000000004 0.3375 0.05625000000000004 0.3375 0.09531250000000005 0.3609375 0.09531250000000005
0 0.3359375 0.059375000000000046 0.3203125 0.059375000000000046 0.3203125 0.09531250000000005 0.3359375 0.09531250000000005
0 0.315625 0.05625000000000004 0.296875 0.05625000000000004 0.296875 0.09062500000000004 0.315625 0.09062500000000004
0 0.29375 0.056250000000000036 0.2703125 0.05625000000000002 0.2703125 0.09531250000000004 0.29375 0.09531250000000005
0 0.2640625 0.059375000000000025 0.2421875 0.059375000000000025 0.2421875 0.09375000000000003 0.2640625 0.09375000000000003
0 0.240625 0.05625000000000002 0.21875 0.05625000000000002 0.21875 0.09218750000000002 0.240625 0.09218750000000002
0 0.215625 0.059375000000000025 0.196875 0.059375000000000025 0.196875 0.09375000000000003 0.215625 0.09375000000000003
0 0.1921875 0.057812500000000024 0.171875 0.057812500000000024 0.171875 0.09687500000000002 0.1921875 0.09687500000000002
0 0.1703125 0.057812500000000024 0.1484375 0.057812500000000024 0.1484375 0.09375000000000003 0.1703125 0.09375000000000003
0 0.1453125 0.057812500000000024 0.1265625 0.057812500000000024 0.1265625 0.09218750000000002 0.1453125 0.09218750000000002
0 0.1234375 0.057812500000000024 0.103125 0.057812500000000024 0.103125 0.09375000000000003 0.1234375 0.09375000000000003
2 0.08125000000000002 0.0765625 0.01875000000000001 0.0765625 0.018750000000000013 0.1515625 0.08125000000000002 0.1515625
0 0.5390625 0.03125000000000007 0.5203125 0.03125000000000007 0.5203125 0.12500000000000006 0.5390625 0.12500000000000006
0 0.6921875 0.4375 0.665625 0.4375 0.665625 0.4859375 0.6921875 0.4859375
0 0.703125 0.4921875 0.6796875 0.4921875 0.6796875 0.540625 0.703125 0.540625
0 0.703125 0.553125 0.6796875 0.553125 0.6796875 0.5796875 0.703125 0.5796875
0 0.7359375 0.5062500000000001 0.715625 0.50625 0.715625 0.55 0.7359375 0.5500000000000002
0 0.734375 0.5531250000000001 0.7078125 0.553125 0.7078125 0.5796875000000001 0.734375 0.5796875000000001
0 0.7703125 0.5640625000000001 0.7453125 0.5640625000000001 0.7453125 0.5796875000000001 0.7703125 0.5796875000000001
0 0.7984375 0.5625000000000002 0.778125 0.5625000000000002 0.778125 0.5796875000000001 0.7984375 0.5796875000000001
0 0.771875 0.5000000000000002 0.74375 0.5000000000000002 0.74375 0.5484375000000001 0.771875 0.5484375000000001
0 0.7921875 0.4343750000000002 0.765625 0.4343750000000002 0.765625 0.48750000000000016 0.7921875 0.48750000000000016
0 0.85 0.4500000000000002 0.825 0.4500000000000002 0.825 0.4968750000000002 0.85 0.4968750000000002
0 0.8890625 0.44531250000000017 0.8609375 0.44531250000000017 0.8609375 0.4984375000000002 0.8890625 0.4984375000000002
0 0.9078125 0.45625000000000016 0.8890625 0.45625000000000016 0.8890625 0.49531250000000016 0.9078125 0.49531250000000016
0 0.940625 0.45312500000000017 0.9171875 0.45312500000000017 0.9171875 0.49531250000000016 0.940625 0.49531250000000016
0 0.984375 0.4515625000000002 0.959375 0.4515625000000002 0.959375 0.4984375000000002 0.984375 0.4984375000000002
0 0.9984375 0.40937500000000016 0.978125 0.40937500000000016 0.978125 0.44843750000000016 0.9984375 0.44843750000000016
0 0.975 0.4078125000000002 0.9515625 0.4078125000000002 0.9515625 0.4515625000000002 0.975 0.4515625000000002
0 0.946875 0.40937500000000016 0.925 0.40937500000000016 0.925 0.44531250000000017 0.946875 0.44531250000000017
0 0.921875 0.40625000000000017 0.9 0.40625000000000017 0.9 0.44531250000000017 0.921875 0.44531250000000017
0 0.8984375 0.40625000000000017 0.878125 0.40625000000000017 0.878125 0.44531250000000017 0.8984375 0.44531250000000017
0 0.8734375 0.4046875000000002 0.8546875 0.4046875000000002 0.8546875 0.44531250000000017 0.8734375 0.44531250000000017
0 0.8515625 0.4046875000000002 0.8296875 0.4046875000000002 0.8296875 0.4437500000000002 0.8515625 0.4437500000000002
0 0.8265625 0.4000000000000002 0.8078125 0.4000000000000002 0.8078125 0.44062500000000016 0.8265625 0.44062500000000016
0 0.80625 0.3984375000000001 0.7859375 0.3984375000000001 0.7859375 0.4390625000000002 0.80625 0.4390625000000002
2 0.7609375 0.4062500000000001 0.696875 0.40625 0.696875 0.49687500000000007 0.7609375 0.4968750000000002
0 0.2640625000000001 0.5796875 0.22656250000000008 0.5796875 0.22656250000000008 0.6140625 0.2640625000000001 0.6140625
0 0.3343750000000001 0.5921875 0.30156250000000007 0.5921875 0.30156250000000007 0.6234375 0.3343750000000001 0.6234375
0 0.034375000000000086 0.696875 8.534257381558118e-17 0.696875 8.706473337688214e-17 0.725 0.034375000000000086 0.725
0 0.2375000000000001 0.9203125 0.21093750000000008 0.9203125 0.21093750000000008 0.9859375 0.2375000000000001 0.9859375
0 0.5359375000000001 0.7015625 0.4984375 0.7015625 0.4984375000000001 0.74375 0.5359375000000002 0.74375