0 0.07500000000000007 0.4625 0.05312500000000007 0.4625 0.05312500000000007 0.5015625 0.07500000000000007 0.5015625
0 0.4140625 0.41875 0.38750000000000007 0.41875 0.38750000000000007 0.4609375 0.4140625 0.4609375
0 0.4828125 0.4640625 0.45625 0.4640625 0.45625 0.5109375 0.4828125 0.5109375
0 0.4546875 0.4734375 0.440625 0.4734375 0.440625 0.5078125 0.4546875 0.5078125
0 0.026562500000000034 0.2328125 2.8511308292649316e-17 0.2328125 3.1668600821701084e-17 0.284375 0.026562500000000034 0.284375
0 0.046875000000000035 0.2421875 0.028125000000000032 0.2421875 0.028125000000000032 0.2828125 0.046875000000000035 0.2828125
0 0.07968750000000004 0.2390625 0.05625000000000002 0.2390625 0.056250000000000036 0.28125 0.07968750000000005 0.28125
0 0.12343750000000005 0.2375 0.09843750000000002 0.2375 0.09843750000000004 0.2796875 0.12343750000000005 0.2796875
0 0.3375000000000001 0.521875 0.3156250000000001 0.521875 0.3156250000000001 0.5609375 0.3375000000000001 0.5609375
0 0.3578125000000001 0.5234375 0.3375000000000001 0.5234375 0.3375000000000001 0.559375 0.3578125000000001 0.559375
0 0.3828125000000001 0.5203125 0.3625000000000001 0.5203125 0.3625000000000001 0.559375 0.3828125000000001 0.559375
0 0.415625 0.51875 0.3890625000000001 0.51875 0.3890625000000001 0.5578125 0.415625 0.5578125
0 0.4421875 0.5171875 0.4171875 0.5171875 0.4171875 0.55625 0.4421875 0.55625
0 0.4609375 0.521875 0.440625 0.521875 0.440625 0.5578125 0.4609375 0.5578125
0 0.5296875 0.18281250000000004 0.515625 0.18281250000000004 0.515625 0.2234375000000001 0.5296875 0.2234375000000001
0 0.5140625 0.18281250000000004 0.4890625 0.18281250000000004 0.4890625 0.22656250000000008 0.5140625 0.22656250000000008
0 0.4828125 0.18750000000000006 0.4640625 0.18750000000000006 0.4640625 0.2234375000000001 0.4828125 0.2234375000000001
0 0.45625 0.18437500000000004 0.4328125 0.18437500000000004 0.4328125 0.2234375000000001 0.45625 0.2234375000000001
0 0.3890625 0.18593750000000003 0.3671875 0.18593750000000003 0.3671875 0.2218750000000001 0.3890625 0.2218750000000001
0 0.2484375 0.19531250000000006 0.2265625 0.19531250000000006 0.2265625 0.2296875 0.2484375 0.2296875
0 0.228125 0.19531250000000006 0.2078125 0.19531250000000006 0.2078125 0.23125 0.228125 0.23125
0 0.2078125 0.19062500000000004 0.18281250000000004 0.19062500000000004 0.18281250000000004 0.2328125 0.2078125 0.2328125
0 0.18125000000000005 0.196875 0.15937500000000004 0.196875 0.15937500000000004 0.234375 0.18125000000000005 0.234375
0 0.15468750000000003 0.1953125 0.14062500000000006 0.1953125 0.14062500000000006 0.23125 0.15468750000000003 0.23125
0 0.13593750000000004 0.19375 0.11718750000000004 0.19375 0.11718750000000004 0.228125 0.13593750000000004 0.228125
0 0.11406250000000004 0.1953125 0.09062500000000002 0.1953125 0.09062500000000002 0.2328125 0.11406250000000004 0.2328125
0 0.08437500000000002 0.19375 0.06250000000000003 0.19375 0.06250000000000003 0.23125 0.08437500000000002 0.23125
0 0.06093750000000002 0.190625 0.03906250000000002 0.190625 0.03906250000000003 0.2296875 0.06093750000000002 0.2296875
0 0.037500000000000026 0.19375 0.017187500000000022 0.19375 0.017187500000000026 0.2296875 0.03750000000000003 0.2296875
0 0.010937500000000025 0.190625 2.3344829608746423e-17 0.190625 2.5736717888331097e-17 0.2296875 0.010937500000000027 0.2296875
0 0.27031250000000007 0.428125 0.2500000000000001 0.428125 0.2500000000000001 0.46875 0.27031250000000007 0.46875
0 0.7625 0.4546875000000002 0.7453125 0.4546875000000002 0.7453125 0.5343750000000002 0.7625 0.5343750000000002
0 0.834375 0.3359375000000001 0.8078125 0.3359375000000001 0.8078125 0.3828125000000001 0.834375 0.3828125000000001
0 0.934375 0.3765625000000001 0.9078125 0.3765625000000001 0.9078125 0.42500000000000016 0.934375 0.42500000000000016
0 0.5734375 0.1218750000000001 0.546875 0.1218750000000001 0.546875 0.1703125000000001 0.5734375 0.1703125000000001
0 0.90625 0.3859375000000001 0.8921875 0.3859375000000001 0.8921875 0.4203125000000002 0.90625 0.4203125000000002
0 0.5859375 0.17968750000000008 0.5625 0.17968750000000008 0.5625 0.22812500000000008 0.5859375 0.22812500000000008
0 0.5875 0.23437500000000008 0.5640625 0.23437500000000008 0.5640625 0.2828125000000001 0.5875 0.2828125000000001
0 0.61875 0.1937500000000001 0.5984375 0.1937500000000001 0.5984375 0.2375000000000001 0.61875 0.2375000000000001
0 0.61875 0.23437500000000008 0.590625 0.23437500000000008 0.590625 0.2921875000000001 0.61875 0.2921875000000001
0 0.653125 0.2484375000000001 0.628125 0.2484375000000001 0.628125 0.2953125000000001 0.653125 0.2953125000000001
0 0.6828125 0.2515625000000001 0.6609375 0.2515625000000001 0.6609375 0.2953125000000001 0.6828125 0.2953125000000001
0 0.6515625 0.18906250000000008 0.6265625 0.18906250000000008 0.6265625 0.23593750000000008 0.6515625 0.23593750000000008
0 0.675 0.12343750000000009 0.6484375 0.12343750000000009 0.6484375 0.1781250000000001 0.675 0.1781250000000001
0 0.7328125 0.14062500000000008 0.7078125 0.14062500000000008 0.7078125 0.1843750000000001 0.7328125 0.1843750000000001
0 0.7703125 0.1359375000000001 0.74375 0.1359375000000001 0.74375 0.18750000000000008 0.7703125 0.18750000000000008
0 0.790625 0.14843750000000008 0.7734375 0.14843750000000008 0.7734375 0.1843750000000001 0.790625 0.1843750000000001
0 0.8234375 0.1453125000000001 0.8 0.1453125000000001 0.8 0.18906250000000008 0.8234375 0.18906250000000008
0 0.8671875 0.1437500000000001 0.8421875 0.1437500000000001 0.8421875 0.1906250000000001 0.8671875 0.1906250000000001
0 0.99375 0.10468750000000013 0.971875 0.10468750000000013 0.971875 0.14843750000000014 0.99375 0.14843750000000014
0 0.9734375 0.10625000000000014 0.9546875 0.10625000000000014 0.9546875 0.15000000000000013 0.9734375 0.15000000000000013
0 0.9515625 0.09687500000000011 0.9265625 0.09687500000000011 0.9265625 0.14843750000000014 0.9515625 0.14843750000000014
0 0.9265625 0.10781250000000012 0.9015625 0.10781250000000009 0.9015625 0.1515625000000001 0.9265625 0.15156250000000013
0 0.9015625 0.10156250000000008 0.884375 0.10156250000000008 0.884375 0.1453125000000001 0.9015625 0.1453125000000001
0 0.88125 0.10156250000000008 0.8609375 0.10156250000000008 0.8609375 0.14062500000000008 0.88125 0.14062500000000008
0 0.859375 0.09687500000000011 0.8359375 0.09687500000000011 0.8359375 0.14218750000000008 0.859375 0.14218750000000008
0 0.8296875 0.0984375000000001 0.80625 0.0984375000000001 0.80625 0.1390625000000001 0.8296875 0.1390625000000001
0 0.8046875 0.09375000000000008 0.7828125 0.09375000000000008 0.7828125 0.1375000000000001 0.8046875 0.1375000000000001
0 0.78125 0.09218750000000009 0.7609375 0.09218750000000009 0.7609375 0.1375000000000001 0.78125 0.1375000000000001
0 0.7546875 0.09375000000000008 0.7359375 0.09375000000000008 0.7359375 0.1375000000000001 0.7546875 0.1375000000000001
0 0.734375 0.09218750000000009 0.7140625 0.09218750000000009 0.7140625 0.13281250000000008 0.734375 0.13281250000000008
0 0.709375 0.0906250000000001 0.690625 0.0906250000000001 0.690625 0.1312500000000001 0.709375 0.1312500000000001
0 0.6875 0.08750000000000009 0.6671875 0.08750000000000009 0.6671875 0.1281250000000001 0.6875 0.1281250000000001
0 0.734375 0.3546875000000001 0.7125 0.3546875000000001 0.7125 0.3984375000000001 0.734375 0.3984375000000001
2 0.64375 0.08906250000000007 0.5796875 0.08906250000000007 0.5796875 0.18125000000000008 0.64375 0.18125000000000008
0 0.07656250000000012 0.978125 0.03437500000000012 0.978125 0.03437500000000012 1 0.07656250000000013 1
0 0.13281250000000014 0.9796875 0.08906250000000011 0.9796875 0.08906250000000013 1 0.13281250000000014 1
0 0.3062500000000001 0.6625 0.2812500000000001 0.6625 0.2812500000000001 0.7375 0.3062500000000001 0.7375
0 0.3812500000000001 0.790625 0.3515625000000001 0.790625 0.3515625000000001 0.8734375 0.3812500000000001 0.8734375
0 0.4437500000000002 0.73125 0.4078125000000002 0.73125 0.4078125000000002 0.7875 0.4437500000000002 0.7875
0 0.8234375 0.93125 0.8109375 0.93125 0.8109375 0.959375 0.8234375 0.959375
0 0.8421875 0.934375 0.83125 0.934375 0.83125 0.959375 0.8421875 0.959375
0 0.85625 0.8953125 0.84375 0.8953125 0.84375 0.9234375 0.85625 0.9234375
0 0.85 0.7953125000000002 0.840625 0.7953125000000002 0.840625 0.8140625 0.85 0.8140625
0 0.8390625 0.7718750000000002 0.828125 0.7718750000000002 0.828125 0.7921875000000002 0.8390625 0.7921875000000002
0 0.925 0.7890625000000002 0.9140625 0.7890625000000002 0.9140625 0.8125 0.925 0.8125
0 0.9328125 0.8421875 0.921875 0.8421875 0.921875 0.8671875 0.9328125 0.8671875
0 0.95 0.946875 0.9375 0.946875 0.9375 0.98125 0.95 0.98125
0 0.9546875 0.984375 0.940625 0.984375 0.940625 1 0.9546875 1
0 0.9046875 0.83125 0.8859375 0.83125 0.8859375 0.846875 0.9046875 0.846875
0 0.9046875 0.8453125 0.8859375 0.8453125 0.8859375 0.8578125 0.9046875 0.8578125
0 0.90625 0.8609375 0.8890625 0.8609375 0.8890625 0.8765625 0.90625 0.8765625
0 0.909375 0.8734375 0.8890625 0.8734375 0.8890625 0.8890625 0.909375 0.8890625
0 0.9078125 0.8875 0.8890625 0.8875 0.8890625 0.9015625 0.9078125 0.9015625
0 0.9125 0.896875 0.8921875 0.896875 0.8921875 0.9125 0.9125 0.9125
0 0.9140625 0.9078125 0.890625 0.9078125 0.890625 0.925 0.9140625 0.925
0 0.9140625 0.9203125 0.8921875 0.9203125 0.8921875 0.9375 0.9140625 0.9375
0 0.915625 0.9328125 0.89375 0.9328125 0.89375 0.9484375 0.915625 0.9484375
0 0.9171875 0.9421875 0.8921875 0.9421875 0.8921875 0.9640625 0.9171875 0.9640625
0 0.9203125 0.9703125 0.896875 0.9703125 0.896875 0.9875 0.9203125 0.9875
0 0.9203125 0.98125 0.8984375 0.98125 0.8984375 1 0.9203125 1
3 0.9375 0.86875 0.925 0.86875 0.925 0.8984375 0.9375 0.8984375
0 0.7953125000000002 0.7984375000000001 0.7796875000000002 0.7984375000000001 0.7796875000000002 0.81875 0.7953125000000002 0.81875
0 0.7984375000000001 0.7859375000000002 0.7812500000000002 0.7859375000000002 0.7812500000000002 0.8046875 0.7984375000000001 0.8046875
0 0.7968750000000002 0.7765625000000002 0.7796875000000002 0.7765625000000002 0.7796875000000002 0.7937500000000002 0.7968750000000002 0.7937500000000002
0 0.7968750000000002 0.7687500000000002 0.7796875000000002 0.7687500000000002 0.7796875000000002 0.7843750000000002 0.7968750000000002 0.7843750000000002
0 0.8 0.7515625000000001 0.7812500000000002 0.7515625000000001 0.7812500000000002 0.7687500000000002 0.8 0.7687500000000002
3 0.921875 0.7640625000000002 0.9109375 0.7640625000000002 0.9109375 0.7875000000000002 0.921875 0.7875000000000002
0 0.91875 0.7468750000000002 0.909375 0.7468750000000002 0.909375 0.7656250000000002 0.91875 0.7656250000000002
0 0.9140625 0.7296875000000002 0.90625 0.7296875000000002 0.90625 0.7453125000000002 0.9140625 0.7453125000000002
0 0.9125 0.7109375000000002 0.9046875 0.7109375000000002 0.9046875 0.7296875000000002 0.9125 0.7296875000000002
0 0.909375 0.6937500000000002 0.9015625 0.6937500000000002 0.9015625 0.7125000000000001 0.909375 0.7125000000000001
0 0.9046875 0.6671875000000002 0.896875 0.6671875000000002 0.896875 0.6828125000000002 0.9046875 0.6828125000000002
0 0.903125 0.6515625000000002 0.8953125 0.6515625000000002 0.8953125 0.6687500000000002 0.903125 0.6687500000000002
0 0.9015625 0.6359375000000002 0.89375 0.6359375000000002 0.89375 0.6515625000000002 0.9015625 0.6515625000000002
0 0.8328125 0.6500000000000001 0.825 0.6500000000000001 0.825 0.6640625000000002 0.8328125 0.6640625000000002
0 0.8453125 0.7250000000000002 0.8375 0.7250000000000002 0.8375 0.7406250000000002 0.8453125 0.7406250000000002
0 0.8125 0.6734375000000001 0.8046875 0.6734375000000001 0.8046875 0.6890625000000001 0.8125 0.6890625000000001
3 0.8421875 0.6187500000000001 0.834375 0.6187500000000001 0.834375 0.6343750000000001 0.8421875 0.6343750000000001
0 0.9 0.6250000000000002 0.8921875 0.6250000000000002 0.8921875 0.6375000000000002 0.9 0.6375000000000002
0 0.8984375 0.6093750000000002 0.890625 0.6093750000000002 0.890625 0.6234375000000002 0.8984375 0.6234375000000002