0 0.035937500000000074 0.5859375 0.01718750000000007 0.5859375 0.017187500000000074 0.625 0.03593750000000008 0.625
0 0.09062500000000001 0.0578125 0.08125 0.0578125 0.08125000000000002 0.1390625 0.09062500000000002 0.1390625
0 0.4671875 0.6421875 0.4484375 0.6421875 0.4484375 0.6828125 0.4671875 0.6828125
0 0.878125 0.6421875000000001 0.8546875 0.6421875000000001 0.8546875 0.6812500000000001 0.878125 0.6812500000000001
0 0.921875 0.6921875000000002 0.9 0.6921875000000002 0.9 0.7375000000000002 0.921875 0.7375000000000002
0 0.2078125000000001 0.396875 0.18750000000000006 0.396875 0.18750000000000006 0.4421875 0.2078125000000001 0.4421875
0 0.8953125 0.6984375000000002 0.884375 0.6984375000000002 0.884375 0.7312500000000002 0.8953125 0.7312500000000002
0 0.2156250000000001 0.4515625 0.19687500000000005 0.4515625 0.19687500000000005 0.4921875 0.2156250000000001 0.4921875
0 0.2093750000000001 0.5140625 0.18906250000000005 0.5140625 0.18906250000000008 0.5515625 0.2093750000000001 0.5515625
0 0.2484375000000001 0.46875 0.2328125000000001 0.46875 0.2328125000000001 0.503125 0.2484375000000001 0.503125
0 0.24375000000000008 0.5109375 0.2218750000000001 0.5109375 0.2218750000000001 0.55625 0.24375000000000008 0.55625
0 0.11562500000000012 0.8890625 0.1062500000000001 0.8890625 0.10625000000000011 0.9796875 0.11562500000000013 0.9796875
0 0.2812500000000001 0.5234375 0.2593750000000001 0.5234375 0.2593750000000001 0.5609375 0.2812500000000001 0.5609375
0 0.30937500000000007 0.5265625 0.2921875000000001 0.5265625 0.2921875000000001 0.5640625 0.30937500000000007 0.5640625
0 0.2843750000000001 0.4609375 0.2609375000000001 0.4609375 0.2609375000000001 0.503125 0.2843750000000001 0.503125
0 0.3125000000000001 0.4 0.2906250000000001 0.4 0.2906250000000001 0.44375 0.3125000000000001 0.44375
0 0.3671875000000001 0.4140625 0.3468750000000001 0.4140625 0.3468750000000001 0.4515625 0.3671875000000001 0.4515625
0 0.4078125 0.4125 0.3843750000000001 0.4125 0.3843750000000001 0.459375 0.4078125 0.459375
0 0.428125 0.4171875 0.4125 0.4171875 0.4125 0.459375 0.428125 0.459375
0 0.459375 0.4203125 0.4390625 0.4203125 0.4390625 0.459375 0.459375 0.459375
0 0.503125 0.4234375 0.48125 0.4234375 0.48125 0.4625 0.503125 0.4625
0 0.6921875 0.03125000000000009 0.6828125 0.03125000000000009 0.6828125 0.11093750000000009 0.6921875 0.11093750000000009
0 0.775 0.12343750000000009 0.75625 0.12343750000000009 0.75625 0.2000000000000001 0.775 0.2000000000000001
0 0.6906250000000002 0.734375 0.6718750000000002 0.734375 0.6718750000000002 0.771875 0.6906250000000002 0.771875
0 0.7125000000000001 0.7359375 0.6937500000000002 0.7359375 0.6937500000000002 0.7734375 0.7125000000000001 0.7734375
0 0.7359375000000001 0.7359375000000001 0.7203125000000001 0.7359375 0.7203125000000001 0.7750000000000001 0.7359375000000001 0.7750000000000001
0 0.7687500000000002 0.7390625000000002 0.7468750000000002 0.7390625000000002 0.7468750000000002 0.7750000000000001 0.7687500000000002 0.7750000000000001
0 0.7953125000000002 0.7390625000000002 0.7734375000000002 0.7390625000000002 0.7734375000000002 0.7765625000000002 0.7953125000000002 0.7765625000000002
0 0.815625 0.7437500000000001 0.7984375000000001 0.7437500000000001 0.7984375000000001 0.7812500000000002 0.815625 0.7812500000000002
0 0.840625 0.7437500000000001 0.821875 0.7437500000000001 0.821875 0.7812500000000002 0.840625 0.7812500000000002
0 0.946875 0.7500000000000002 0.9296875 0.7500000000000002 0.9296875 0.7890625000000002 0.946875 0.7890625000000002
0 0.9671875 0.7546875000000002 0.9515625 0.7546875000000002 0.9515625 0.7875000000000002 0.9671875 0.7875000000000002
0 0.99375 0.4203125000000002 0.975 0.4203125000000002 0.975 0.4578125000000002 0.99375 0.4578125000000002
0 0.971875 0.41718750000000016 0.9515625 0.41718750000000016 0.9515625 0.45312500000000017 0.971875 0.45312500000000017
0 0.9453125 0.4156250000000002 0.925 0.4156250000000002 0.925 0.4500000000000002 0.9453125 0.4500000000000002
0 0.91875 0.4109375000000002 0.9015625 0.4109375000000002 0.9015625 0.4468750000000002 0.91875 0.4468750000000002
0 0.896875 0.40937500000000016 0.875 0.40937500000000016 0.875 0.4468750000000002 0.896875 0.4468750000000002
0 0.865625 0.4125000000000002 0.8484375 0.4125000000000002 0.8484375 0.44531250000000017 0.865625 0.44531250000000017
0 0.8375 0.4031250000000002 0.81875 0.4031250000000002 0.81875 0.4437500000000002 0.8375 0.4437500000000002
0 0.771875 0.4000000000000002 0.753125 0.4000000000000002 0.753125 0.43750000000000017 0.771875 0.43750000000000017
0 0.6328125 0.3890625000000001 0.6140625 0.3890625000000001 0.6140625 0.4203125 0.6328125 0.4203125
0 0.6109375 0.38750000000000007 0.5953125 0.38750000000000007 0.5953125 0.421875 0.6109375 0.421875
0 0.590625 0.3812500000000001 0.5703125 0.3812500000000001 0.5703125 0.4203125 0.590625 0.4203125
0 0.5640625 0.3812500000000001 0.5453125 0.3812500000000001 0.5453125 0.41875 0.5640625 0.41875
0 0.5390625 0.3812500000000001 0.5265625 0.3812500000000001 0.5265625 0.4171875 0.5390625 0.4171875
0 0.5203125 0.3781250000000001 0.5046875 0.3781250000000001 0.5046875 0.4109375 0.5203125 0.4109375
0 0.496875 0.3765625000000001 0.478125 0.3765625000000001 0.478125 0.4140625 0.496875 0.4140625
0 0.46875 0.3765625000000001 0.45 0.3765625000000001 0.45 0.409375 0.46875 0.409375
0 0.4453125 0.3703125000000001 0.4265625 0.3703125000000001 0.4265625 0.40625 0.4453125 0.40625
0 0.4203125 0.37187500000000007 0.4046875 0.37187500000000007 0.4046875 0.4046875 0.4203125 0.4046875
0 0.3968750000000001 0.3687500000000001 0.37968750000000007 0.3687500000000001 0.37968750000000007 0.40625 0.3968750000000001 0.40625
0 0.3750000000000001 0.36562500000000003 0.35625000000000007 0.365625 0.35625000000000007 0.4015625 0.3750000000000001 0.4015625
0 0.3515625000000001 0.3640625 0.3359375000000001 0.3640625 0.3359375000000001 0.396875 0.3515625000000001 0.396875
0 0.3296875 0.3609375 0.3109375 0.3609375 0.31093750000000003 0.396875 0.3296875000000001 0.396875
0 0.7140625 0.6375 0.696875 0.6375 0.696875 0.675 0.7140625 0.675
2 0.2812500000000001 0.3765625 0.2250000000000001 0.3765625 0.2250000000000001 0.446875 0.2812500000000001 0.446875