0 0.203125 2.4110233858213517e-17 0.190625 2.3344829608746423e-17 0.190625 0.04687500000000002 0.203125 0.04687500000000002
0 0.28125 0.05781250000000003 0.2609375 0.057812500000000024 0.2609375 0.13437500000000005 0.28125 0.13437500000000005
0 0.4890625 0.3625000000000001 0.4703125 0.3625000000000001 0.4703125 0.403125 0.4890625 0.403125
0 0.4703125 0.3593750000000001 0.4484375 0.3593750000000001 0.4484375 0.3968750000000001 0.4703125 0.3968750000000001
0 0.4421875 0.35625000000000007 0.421875 0.35625000000000007 0.421875 0.3921875000000001 0.4421875 0.3921875000000001
0 0.4171875 0.3500000000000001 0.3984375 0.3500000000000001 0.39843750000000006 0.38750000000000007 0.4171875 0.38750000000000007
0 0.39531250000000007 0.3390625000000001 0.371875 0.3390625000000001 0.37187500000000007 0.3906250000000001 0.39531250000000007 0.3906250000000001
0 0.36406250000000007 0.34218750000000003 0.3453125 0.3421875 0.3453125 0.37968750000000007 0.36406250000000007 0.37968750000000007
0 0.3375 0.3375 0.315625 0.3375 0.31562500000000004 0.378125 0.3375000000000001 0.378125
0 0.27031250000000007 0.328125 0.2515625 0.328125 0.2515625 0.365625 0.27031250000000007 0.365625
0 0.12968750000000004 0.31875 0.10937500000000004 0.31875 0.10937500000000004 0.35625 0.12968750000000004 0.35625
0 0.10937500000000004 0.31875 0.09218750000000005 0.31875 0.09218750000000005 0.35625 0.10937500000000004 0.35625
0 0.08906250000000004 0.30625 0.06562500000000004 0.30625 0.06562500000000004 0.3515625 0.08906250000000004 0.3515625
0 0.06250000000000004 0.3109375 0.040625000000000036 0.3109375 0.040625000000000036 0.3484375 0.06250000000000004 0.3484375
0 0.03906250000000004 0.30625 0.025000000000000033 0.30625 0.02500000000000004 0.34375 0.03906250000000004 0.34375
0 0.020312500000000042 0.303125 0.0015625000000000367 0.303125 0.0015625000000000391 0.340625 0.020312500000000046 0.340625
0 0.521875 0.44375 0.5046875 0.44375 0.5046875 0.4796875 0.521875 0.4796875
0 0.5140625 0.4859375 0.490625 0.4859375 0.490625 0.5 0.5140625 0.5
0 0.5578125 0.4359375 0.5328125 0.4359375 0.5328125 0.4796875 0.5578125 0.4796875
0 0.5890625 0.3765625000000001 0.565625 0.3765625000000001 0.565625 0.421875 0.5890625 0.421875
0 0.6421875 0.3937500000000001 0.6203125 0.3937500000000001 0.6203125 0.43125 0.6421875 0.43125
0 0.6828125 0.3921875000000001 0.6578125 0.3921875000000001 0.6578125 0.440625 0.6828125 0.440625
0 0.703125 0.3984375000000001 0.6859375 0.3984375000000001 0.6859375 0.440625 0.703125 0.440625
0 0.734375 0.40312500000000007 0.7125 0.403125 0.7125 0.4437500000000001 0.734375 0.4437500000000002
0 0.778125 0.4078125000000002 0.7546875 0.4078125000000002 0.7546875 0.44843750000000016 0.778125 0.44843750000000016
0 0.98125 0.023437500000000118 0.96875 0.023437500000000118 0.96875 0.10312500000000013 0.98125 0.10312500000000013
0 0.9078125 0.3781250000000001 0.8875 0.3781250000000001 0.8875 0.40937500000000016 0.9078125 0.40937500000000016
0 0.8875 0.3750000000000001 0.8703125 0.3750000000000001 0.8703125 0.4109375000000002 0.8875 0.4109375000000002
0 0.8671875 0.3687500000000001 0.8453125 0.3687500000000001 0.8453125 0.40937500000000016 0.8671875 0.40937500000000016
0 0.840625 0.3687500000000001 0.8203125 0.3687500000000001 0.8203125 0.40625000000000017 0.840625 0.40625000000000017
0 0.815625 0.3671875000000001 0.8015625 0.3671875000000001 0.8015625 0.4031250000000002 0.815625 0.4031250000000002
0 0.796875 0.36406250000000007 0.7796875 0.36406250000000007 0.7796875 0.3968750000000001 0.796875 0.3968750000000001
0 0.7734375 0.3609375000000001 0.753125 0.3609375000000001 0.753125 0.3984375000000001 0.7734375 0.3984375000000001
0 0.7453125 0.3593750000000001 0.725 0.3593750000000001 0.725 0.3921875000000001 0.7453125 0.3921875000000001
0 0.721875 0.3531250000000001 0.7015625 0.3531250000000001 0.7015625 0.3890625000000001 0.721875 0.3890625000000001
0 0.696875 0.3531250000000001 0.6796875 0.3531250000000001 0.6796875 0.3859375000000001 0.696875 0.3859375000000001
0 0.6734375 0.3500000000000001 0.65625 0.3500000000000001 0.65625 0.38750000000000007 0.6734375 0.38750000000000007
0 0.6515625 0.3453125000000001 0.63125 0.3453125000000001 0.63125 0.3812500000000001 0.6515625 0.3812500000000001
0 0.628125 0.3437500000000001 0.6109375 0.3437500000000001 0.6109375 0.3765625000000001 0.628125 0.3765625000000001
0 0.60625 0.3390625000000001 0.5875 0.3390625000000001 0.5875 0.3750000000000001 0.60625 0.3750000000000001
2 0.5578125 0.3515625000000001 0.4984375 0.3515625000000001 0.4984375 0.4234375 0.5578125 0.4234375
0 0.025000000000000112 0.9109375 1.115576693598292e-16 0.9109375 1.1375820657704711e-16 0.946875 0.025000000000000112 0.946875
0 0.4890625 0.65 0.4734375 0.65 0.4734375 0.725 0.4890625 0.725
0 0.478125 0.5375 0.4546875 0.5375 0.4546875 0.6140625 0.478125 0.6140625
0 0.4890625 0.5203125 0.484375 0.5203125 0.484375 0.5921875 0.4890625 0.5921875
0 0.7421875000000001 0.690625 0.71875 0.690625 0.7187500000000001 0.7312500000000001 0.7421875000000002 0.7312500000000002
0 0.821875 0.7468750000000002 0.7984375000000001 0.7468750000000002 0.7984375000000001 0.7875000000000002 0.821875 0.7875000000000002
0 0.7968750000000002 0.7500000000000002 0.7828125000000001 0.7500000000000002 0.7828125000000001 0.7828125000000001 0.7968750000000002 0.7828125000000001
0 0.503125 0.5 0.4890625 0.5 0.4890625 0.51875 0.503125 0.51875
0 0.525 0.5 0.5078125 0.5 0.5078125 0.5171875 0.525 0.5171875
0 0.55625 0.5 0.534375 0.5 0.534375 0.51875 0.55625 0.51875
0 0.6 0.5 0.578125 0.5 0.578125 0.5296875 0.6 0.5296875
0 0.7781250000000002 0.7937500000000002 0.7593750000000001 0.7937500000000002 0.7593750000000001 0.83125 0.7781250000000002 0.83125
0 0.7984375000000001 0.7953125000000002 0.7796875000000002 0.7953125000000002 0.7796875000000002 0.83125 0.7984375000000001 0.83125
0 0.8234375 0.7968750000000002 0.80625 0.7968750000000002 0.80625 0.8375 0.8234375 0.8375
0 0.85625 0.7984375000000001 0.8328125 0.7984375000000001 0.8328125 0.8359375 0.85625 0.8359375
0 0.8828125 0.80625 0.8609375 0.80625 0.8609375 0.8421875 0.8828125 0.8421875
0 0.903125 0.8109375 0.884375 0.8109375 0.884375 0.8484375 0.903125 0.8484375
0 0.9953125 0.5000000000000002 0.971875 0.5000000000000002 0.971875 0.5281250000000002 0.9953125 0.5281250000000002
0 0.9625 0.5000000000000002 0.9453125 0.5000000000000002 0.9453125 0.5203125000000002 0.9625 0.5203125000000002
0 0.9375 0.5000000000000002 0.915625 0.5000000000000002 0.915625 0.5156250000000002 0.9375 0.5156250000000002
0 0.8703125 0.5000000000000002 0.8515625 0.5000000000000002 0.8515625 0.5078125000000002 0.8703125 0.5078125000000002
0 0.6140625000000001 0.6890625 0.5953125 0.6890625 0.5953125000000001 0.7265625 0.6140625000000002 0.7265625