0 0.19843750000000004 0.2171875 0.17031250000000003 0.2171875 0.17031250000000003 0.2578125 0.19843750000000004 0.2578125
0 0.2640625 0.2796875 0.2375 0.2796875 0.2375 0.325 0.2640625 0.325
0 0.2375 0.28125 0.221875 0.28125 0.221875 0.315625 0.2375 0.315625
0 0.014062500000000002 8.610797806504829e-19 0 0 2.296212748401287e-18 0.0375 0.014062500000000006 0.0375
0 0.16562500000000005 0.3140625 0.14218750000000005 0.3140625 0.14218750000000005 0.35625 0.16562500000000005 0.35625
0 0.18593750000000003 0.31875 0.16406250000000006 0.31875 0.16406250000000006 0.35625 0.18593750000000003 0.35625
0 0.209375 0.31875 0.18906250000000005 0.31875 0.18906250000000005 0.3625 0.209375 0.3625
0 0.24218750000000006 0.325 0.215625 0.325 0.21562500000000004 0.365625 0.24218750000000008 0.365625
0 0.2671875 0.334375 0.24375 0.334375 0.24375000000000005 0.3734375 0.2671875000000001 0.3734375
0 0.28750000000000003 0.340625 0.265625 0.340625 0.26562500000000006 0.378125 0.2875000000000001 0.378125
0 0.415625 0.3656250000000001 0.3937500000000001 0.3656250000000001 0.3937500000000001 0.409375 0.415625 0.409375
0 0.4890625 0.046875000000000056 0.478125 0.046875000000000056 0.478125 0.08593750000000007 0.4890625 0.08593750000000007
0 0.48125 0.04375000000000005 0.45625 0.04375000000000005 0.45625 0.08125000000000007 0.48125 0.08125000000000007
0 0.4546875 0.037500000000000054 0.43125 0.037500000000000054 0.43125 0.07500000000000005 0.4546875 0.07500000000000007
0 0.4296875 0.03125000000000005 0.4078125 0.03125000000000004 0.4078125 0.07031250000000004 0.4296875 0.07031250000000004
0 0.409375 0.021875000000000047 0.3828125 0.021875000000000044 0.3828125 0.06875000000000005 0.409375 0.06875000000000005
0 0.378125 0.020312500000000046 0.35625 0.020312500000000046 0.35625 0.057812500000000044 0.378125 0.057812500000000044
0 0.3515625 0.010937500000000041 0.3265625 0.01093750000000004 0.3265625 0.05312500000000005 0.3515625 0.05312500000000005
0 0.2859375 3.358211144536883e-17 0.2625 3.214697847761802e-17 0.2625 0.03593750000000003 0.2859375 0.03593750000000003
0 0.1453125 1.645619136354256e-17 0.1234375 1.511673392697514e-17 0.1234375 0.012500000000000016 0.1453125 0.012500000000000016
0 0.125 1.4064303083957884e-17 0.1046875 1.2820521178573852e-17 0.1046875 0.015625000000000014 0.125 0.015625000000000017
0 0.10625 1.1385388210823048e-17 0.0796875 9.75890418070547e-18 0.0796875 0.009375000000000012 0.10625 0.009375000000000014
0 0.06250000000000003 0.203125 0.04062500000000002 0.203125 0.04062500000000003 0.2453125 0.06250000000000003 0.2453125
0 0.721875 0.496875 0.7125 0.496875 0.7125 0.5140625 0.721875 0.5140625
0 0.7328125 0.4953125000000001 0.7234375 0.4953125 0.7234375 0.5156250000000001 0.7328125 0.5156250000000002
0 0.7296875 0.4484375000000001 0.721875 0.4484375 0.721875 0.46562500000000007 0.7296875 0.4656250000000002
0 0.4437500000000002 0.7703125 0.40625000000000017 0.7703125 0.40625000000000017 0.825 0.4437500000000002 0.825
0 0.4890625 0.5265625 0.4625 0.5265625 0.4625 0.575 0.4890625 0.575
0 0.2171875000000001 0.51875 0.18281250000000004 0.51875 0.18281250000000007 0.546875 0.2171875000000001 0.546875
0 0.16875000000000007 0.534375 0.13593750000000004 0.534375 0.13593750000000007 0.5796875 0.1687500000000001 0.5796875
0 0.45625 0.51875 0.425 0.51875 0.425 0.5609375 0.45625 0.5609375
0 0.425 0.51875 0.39531250000000007 0.51875 0.39531250000000007 0.553125 0.425 0.553125
0 0.3968750000000001 0.51875 0.3625000000000001 0.51875 0.3625000000000001 0.54375 0.3968750000000001 0.54375
0 0.3531250000000001 0.51875 0.3187500000000001 0.51875 0.3187500000000001 0.528125 0.3531250000000001 0.528125
0 0.465625 0.6359375 0.428125 0.6359375 0.428125 0.6953125 0.465625 0.6953125
0 0.10312500000000009 0.8234375 0.06718750000000011 0.8234375 0.06718750000000011 0.86875 0.10312500000000009 0.86875
0 0.1375000000000001 0.825 0.10468750000000009 0.825 0.10468750000000009 0.86875 0.1375000000000001 0.86875
0 0.19687500000000008 0.8265625 0.16562500000000008 0.8265625 0.16562500000000008 0.871875 0.19687500000000008 0.871875
0 0.2296875000000001 0.834375 0.19687500000000008 0.834375 0.19687500000000008 0.8828125 0.2296875000000001 0.8828125
0 0.2656250000000001 0.8453125 0.23593750000000008 0.8453125 0.23593750000000008 0.890625 0.2656250000000001 0.890625
0 0.3062500000000001 0.859375 0.27031250000000007 0.859375 0.27031250000000007 0.9078125 0.3062500000000001 0.9078125
0 0.3375000000000001 0.8703125 0.3062500000000001 0.8703125 0.3062500000000001 0.9203125 0.3375000000000001 0.9203125
0 0.37968750000000007 0.88125 0.34843750000000007 0.88125 0.34843750000000007 0.9296875 0.37968750000000007 0.9296875
0 0.40156250000000016 0.890625 0.3781250000000001 0.890625 0.3781250000000001 0.9328125 0.40156250000000016 0.9328125
0 0.43750000000000017 0.9 0.40156250000000016 0.9 0.40156250000000016 0.9453125 0.43750000000000017 0.9453125
0 0.47656250000000017 0.9140625 0.4390625000000002 0.9140625 0.4390625000000002 0.965625 0.47656250000000017 0.965625
3 0.1359375000000001 0.5828125 0.09531250000000006 0.5828125 0.09531250000000008 0.6453125 0.1359375000000001 0.6453125
0 0.534375 0.51875 0.5109375 0.51875 0.5109375 0.5625 0.534375 0.5625
0 0.5703125 0.55625 0.546875 0.55625 0.546875 0.6203125 0.5703125 0.6203125
0 0.5750000000000001 0.6953125 0.5515625 0.6953125 0.5515625000000001 0.7609375 0.5750000000000002 0.7609375
0 0.6140625000000001 0.6828125 0.5875 0.6828125 0.5875000000000001 0.7546875 0.6140625000000002 0.7546875
0 0.5000000000000002 0.8921875 0.4890625000000002 0.8921875 0.4890625000000002 0.9625 0.5000000000000002 0.9625
0 0.5421875000000002 0.959375 0.5171875000000001 0.959375 0.5171875000000001 1 0.5421875000000002 1