0 0.07812500000000004 0.2984375 0.04531250000000003 0.2984375 0.04531250000000004 0.346875 0.07812500000000004 0.346875
0 0.15625000000000006 0.3703125 0.12656250000000005 0.3703125 0.12656250000000005 0.415625 0.15625000000000006 0.415625
0 0.12968750000000004 0.375 0.11093750000000005 0.375 0.11093750000000005 0.409375 0.12968750000000004 0.409375
0 0.012500000000000015 0.090625 1.1098361617272889e-17 0.090625 1.3394574365674177e-17 0.128125 0.012500000000000016 0.128125
0 0.04531250000000002 0.09375 0.017187500000000012 0.09375 0.017187500000000015 0.1375 0.04531250000000002 0.1375
0 0.08750000000000002 0.1078125 0.057812500000000024 0.1078125 0.057812500000000024 0.153125 0.08750000000000002 0.153125
0 0.2093750000000001 0.4375 0.18437500000000004 0.4375 0.18437500000000004 0.4796875 0.2093750000000001 0.4796875
0 0.2296875000000001 0.4453125 0.20468750000000008 0.4453125 0.20468750000000008 0.484375 0.2296875000000001 0.484375
0 0.25468750000000007 0.4453125 0.22812500000000008 0.4453125 0.22812500000000008 0.4953125 0.25468750000000007 0.4953125
0 0.28593750000000007 0.4546875 0.25468750000000007 0.4546875 0.25468750000000007 0.5 0.28593750000000007 0.5
0 0.30937500000000007 0.46875 0.2812500000000001 0.46875 0.2812500000000001 0.509375 0.30937500000000007 0.509375
0 0.3281250000000001 0.478125 0.3031250000000001 0.478125 0.3031250000000001 0.51875 0.3281250000000001 0.51875
0 0.453125 0.5171875 0.428125 0.5171875 0.428125 0.5296875 0.453125 0.5296875
0 0.55 0.21250000000000008 0.540625 0.21250000000000008 0.540625 0.2531250000000001 0.55 0.2531250000000001
0 0.546875 0.20468750000000008 0.51875 0.20468750000000008 0.51875 0.2484375000000001 0.546875 0.2484375000000001
0 0.5203125 0.19843750000000004 0.49375 0.19843750000000004 0.49375 0.2390625000000001 0.5203125 0.2390625000000001
0 0.496875 0.18750000000000006 0.471875 0.18750000000000006 0.471875 0.22812500000000008 0.496875 0.22812500000000008
0 0.4765625 0.17187500000000006 0.4453125 0.17187500000000006 0.4453125 0.2250000000000001 0.4765625 0.2250000000000001
0 0.4453125 0.17187500000000006 0.4203125 0.17187500000000006 0.4203125 0.21250000000000008 0.4453125 0.21250000000000008
0 0.41875 0.16250000000000003 0.3921875 0.16250000000000003 0.3921875 0.20312500000000008 0.41875 0.20312500000000008
0 0.35625 0.14062500000000006 0.3296875 0.14062500000000006 0.3296875 0.18281250000000004 0.35625 0.18281250000000004
0 0.21875 0.10625000000000004 0.1921875 0.10625000000000004 0.1921875 0.14687500000000003 0.21875 0.14687500000000003
0 0.2 0.10156250000000003 0.175 0.1015625 0.175 0.14375000000000002 0.2 0.14375000000000004
0 0.18125 0.08593750000000003 0.15 0.08593750000000003 0.15 0.1359375 0.18125 0.1359375
0 0.1546875 0.08906250000000002 0.128125 0.08906250000000002 0.128125 0.128125 0.1546875 0.128125
0 0.13125 0.07812500000000003 0.109375 0.07812500000000003 0.109375 0.1203125 0.13125 0.1203125
0 0.1140625 0.07187500000000001 0.0890625 0.071875 0.08906250000000002 0.1125 0.1140625 0.1125
0 0.0921875 0.05937500000000001 0.0640625 0.059375 0.06406250000000001 0.1046875 0.09218750000000002 0.1046875
0 0.065625 0.05 0.039062500000000014 0.05 0.039062500000000014 0.090625 0.065625 0.090625
0 0.04062500000000001 0.04375 0.014062500000000006 0.04375 0.014062500000000009 0.0859375 0.04062500000000001 0.0859375
0 0.020312500000000008 0.034375 4.2097233720690266e-18 0.034375 6.792962714020475e-18 0.0765625 0.02031250000000001 0.0765625
0 0.8015625 0.43750000000000017 0.775 0.43750000000000017 0.775 0.4781250000000002 0.8015625 0.4781250000000002
0 0.6421875 0.1453125000000001 0.6140625 0.1453125000000001 0.6140625 0.19531250000000008 0.6421875 0.19531250000000008
0 0.6390625 0.20312500000000008 0.6125 0.20312500000000008 0.6125 0.2484375000000001 0.6390625 0.2484375000000001
0 0.6234375 0.2640625000000001 0.596875 0.2640625000000001 0.596875 0.3046875000000001 0.6234375 0.3046875000000001
0 0.6671875 0.22656250000000008 0.64375 0.22656250000000008 0.64375 0.2640625000000001 0.6671875 0.2640625000000001
0 0.653125 0.27031250000000007 0.6234375 0.27031250000000007 0.6234375 0.3156250000000001 0.653125 0.3156250000000001
0 0.684375 0.2890625000000001 0.65625 0.2890625000000001 0.65625 0.3296875000000001 0.684375 0.3296875000000001
0 0.7109375 0.30156250000000007 0.6875 0.30156250000000007 0.6875 0.3390625000000001 0.7109375 0.3390625000000001
0 0.7015625 0.22812500000000008 0.6703125 0.22812500000000008 0.6703125 0.2750000000000001 0.7015625 0.2750000000000001
0 0.740625 0.17187500000000008 0.7109375 0.17187500000000008 0.7109375 0.22031250000000008 0.740625 0.22031250000000008
0 0.7921875 0.2000000000000001 0.7640625 0.2000000000000001 0.7640625 0.2453125000000001 0.7921875 0.2453125000000001
0 0.8296875 0.21093750000000008 0.7984375 0.21093750000000008 0.7984375 0.2593750000000001 0.8296875 0.2593750000000001
0 0.8484375 0.2218750000000001 0.825 0.2218750000000001 0.825 0.2640625000000001 0.8484375 0.2640625000000001
0 0.8796875 0.2296875000000001 0.853125 0.2296875000000001 0.853125 0.27031250000000007 0.8796875 0.27031250000000007
0 0.921875 0.2406250000000001 0.8921875 0.2406250000000001 0.8921875 0.2843750000000001 0.921875 0.2843750000000001
0 1 0.21875000000000008 0.9875 0.21875000000000008 0.9875 0.2640625000000001 1 0.2640625000000001
0 0.990625 0.21875000000000008 0.9640625 0.21875000000000008 0.9640625 0.2593750000000001 0.990625 0.2593750000000001
0 0.9671875 0.21093750000000008 0.946875 0.21093750000000008 0.946875 0.2484375000000001 0.9671875 0.2484375000000001
0 0.95 0.2000000000000001 0.925 0.2000000000000001 0.925 0.2406250000000001 0.95 0.2406250000000001
0 0.9265625 0.1953125000000001 0.8984375 0.19531250000000008 0.8984375 0.23593750000000008 0.9265625 0.23593750000000008
0 0.9 0.18750000000000008 0.8734375 0.18750000000000008 0.8734375 0.22656250000000008 0.9 0.22656250000000008
0 0.8765625 0.1765625000000001 0.8515625 0.1765625000000001 0.8515625 0.2156250000000001 0.8765625 0.2156250000000001
0 0.853125 0.17343750000000008 0.8296875 0.17343750000000008 0.8296875 0.21093750000000008 0.853125 0.21093750000000008
0 0.8296875 0.1625000000000001 0.80625 0.1625000000000001 0.80625 0.20468750000000008 0.8296875 0.20468750000000008
0 0.809375 0.1546875000000001 0.784375 0.1546875000000001 0.784375 0.19531250000000008 0.809375 0.19531250000000008
0 0.7875 0.1453125000000001 0.7640625 0.1453125000000001 0.7640625 0.1859375000000001 0.7875 0.1859375000000001
0 0.765625 0.14062500000000008 0.740625 0.14062500000000008 0.740625 0.17968750000000008 0.765625 0.17968750000000008
0 0.9796875 0.46093750000000017 0.9546875 0.46093750000000017 0.9546875 0.5031250000000002 0.9796875 0.5031250000000002
2 0.715625 0.1375000000000001 0.6453125 0.1375000000000001 0.6453125 0.2218750000000001 0.715625 0.2218750000000001
0 0.0265625000000001 0.8046875 0.0015625000000000985 0.8046875 0.001562500000000102 0.8609375 0.0265625000000001 0.8609375
0 0.010937500000000112 0.875 1.0715659492539341e-16 0.875 1.1117496723509566e-16 0.940625 0.010937500000000117 0.940625
0 0.3531250000000001 0.6359375 0.3187500000000001 0.6359375 0.3187500000000001 0.6703125 0.3531250000000001 0.6703125
0 0.4953125 0.6390625 0.45625 0.6390625 0.45625 0.671875 0.4953125 0.671875
0 0.6421875000000001 0.7203125 0.6140625 0.7203125 0.6140625000000001 0.7671875 0.6421875000000001 0.7671875
0 0.9140625 0.7609375000000002 0.8828125 0.7609375000000002 0.8828125 0.8046875 0.9140625 0.8046875
0 0.9796875 0.83125 0.95 0.83125 0.95 0.8765625 0.9796875 0.8765625
0 0.953125 0.8328125 0.934375 0.8328125 0.934375 0.8671875 0.953125 0.8671875
0 0.5703125 0.5859375 0.55 0.5859375 0.55 0.6265625 0.5703125 0.6265625
0 0.559375 0.5296875 0.55 0.5296875 0.55 0.5609375 0.559375 0.5609375
0 0.6890625 0.5296875 0.65625 0.5296875 0.65625 0.5453125 0.6890625 0.5453125
0 0.70625 0.5296875 0.6828125 0.5296875 0.6828125 0.553125 0.70625 0.553125
0 0.7390625 0.5296875000000001 0.7109375 0.5296875 0.7109375 0.5593750000000001 0.7390625 0.5593750000000002
0 0.78125 0.5296875000000002 0.7515625 0.5296875000000002 0.7515625 0.5734375000000002 0.78125 0.5734375000000002
0 0.903125 0.8609375 0.8765625 0.8609375 0.8765625 0.903125 0.903125 0.903125
0 0.9234375 0.86875 0.8984375 0.86875 0.8984375 0.9078125 0.9234375 0.9078125
0 0.9453125 0.875 0.921875 0.875 0.921875 0.915625 0.9453125 0.915625
0 0.978125 0.8796875 0.9484375 0.8796875 0.9484375 0.9234375 0.978125 0.9234375
0 1 0.8890625 0.975 0.8890625 0.975 0.9296875 1 0.9296875
0 0.9140625 0.5296875000000002 0.8875 0.5296875000000002 0.8875 0.5625000000000002 0.9140625 0.5625000000000002
0 0.89375 0.5296875000000002 0.8703125 0.5296875000000002 0.8703125 0.5593750000000002 0.89375 0.5593750000000002
0 0.875 0.5296875000000002 0.8453125 0.5296875000000002 0.8453125 0.5562500000000001 0.875 0.5562500000000001
0 0.8484375 0.5296875000000002 0.8203125 0.5296875000000002 0.8203125 0.5484375000000001 0.8484375 0.5484375000000001
0 0.7859375000000002 0.7343750000000002 0.7609375000000002 0.7343750000000002 0.7609375000000002 0.7796875000000002 0.7859375000000002 0.7796875000000002