0 0.45 0.30937500000000007 0.440625 0.30937500000000007 0.440625 0.35625000000000007 0.45 0.35625000000000007
0 0.4296875 0.3218750000000001 0.4 0.3218750000000001 0.4 0.37187500000000007 0.4296875 0.37187500000000007
0 0.171875 0.01406250000000002 0.15 0.014062500000000016 0.15 0.08437500000000002 0.171875 0.08437500000000002
0 0.1171875 0.09687500000000002 0.08593750000000003 0.096875 0.08593750000000003 0.175 0.1171875 0.175
0 0.014062500000000052 0.396875 4.860316984116058e-17 0.396875 5.1569111307845585e-17 0.4453125 0.014062500000000056 0.4453125
0 0.04218750000000005 0.38125 0.010937500000000048 0.38125 0.010937500000000051 0.4421875 0.04218750000000006 0.4421875
0 0.06718750000000004 0.384375 0.042187500000000044 0.384375 0.04218750000000005 0.428125 0.06718750000000004 0.428125
0 0.09531250000000005 0.375 0.06875000000000005 0.375 0.06875000000000005 0.4203125 0.09531250000000005 0.4203125
0 0.15781250000000005 0.3515625 0.13125000000000003 0.3515625 0.13125000000000003 0.3984375 0.15781250000000005 0.3984375
0 0.29531250000000003 0.3234375 0.26875 0.3234375 0.26875000000000004 0.365625 0.2953125000000001 0.365625
0 0.3125 0.31875 0.2890625 0.31875 0.2890625 0.3625 0.3125 0.3625
0 0.3375 0.3015625 0.3078125 0.3015625 0.3078125 0.3578125 0.3375 0.3578125
0 0.3609375 0.309375 0.3359375 0.309375 0.3359375 0.35 0.3609375 0.35
0 0.378125 0.29531250000000003 0.35625 0.2953125 0.35625 0.33906250000000004 0.378125 0.3390625000000001
0 0.4 0.2890625000000001 0.3765625 0.2890625000000001 0.3765625 0.33281250000000007 0.4 0.33281250000000007
0 0.425 0.2750000000000001 0.396875 0.2750000000000001 0.396875 0.32500000000000007 0.425 0.32500000000000007
0 0.45 0.2656250000000001 0.4234375 0.2656250000000001 0.4234375 0.3125000000000001 0.45 0.3125000000000001
0 0.9921875 0.3546875000000001 0.9609375 0.3546875000000001 0.9609375 0.4125000000000002 0.9921875 0.4125000000000002
0 1 0.3609375000000001 0.9859375 0.3609375000000001 0.9859375 0.4046875000000002 1 0.4046875000000002
0 0.984375 0.11093750000000013 0.95625 0.11093750000000013 0.95625 0.15781250000000013 0.984375 0.15781250000000013
0 0.95 0.11562500000000013 0.9171875 0.11562500000000013 0.9171875 0.17187500000000014 0.95 0.17187500000000014
0 0.9203125 0.1328125000000001 0.9 0.13281250000000008 0.9 0.1750000000000001 0.9203125 0.17500000000000013
0 0.8953125 0.1375000000000001 0.8671875 0.1375000000000001 0.8671875 0.1843750000000001 0.8953125 0.1843750000000001
0 0.85625 0.14843750000000008 0.825 0.14843750000000008 0.825 0.2015625000000001 0.85625 0.2015625000000001
0 0.7171875 0.4734375 0.6921875 0.4734375 0.6921875 0.5171875 0.7171875 0.5171875
0 0.696875 0.4796875 0.671875 0.4796875 0.671875 0.521875 0.696875 0.521875
0 0.6703125 0.4828125 0.646875 0.4828125 0.646875 0.5296875 0.6703125 0.5296875
0 0.64375 0.4890625 0.6140625 0.4890625 0.6140625 0.5390625 0.64375 0.5390625
0 0.61875 0.5015625 0.590625 0.5015625 0.590625 0.5484375 0.61875 0.5484375
0 0.5953125 0.509375 0.5703125 0.509375 0.5703125 0.55625 0.5953125 0.55625
0 0.465625 0.2078125000000001 0.45 0.2078125000000001 0.45 0.2656250000000001 0.465625 0.2656250000000001
0 0.4921875 0.2093750000000001 0.4671875 0.2093750000000001 0.4671875 0.2562500000000001 0.4921875 0.2562500000000001
0 0.5203125 0.20312500000000008 0.49375 0.20312500000000008 0.49375 0.2484375000000001 0.5203125 0.2484375000000001
0 0.5828125 0.1781250000000001 0.55625 0.1781250000000001 0.55625 0.2250000000000001 0.5828125 0.2250000000000001
0 0.7203125 0.1515625000000001 0.69375 0.1515625000000001 0.69375 0.1937500000000001 0.7203125 0.1937500000000001
0 0.7375 0.1453125000000001 0.7140625 0.1453125000000001 0.7140625 0.18906250000000008 0.7375 0.18906250000000008
0 0.7625 0.1281250000000001 0.7328125 0.1281250000000001 0.7328125 0.1843750000000001 0.7625 0.1843750000000001
0 0.7859375 0.1312500000000001 0.759375 0.1312500000000001 0.759375 0.1765625000000001 0.7859375 0.1765625000000001
0 0.8015625 0.12343750000000009 0.78125 0.12343750000000009 0.78125 0.16562500000000008 0.8015625 0.16562500000000008
0 0.8234375 0.11875000000000009 0.8015625 0.11875000000000009 0.8015625 0.15781250000000008 0.8234375 0.15781250000000008
0 0.85 0.10312500000000009 0.821875 0.10312500000000009 0.821875 0.15000000000000008 0.85 0.15000000000000008
0 0.8765625 0.09062500000000011 0.85 0.09062500000000011 0.85 0.14218750000000008 0.8765625 0.14218750000000008
0 0.8984375 0.08593750000000011 0.871875 0.08593750000000011 0.871875 0.1359375000000001 0.8984375 0.1359375000000001
0 0.9203125 0.07812500000000011 0.8953125 0.07812500000000011 0.8953125 0.1250000000000001 0.9203125 0.12500000000000014
0 0.9421875 0.06875000000000012 0.91875 0.06875000000000012 0.91875 0.11562500000000013 0.9421875 0.11562500000000013
0 0.965625 0.0640625000000001 0.940625 0.0640625000000001 0.940625 0.10781250000000013 0.965625 0.10781250000000013
0 0.9859375 0.05468750000000011 0.9640625 0.05468750000000011 0.9640625 0.09843750000000011 0.9859375 0.09843750000000011
0 1 0.046875000000000125 0.9828125 0.046875000000000125 0.9828125 0.08906250000000013 1 0.08906250000000013
0 0.4453125 0.5796875 0.4171875 0.5796875 0.4171875 0.6046875 0.4453125 0.6046875
2 0.45000000000000007 0.5875 0.3828125000000001 0.5875 0.3828125000000001 0.8375 0.4500000000000002 0.8375
2 0.2156250000000001 0.7875 0.10937500000000008 0.7875 0.10937500000000008 0.859375 0.2156250000000001 0.859375
3 0.2734375000000001 0.778125 0.21093750000000008 0.778125 0.21093750000000008 0.8234375 0.2734375000000001 0.8234375
0 0.27031250000000007 0.8296875 0.22656250000000008 0.8296875 0.22656250000000008 0.86875 0.27031250000000007 0.86875
0 0.2687500000000001 0.878125 0.2296875000000001 0.878125 0.2296875000000001 0.9125 0.2687500000000001 0.9125
0 0.2218750000000001 0.8921875 0.1781250000000001 0.8921875 0.17812500000000012 0.9296875 0.2218750000000001 0.9296875
0 0.2078125000000001 0.8484375 0.16562500000000008 0.8484375 0.16562500000000008 0.884375 0.2078125000000001 0.884375
0 0.1437500000000001 0.878125 0.1062500000000001 0.878125 0.10625000000000011 0.9140625 0.14375000000000013 0.9140625
0 0.1140625000000001 0.8390625 0.07031250000000011 0.8390625 0.07031250000000011 0.88125 0.1140625000000001 0.88125
0 0.06718750000000011 0.8578125 0.0281250000000001 0.8578125 0.028125000000000105 0.8921875 0.06718750000000011 0.8921875
0 0.04062500000000012 0.915625 1.1213172254692953e-16 0.915625 1.1471496188888098e-16 0.9578125 0.04062500000000012 0.9578125
0 0.784375 0.5796875000000001 0.74375 0.5796875000000001 0.74375 0.6515625000000002 0.784375 0.6515625000000002