0 0.02968750000000008 0.6109375 0.009375000000000074 0.6109375 0.009375000000000078 0.6578125 0.02968750000000008 0.6578125
0 0.37187500000000007 0.8765625 0.3578125000000001 0.8765625 0.3578125000000001 0.9484375 0.37187500000000007 0.9484375
0 0.2875000000000001 0.684375 0.2640625000000001 0.684375 0.2640625000000001 0.734375 0.2875000000000001 0.734375
0 0.3859375000000001 0.7296875 0.3625000000000001 0.7296875 0.3625000000000001 0.784375 0.3859375000000001 0.784375
0 0.2156250000000001 0.4484375 0.19218750000000004 0.4484375 0.19218750000000004 0.4953125 0.2156250000000001 0.4953125
0 0.3609375000000001 0.7390625 0.3468750000000001 0.7390625 0.3468750000000001 0.78125 0.3609375000000001 0.78125
0 0.2218750000000001 0.503125 0.20312500000000008 0.503125 0.20312500000000008 0.553125 0.2218750000000001 0.553125
0 0.2171875000000001 0.5609375 0.1984375000000001 0.5609375 0.1984375000000001 0.609375 0.2171875000000001 0.609375
0 0.2531250000000001 0.521875 0.2375000000000001 0.521875 0.2375000000000001 0.5671875 0.2531250000000001 0.5671875
0 0.2500000000000001 0.5640625 0.22656250000000008 0.5640625 0.22656250000000008 0.621875 0.2500000000000001 0.621875
0 0.2828125000000001 0.5796875 0.26250000000000007 0.5796875 0.26250000000000007 0.6296875 0.2828125000000001 0.6296875
0 0.3109375000000001 0.59375 0.29375000000000007 0.59375 0.29375000000000007 0.6359375 0.3109375000000001 0.6359375
0 0.2875000000000001 0.525 0.2640625000000001 0.525 0.2640625000000001 0.56875 0.2875000000000001 0.56875
0 0.3140625000000001 0.4609375 0.29375000000000007 0.4609375 0.29375000000000007 0.515625 0.3140625000000001 0.515625
0 0.3703125000000001 0.4859375 0.3500000000000001 0.4859375 0.3500000000000001 0.5296875 0.3703125000000001 0.5296875
0 0.409375 0.4859375 0.38750000000000007 0.4859375 0.38750000000000007 0.5390625 0.409375 0.5390625
0 0.4296875 0.49375 0.4140625 0.49375 0.4140625 0.5359375 0.4296875 0.5359375
0 0.4625 0.496875 0.440625 0.496875 0.440625 0.5421875 0.4625 0.5421875
0 0.50625 0.503125 0.484375 0.503125 0.484375 0.55 0.50625 0.55
0 0.696875 0.1531250000000001 0.6875 0.1531250000000001 0.6875 0.2234375000000001 0.696875 0.2234375000000001
0 0.7765625 0.22656250000000008 0.7578125 0.22656250000000008 0.7578125 0.3031250000000001 0.7765625 0.3031250000000001
0 0.6921875000000002 0.79375 0.6750000000000002 0.79375 0.6750000000000002 0.840625 0.6921875000000002 0.840625
0 0.7140625000000002 0.8 0.6968750000000001 0.8 0.6968750000000001 0.8421875 0.7140625000000002 0.8421875
0 0.7390625000000002 0.8015625 0.7218750000000002 0.8015625 0.7218750000000002 0.84375 0.7390625000000002 0.84375
0 0.7718750000000002 0.8 0.7500000000000002 0.8 0.7500000000000002 0.84375 0.7718750000000002 0.84375
0 0.7984375000000001 0.8078125 0.7781250000000002 0.8078125 0.7781250000000002 0.85 0.7984375000000001 0.85
0 0.81875 0.815625 0.8015625 0.815625 0.8015625 0.8578125 0.81875 0.8578125
0 0.9953125 0.5187500000000002 0.978125 0.5187500000000002 0.978125 0.5625000000000002 0.9953125 0.5625000000000002
0 0.9734375 0.5140625000000002 0.9546875 0.5140625000000002 0.9546875 0.5609375000000002 0.9734375 0.5609375000000002
0 0.946875 0.5125000000000002 0.928125 0.5125000000000002 0.928125 0.5546875000000002 0.946875 0.5546875000000002
0 0.921875 0.5062500000000002 0.9046875 0.5062500000000002 0.9046875 0.5531250000000002 0.921875 0.5531250000000002
0 0.9 0.4937500000000002 0.878125 0.4937500000000002 0.878125 0.5515625000000002 0.9 0.5515625000000002
0 0.86875 0.5015625000000001 0.8515625 0.5015625000000001 0.8515625 0.5437500000000002 0.86875 0.5437500000000002
0 0.840625 0.4984375000000002 0.821875 0.4984375000000002 0.821875 0.5406250000000001 0.840625 0.5406250000000001
0 0.775 0.48437500000000017 0.75625 0.48437500000000017 0.75625 0.5296875000000002 0.775 0.5296875000000002
0 0.634375 0.4796875 0.615625 0.4796875 0.615625 0.5203125 0.634375 0.5203125
0 0.6140625 0.4796875 0.596875 0.4796875 0.596875 0.521875 0.6140625 0.521875
0 0.59375 0.465625 0.571875 0.465625 0.571875 0.51875 0.59375 0.51875
0 0.5671875 0.478125 0.546875 0.478125 0.546875 0.515625 0.5671875 0.515625
0 0.54375 0.4671875 0.5296875 0.4671875 0.5296875 0.509375 0.54375 0.509375
0 0.5234375 0.4640625 0.50625 0.4640625 0.50625 0.50625 0.5234375 0.50625
0 0.5015625 0.45625 0.48125 0.45625 0.48125 0.503125 0.5015625 0.503125
0 0.471875 0.4515625 0.453125 0.4515625 0.453125 0.4953125 0.471875 0.4953125
0 0.446875 0.4515625 0.4296875 0.4515625 0.4296875 0.49375 0.446875 0.49375
0 0.4234375 0.44375 0.40625 0.44375 0.40625 0.4890625 0.4234375 0.4890625
0 0.4 0.440625 0.3843750000000001 0.440625 0.3843750000000001 0.4828125 0.4 0.4828125
0 0.3765625000000001 0.4359375 0.3593750000000001 0.4359375 0.3593750000000001 0.478125 0.3765625000000001 0.478125
0 0.3531250000000001 0.43125 0.3375000000000001 0.43125 0.3375000000000001 0.475 0.3531250000000001 0.475
0 0.33281250000000007 0.425 0.3156250000000001 0.425 0.3156250000000001 0.46875 0.33281250000000007 0.46875
0 0.2078125000000001 0.671875 0.1906250000000001 0.671875 0.1906250000000001 0.721875 0.2078125000000001 0.721875
2 0.2843750000000001 0.40625 0.2250000000000001 0.40625 0.2250000000000001 0.5140625 0.2843750000000001 0.5140625