0 0.028125000000000077 0.6 0.007812500000000073 0.6 0.007812500000000075 0.64375 0.028125000000000077 0.64375
0 0.09062500000000001 0.039062500000000014 0.08125 0.039062500000000014 0.08125000000000002 0.1296875 0.09062500000000002 0.1296875
0 0.4 0.675 0.3812500000000001 0.675 0.3812500000000001 0.7234375 0.4 0.7234375
0 0.6515625 0.6578125 0.6296875 0.6578125 0.6296875 0.6984375 0.6515625 0.6984375
0 0.7343750000000001 0.7109375000000001 0.7125 0.7109375 0.7125000000000001 0.7515625000000001 0.7343750000000002 0.7515625000000001
0 0.2140625000000001 0.4203125 0.19062500000000004 0.4203125 0.19062500000000004 0.4703125 0.2140625000000001 0.4703125
0 0.7093750000000001 0.715625 0.696875 0.715625 0.6968750000000001 0.7484375 0.7093750000000002 0.7484375
0 0.21875000000000008 0.4765625 0.2000000000000001 0.4765625 0.2000000000000001 0.51875 0.21875000000000008 0.51875
0 0.2156250000000001 0.5390625 0.19531250000000006 0.5390625 0.19531250000000006 0.5765625 0.2156250000000001 0.5765625
0 0.2515625000000001 0.496875 0.23437500000000008 0.496875 0.23437500000000008 0.534375 0.2515625000000001 0.534375
0 0.2484375000000001 0.540625 0.2250000000000001 0.540625 0.2250000000000001 0.5875 0.2484375000000001 0.5875
0 0.11718750000000014 0.9109375 0.10781250000000013 0.9109375 0.10781250000000013 0.9984375 0.11718750000000014 0.9984375
0 0.2812500000000001 0.553125 0.2609375000000001 0.553125 0.2609375000000001 0.5953125 0.2812500000000001 0.5953125
0 0.30937500000000007 0.5578125 0.2921875000000001 0.5578125 0.2921875000000001 0.5953125 0.30937500000000007 0.5953125
0 0.28593750000000007 0.4890625 0.26250000000000007 0.4890625 0.26250000000000007 0.5359375 0.28593750000000007 0.5359375
0 0.3140625000000001 0.4296875 0.2921875000000001 0.4296875 0.2921875000000001 0.4765625 0.3140625000000001 0.4765625
0 0.3687500000000001 0.44375 0.34843750000000007 0.44375 0.34843750000000007 0.4890625 0.3687500000000001 0.4890625
0 0.40625 0.44375 0.3843750000000001 0.44375 0.3843750000000001 0.49375 0.40625 0.49375
0 0.428125 0.4546875 0.4125 0.4546875 0.4125 0.4921875 0.428125 0.4921875
0 0.4609375 0.45625 0.440625 0.45625 0.440625 0.49375 0.4609375 0.49375
0 0.503125 0.459375 0.4828125 0.459375 0.4828125 0.5015625 0.503125 0.5015625
0 0.6953125 0.07812500000000008 0.6859375 0.07812500000000008 0.6859375 0.15000000000000008 0.6953125 0.15000000000000008
0 0.775 0.1593750000000001 0.7578125 0.1593750000000001 0.7578125 0.2390625000000001 0.775 0.2390625000000001
0 0.6921875000000002 0.759375 0.6750000000000002 0.759375 0.6750000000000002 0.796875 0.6921875000000002 0.796875
0 0.7125000000000001 0.7609375 0.6953125000000002 0.7609375 0.6953125000000002 0.7953125 0.7125000000000001 0.7953125
0 0.7375000000000002 0.7609375 0.7203125000000001 0.7609375 0.7203125000000001 0.8015625 0.7375000000000002 0.8015625
0 0.7703125000000002 0.7625000000000002 0.7484375000000002 0.7625000000000002 0.7484375000000002 0.8 0.7703125000000002 0.8
0 0.7968750000000002 0.7671875000000001 0.7765625000000002 0.7671875000000001 0.7765625000000002 0.803125 0.7968750000000002 0.803125
0 0.8171875 0.7718750000000002 0.8 0.7718750000000002 0.8 0.809375 0.8171875 0.809375
0 0.9484375 0.7828125000000001 0.93125 0.7828125000000001 0.93125 0.821875 0.9484375 0.821875
0 0.99375 0.4593750000000002 0.9765625 0.4593750000000002 0.9765625 0.4937500000000002 0.99375 0.4937500000000002
0 0.9734375 0.45625000000000016 0.953125 0.45625000000000016 0.953125 0.49218750000000017 0.9734375 0.49218750000000017
0 0.946875 0.45312500000000017 0.928125 0.45312500000000017 0.928125 0.4890625000000002 0.946875 0.4890625000000002
0 0.921875 0.44843750000000016 0.9046875 0.44843750000000016 0.9046875 0.4859375000000002 0.921875 0.4859375000000002
0 0.8984375 0.44062500000000016 0.8765625 0.44062500000000016 0.8765625 0.48750000000000016 0.8984375 0.48750000000000016
0 0.8671875 0.4437500000000002 0.85 0.4437500000000002 0.85 0.47968750000000016 0.8671875 0.47968750000000016
0 0.840625 0.4390625000000002 0.8203125 0.4390625000000002 0.8203125 0.47656250000000017 0.840625 0.47656250000000017
0 0.7734375 0.4343750000000002 0.75625 0.4343750000000002 0.75625 0.4703125000000002 0.7734375 0.4703125000000002
0 0.6328125 0.4296875 0.6140625 0.4296875 0.6140625 0.4640625 0.6328125 0.4640625
0 0.6125 0.4296875 0.596875 0.4296875 0.596875 0.4640625 0.6125 0.4640625
0 0.5921875 0.41875 0.571875 0.41875 0.571875 0.4625 0.5921875 0.4625
0 0.565625 0.425 0.5453125 0.425 0.5453125 0.4625 0.565625 0.4625
0 0.540625 0.4203125 0.528125 0.4203125 0.528125 0.45625 0.540625 0.45625
0 0.521875 0.4171875 0.5046875 0.4171875 0.5046875 0.4546875 0.521875 0.4546875
0 0.4984375 0.4125 0.478125 0.4125 0.478125 0.45 0.4984375 0.45
0 0.4703125 0.4109375 0.4515625 0.4109375 0.4515625 0.446875 0.4703125 0.446875
0 0.4453125 0.4078125 0.4265625 0.4078125 0.4265625 0.4453125 0.4453125 0.4453125
0 0.421875 0.403125 0.4046875 0.403125 0.4046875 0.440625 0.421875 0.440625
0 0.3984375000000001 0.403125 0.3828125000000001 0.403125 0.3828125000000001 0.440625 0.3984375000000001 0.440625
0 0.3765625000000001 0.39687500000000003 0.3578125000000001 0.396875 0.3578125000000001 0.4375 0.3765625000000001 0.4375
0 0.3515625000000001 0.3921875 0.3359375000000001 0.3921875 0.3359375000000001 0.4328125 0.3515625000000001 0.4328125
0 0.3296875000000001 0.3921875 0.3125000000000001 0.3921875 0.3125000000000001 0.4265625 0.3296875000000001 0.4265625
0 0.525 0.6609375 0.5078125 0.6609375 0.5078125 0.6984375 0.525 0.6984375
2 0.2828125000000001 0.4 0.2250000000000001 0.4 0.2250000000000001 0.4765625 0.2828125000000001 0.4765625