0 0.02968750000000008 0.6015625 0.009375000000000074 0.6015625 0.009375000000000078 0.6515625 0.02968750000000008 0.6515625
0 0.37187500000000007 0.8515625 0.3578125000000001 0.8515625 0.3578125000000001 0.934375 0.37187500000000007 0.934375
0 0.30937500000000007 0.6765625 0.28593750000000007 0.6765625 0.28593750000000007 0.728125 0.30937500000000007 0.728125
0 0.4078125000000001 0.71875 0.3859375000000001 0.71875 0.3859375000000001 0.775 0.4078125000000002 0.775
0 0.2140625000000001 0.4375 0.19218750000000004 0.4375 0.19218750000000004 0.4875 0.2140625000000001 0.4875
0 0.3828125000000001 0.7296875 0.3687500000000001 0.7296875 0.3687500000000001 0.771875 0.3828125000000001 0.771875
0 0.22031250000000008 0.496875 0.2015625000000001 0.496875 0.2015625000000001 0.54375 0.22031250000000008 0.54375
0 0.2171875000000001 0.55 0.1984375000000001 0.55 0.1984375000000001 0.6015625 0.2171875000000001 0.6015625
0 0.2531250000000001 0.515625 0.2375000000000001 0.515625 0.2375000000000001 0.5578125 0.2531250000000001 0.5578125
0 0.2500000000000001 0.559375 0.22656250000000008 0.559375 0.22656250000000008 0.6125 0.2500000000000001 0.6125
0 0.11875000000000013 0.91875 0.10937500000000014 0.91875 0.10937500000000014 0.996875 0.11875000000000013 0.996875
0 0.2828125000000001 0.5703125 0.26250000000000007 0.5703125 0.26250000000000007 0.6203125 0.2828125000000001 0.6203125
0 0.3109375000000001 0.584375 0.29375000000000007 0.584375 0.29375000000000007 0.6265625 0.3109375000000001 0.6265625
0 0.2875000000000001 0.515625 0.2640625000000001 0.515625 0.2640625000000001 0.5625 0.2875000000000001 0.5625
0 0.3156250000000001 0.4515625 0.29375000000000007 0.4515625 0.29375000000000007 0.509375 0.3156250000000001 0.509375
0 0.3703125000000001 0.478125 0.34843750000000007 0.478125 0.34843750000000007 0.5234375 0.3703125000000001 0.5234375
0 0.409375 0.4765625 0.3859375000000001 0.4765625 0.3859375000000001 0.5296875 0.409375 0.5296875
0 0.4296875 0.4890625 0.415625 0.4890625 0.415625 0.5296875 0.4296875 0.5296875
0 0.4625 0.4890625 0.4421875 0.4890625 0.4421875 0.534375 0.4625 0.534375
0 0.50625 0.49375 0.4828125 0.49375 0.4828125 0.54375 0.50625 0.54375
0 0.6953125 0.1453125000000001 0.6875 0.1453125000000001 0.6875 0.21250000000000008 0.6953125 0.21250000000000008
0 0.7765625 0.2156250000000001 0.7578125 0.2156250000000001 0.7578125 0.2921875000000001 0.7765625 0.2921875000000001
0 0.6921875000000002 0.7890625 0.6750000000000002 0.7890625 0.6750000000000002 0.83125 0.6921875000000002 0.83125
0 0.7140625000000002 0.7921875 0.6953125000000002 0.7921875 0.6953125000000002 0.83125 0.7140625000000002 0.83125
0 0.7390625000000002 0.7906250000000001 0.7234375000000002 0.790625 0.7234375000000002 0.834375 0.7390625000000002 0.834375
0 0.7718750000000002 0.7921875000000002 0.7500000000000002 0.7921875000000002 0.7500000000000002 0.8390625 0.7718750000000002 0.8390625
0 0.7984375000000001 0.7984375000000001 0.7765625000000002 0.7984375000000001 0.7765625000000002 0.84375 0.7984375000000001 0.84375
0 0.81875 0.803125 0.8015625 0.803125 0.8015625 0.8484375 0.81875 0.8484375
0 0.9953125 0.5093750000000001 0.978125 0.5093750000000001 0.978125 0.5531250000000002 0.9953125 0.5531250000000002
0 0.975 0.5062500000000002 0.9546875 0.5062500000000002 0.9546875 0.5500000000000002 0.975 0.5500000000000002
0 0.9484375 0.5015625000000001 0.928125 0.5015625000000001 0.928125 0.5453125000000002 0.9484375 0.5453125000000002
0 0.921875 0.4968750000000002 0.9046875 0.4968750000000002 0.9046875 0.5421875000000002 0.921875 0.5421875000000002
0 0.9 0.48437500000000017 0.878125 0.48437500000000017 0.878125 0.5406250000000001 0.9 0.5406250000000001
0 0.86875 0.4890625000000002 0.8515625 0.4890625000000002 0.8515625 0.5343750000000002 0.86875 0.5343750000000002
0 0.8421875 0.4890625000000002 0.821875 0.4890625000000002 0.821875 0.5312500000000002 0.8421875 0.5312500000000002
0 0.775 0.4750000000000002 0.75625 0.4750000000000002 0.75625 0.5203125000000002 0.775 0.5203125000000002
0 0.634375 0.471875 0.615625 0.471875 0.615625 0.5125 0.634375 0.5125
0 0.6140625 0.46875 0.5984375 0.46875 0.5984375 0.5109375 0.6140625 0.5109375
0 0.59375 0.4578125 0.571875 0.4578125 0.571875 0.5109375 0.59375 0.5109375
0 0.5671875 0.465625 0.546875 0.465625 0.546875 0.5078125 0.5671875 0.5078125
0 0.54375 0.459375 0.5296875 0.459375 0.5296875 0.4984375 0.54375 0.4984375
0 0.5234375 0.4578125 0.5078125 0.4578125 0.5078125 0.4953125 0.5234375 0.4953125
0 0.5 0.446875 0.4796875 0.446875 0.4796875 0.4921875 0.5 0.4921875
0 0.471875 0.440625 0.453125 0.440625 0.453125 0.4890625 0.471875 0.4890625
0 0.446875 0.4390625 0.4296875 0.4390625 0.4296875 0.4859375 0.446875 0.4859375
0 0.4234375 0.434375 0.40625 0.434375 0.40625 0.4796875 0.4234375 0.4796875
0 0.4 0.4296875 0.3828125000000001 0.4296875 0.3828125000000001 0.475 0.4 0.475
0 0.3765625000000001 0.428125 0.3593750000000001 0.428125 0.3593750000000001 0.4703125 0.3765625000000001 0.4703125
0 0.3531250000000001 0.4234375 0.3375000000000001 0.4234375 0.3375000000000001 0.465625 0.3531250000000001 0.465625
0 0.33281250000000007 0.4203125 0.3156250000000001 0.4203125 0.3156250000000001 0.459375 0.33281250000000007 0.459375
0 0.22656250000000008 0.6671875 0.2093750000000001 0.6671875 0.2093750000000001 0.71875 0.22656250000000008 0.71875
2 0.2843750000000001 0.4046875 0.22656250000000008 0.4046875 0.22656250000000008 0.5046875 0.2843750000000001 0.5046875