0 0.02500000000000005 0.3734375 4.573290390565898e-17 0.3734375 4.8507494309977197e-17 0.41875 0.025000000000000057 0.41875
0 0.059375000000000046 0.384375 0.03281250000000004 0.384375 0.03281250000000005 0.41875 0.059375000000000046 0.41875
0 0.09375000000000004 0.3765625 0.06093750000000005 0.3765625 0.06093750000000005 0.41875 0.09375000000000004 0.41875
0 0.10937500000000004 0.30625 0.07500000000000004 0.30625 0.07500000000000004 0.365625 0.10937500000000004 0.365625
0 0.16562500000000005 0.3203125 0.13593750000000004 0.3203125 0.13593750000000004 0.36875 0.16562500000000005 0.36875
0 0.20625000000000004 0.309375 0.17187500000000006 0.309375 0.17187500000000006 0.3671875 0.2062500000000001 0.3671875
0 0.225 0.3171875 0.2015625 0.3171875 0.2015625 0.359375 0.225 0.359375
0 0.2578125 0.309375 0.228125 0.309375 0.228125 0.3578125 0.2578125 0.3578125
0 0.303125 0.30625 0.2703125 0.30625 0.2703125 0.35625 0.303125 0.35625
0 0.4203125 0.2515625000000001 0.39375 0.2515625000000001 0.39375 0.2953125000000001 0.4203125 0.2953125000000001
0 0.4015625 0.25468750000000007 0.3765625 0.25468750000000007 0.3765625 0.30156250000000007 0.4015625 0.30156250000000007
0 0.38125 0.24531250000000004 0.3484375 0.2453125 0.3484375 0.30156250000000007 0.38125 0.30156250000000007
0 0.3546875 0.2640625 0.3265625 0.2640625 0.3265625 0.3046875 0.3546875 0.3046875
0 0.3296875 0.2625 0.3078125 0.2625 0.3078125 0.30625 0.3296875 0.30625
0 0.309375 0.2640625 0.284375 0.2640625 0.284375 0.30625 0.309375 0.30625
0 0.2875 0.2578125 0.25625 0.2578125 0.25625 0.3109375 0.2875 0.3109375
0 0.2578125 0.259375 0.228125 0.259375 0.228125 0.309375 0.2578125 0.309375
0 0.2328125 0.2640625 0.2046875 0.2640625 0.2046875 0.309375 0.2328125 0.309375
0 0.209375 0.265625 0.18281250000000004 0.265625 0.18281250000000004 0.3125 0.209375 0.3125
0 0.18437500000000004 0.265625 0.15781250000000005 0.265625 0.15781250000000005 0.315625 0.18437500000000004 0.315625
0 0.16093750000000004 0.26875 0.13437500000000005 0.26875 0.13437500000000005 0.3140625 0.16093750000000004 0.3140625
0 0.13750000000000004 0.26875 0.11250000000000004 0.26875 0.11250000000000004 0.315625 0.13750000000000004 0.315625
0 0.11562500000000005 0.2703125 0.08906250000000002 0.2703125 0.08906250000000003 0.315625 0.11562500000000005 0.315625
2 0.07968750000000004 0.2703125 0.0015625000000000333 0.2703125 0.00156250000000004 0.378125 0.07968750000000005 0.378125
0 0.8328125 0.0265625000000001 0.7921875 0.0265625000000001 0.7921875 0.0796875000000001 0.8328125 0.0796875000000001
0 0.5421875 0.16875000000000004 0.5078125 0.16875000000000004 0.5078125 0.25468750000000007 0.5421875 0.25468750000000007
0 0.65625 0.1781250000000001 0.615625 0.1781250000000001 0.615625 0.22656250000000008 0.65625 0.22656250000000008
0 0.6890625 0.1687500000000001 0.6515625 0.1687500000000001 0.6515625 0.2140625000000001 0.6890625 0.2140625000000001
0 0.7453125 0.15000000000000008 0.709375 0.15000000000000008 0.709375 0.19687500000000008 0.7453125 0.19687500000000008
0 0.778125 0.1437500000000001 0.74375 0.1437500000000001 0.74375 0.18906250000000008 0.778125 0.18906250000000008
0 0.8171875 0.1390625000000001 0.78125 0.1390625000000001 0.78125 0.18906250000000008 0.8171875 0.18906250000000008
0 0.8609375 0.14062500000000008 0.8203125 0.14062500000000008 0.8203125 0.18906250000000008 0.8609375 0.18906250000000008
0 0.8921875 0.1390625000000001 0.8578125 0.1390625000000001 0.8578125 0.1906250000000001 0.8921875 0.1906250000000001
0 0.9359375 0.13750000000000012 0.9015625 0.1375000000000001 0.9015625 0.18437500000000012 0.9359375 0.18437500000000012
0 0.959375 0.13437500000000013 0.93125 0.13437500000000013 0.93125 0.17968750000000014 0.959375 0.17968750000000014
0 0.9953125 0.13281250000000014 0.95625 0.13281250000000014 0.95625 0.18125000000000013 0.9953125 0.18125000000000013
3 0.05156250000000009 0.6578125 8.055879725641184e-17 0.6578125 8.419446744138054e-17 0.7171875 0.05156250000000009 0.7171875
0 0.27031250000000007 0.934375 0.22031250000000008 0.934375 0.22031250000000008 0.98125 0.27031250000000007 0.98125
0 0.33281250000000007 0.928125 0.2843750000000001 0.928125 0.2843750000000001 0.975 0.33281250000000007 0.975
0 0.3125000000000001 0.9734375 0.2671875000000001 0.9734375 0.2671875000000001 1 0.3125000000000001 1
0 0.490625 0.5703125 0.45 0.5703125 0.45 0.6421875 0.490625 0.6421875
0 0.821875 0.6484375000000002 0.7734375 0.6484375000000002 0.7734375 0.7203125000000001 0.821875 0.7203125000000001
0 0.896875 0.4187500000000002 0.85 0.4187500000000002 0.85 0.47187500000000016 0.896875 0.47187500000000016