0 0.009375000000000045 0.33125 4.0566425221756075e-17 0.33125 4.33410156260743e-17 0.3765625 0.009375000000000046 0.3765625
0 0.03593750000000005 0.390625 0.010937500000000048 0.390625 0.010937500000000051 0.4421875 0.03593750000000005 0.4421875
0 0.06250000000000004 0.40625 0.042187500000000044 0.40625 0.04218750000000005 0.45 0.06250000000000004 0.45
0 0.042187500000000044 0.334375 0.015625000000000038 0.334375 0.01562500000000004 0.3828125 0.042187500000000044 0.3828125
0 0.12812500000000004 0.30625 0.10625000000000004 0.30625 0.10625000000000004 0.3515625 0.12812500000000004 0.3515625
0 0.16718750000000004 0.30625 0.14062500000000006 0.30625 0.14062500000000006 0.3609375 0.16718750000000004 0.3609375
0 0.18750000000000006 0.3203125 0.16875000000000004 0.3203125 0.16875000000000004 0.3609375 0.18750000000000006 0.3609375
0 0.21875000000000006 0.3234375 0.19531250000000006 0.3234375 0.19531250000000006 0.371875 0.21875000000000008 0.371875
0 0.26250000000000007 0.3328125 0.2375 0.3328125 0.23750000000000004 0.378125 0.26250000000000007 0.378125
0 0.3390625 0.3 0.3265625 0.3 0.3265625 0.3546875 0.3390625 0.3546875
0 0.3265625 0.3078125 0.303125 0.3078125 0.303125 0.3515625 0.3265625 0.3515625
0 0.3015625 0.3015625 0.2859375 0.3015625 0.2859375 0.3421875 0.3015625 0.3421875
0 0.2828125 0.296875 0.2640625 0.296875 0.2640625 0.3328125 0.2828125 0.3328125
0 0.259375 0.2859375 0.2375 0.2859375 0.2375 0.33125 0.259375 0.33125
0 0.23125 0.278125 0.209375 0.278125 0.209375 0.3234375 0.23125 0.3234375
0 0.2078125 0.2734375 0.18593750000000003 0.2734375 0.18593750000000003 0.3171875 0.2078125 0.3171875
0 0.18593750000000003 0.2703125 0.16562500000000005 0.2703125 0.16562500000000005 0.3109375 0.18593750000000003 0.3109375
0 0.16093750000000004 0.2640625 0.14218750000000005 0.2640625 0.14218750000000005 0.3078125 0.16093750000000004 0.3078125
0 0.13906250000000003 0.2546875 0.11875000000000005 0.2546875 0.11875000000000005 0.3 0.13906250000000003 0.3
0 0.11406250000000004 0.2484375 0.09687500000000002 0.2484375 0.09687500000000003 0.29375 0.11406250000000004 0.29375
0 0.09531250000000004 0.240625 0.07500000000000002 0.240625 0.07500000000000004 0.2859375 0.09531250000000005 0.2859375
2 0.046875000000000035 0.21875 2.6789148731348354e-17 0.21875 3.3390760383002056e-17 0.3265625 0.04687500000000004 0.3265625
3 0.07656250000000003 0.271875 0.048437500000000036 0.271875 0.048437500000000036 0.3359375 0.07656250000000005 0.3359375
0 0.7 0.24375000000000008 0.678125 0.24375000000000008 0.678125 0.2828125000000001 0.7 0.2828125000000001
0 0.9984375 0.2468750000000001 0.971875 0.2468750000000001 0.971875 0.28593750000000007 0.9984375 0.28593750000000007
0 0.5140625 6.142369101973443e-17 0.4890625 5.989288252080025e-17 0.4890625 0.02187500000000006 0.5140625 0.02187500000000006
0 0.5171875 0.032812500000000064 0.4953125 0.03281250000000006 0.4953125 0.07656250000000006 0.5171875 0.07656250000000006
0 0.509375 0.09531250000000006 0.4875 0.09531250000000006 0.4875 0.13437500000000005 0.509375 0.13437500000000005
0 0.5484375 0.05156250000000007 0.5296875 0.05156250000000007 0.5296875 0.09062500000000007 0.5484375 0.09062500000000007
0 0.540625 0.09843750000000007 0.515625 0.09843750000000007 0.515625 0.14218750000000005 0.540625 0.14218750000000005
0 0.3828125000000001 0.4609375 0.3671875000000001 0.4609375 0.3671875000000001 0.5 0.3828125000000001 0.5
0 0.5734375 0.11093750000000009 0.55 0.11093750000000009 0.55 0.15000000000000008 0.5734375 0.15000000000000008
0 0.6015625 0.11718750000000008 0.58125 0.11718750000000008 0.58125 0.15625000000000008 0.6015625 0.15625000000000008
0 0.5828125 0.050000000000000065 0.55625 0.050000000000000065 0.55625 0.09375000000000007 0.5828125 0.09375000000000007
0 0.6125 7.347880794884119e-17 0.5875 7.1947999449907e-17 0.5875 0.037500000000000075 0.6125 0.037500000000000075
0 0.66875 0.00781250000000008 0.6453125 0.007812500000000078 0.6453125 0.05312500000000009 0.66875 0.05312500000000009
0 0.70625 0.012500000000000086 0.6796875 0.012500000000000084 0.6796875 0.06250000000000008 0.70625 0.06250000000000008
0 0.7265625 0.02187500000000009 0.709375 0.02187500000000009 0.709375 0.06562500000000009 0.7265625 0.06562500000000009
0 0.759375 0.02656250000000009 0.7359375 0.02656250000000009 0.7359375 0.06562500000000009 0.759375 0.06562500000000009
0 0.8015625 0.0312500000000001 0.778125 0.0312500000000001 0.778125 0.07656250000000009 0.8015625 0.07656250000000009
0 0.96875 0.3453125000000001 0.9484375 0.3453125000000001 0.9484375 0.3859375000000001 0.96875 0.3859375000000001
0 0.990625 0.34843750000000007 0.9703125 0.34843750000000007 0.9703125 0.3843750000000001 0.990625 0.3843750000000001
0 1 0.3468750000000001 0.9953125 0.3468750000000001 0.9953125 0.3906250000000001 1 0.3906250000000001
0 0.9328125 0.010937500000000112 0.9125 0.01093750000000011 0.9125 0.04531250000000011 0.9328125 0.04531250000000011
0 0.9125 0.009375000000000109 0.89375 0.009375000000000109 0.89375 0.04843750000000011 0.9125 0.04843750000000011
0 0.8921875 1.0782632364367712e-16 0.86875 1.0639119067592632e-16 0.86875 0.042187500000000114 0.8921875 0.042187500000000114
0 0.865625 0.0015625000000001048 0.84375 0.0015625000000001033 0.84375 0.0375000000000001 0.865625 0.03750000000000011
0 0.8421875 1.0218146730385728e-16 0.8265625 1.0122471199202341e-16 0.8265625 0.0312500000000001 0.8421875 0.0312500000000001
0 0.821875 9.950255243072244e-17 0.803125 9.83544460565218e-17 0.803125 0.0250000000000001 0.821875 0.0250000000000001
0 0.8 9.653661096403746e-17 0.7765625 9.510147799628666e-17 0.7765625 0.0250000000000001 0.8 0.0250000000000001
0 0.771875 9.318796737261892e-17 0.75 9.18485099360515e-17 0.75 0.018750000000000093 0.771875 0.018750000000000093
0 0.746875 9.022202590593392e-17 0.7265625 8.897824400054988e-17 0.7265625 0.01250000000000009 0.746875 0.01250000000000009
0 0.725 8.754311103279908e-17 0.7046875 8.629932912741505e-17 0.7046875 0.009375000000000088 0.725 0.009375000000000088
0 0.8625 0.2406250000000001 0.8421875 0.2406250000000001 0.8421875 0.2812500000000001 0.8625 0.2812500000000001
2 0.5859375 6.792962714020475e-17 0.5234375 6.410260589286927e-17 0.5234375 0.03593750000000007 0.5859375 0.03593750000000007
0 0.11093750000000013 0.946875 0.09062500000000011 0.946875 0.09062500000000011 0.9875 0.11093750000000013 0.9875
0 0.13281250000000014 0.946875 0.11093750000000013 0.946875 0.11093750000000013 0.9875 0.13281250000000014 0.9875
0 0.15625000000000014 0.9515625 0.13750000000000012 0.9515625 0.13750000000000012 0.9953125 0.15625000000000014 0.9953125
0 0.19062500000000013 0.953125 0.16562500000000013 0.953125 0.16562500000000013 0.9984375 0.19062500000000013 0.9984375
0 0.2156250000000001 0.959375 0.19062500000000013 0.959375 0.19062500000000013 1 0.2156250000000001 1
0 0.23437500000000008 0.96875 0.2140625000000001 0.96875 0.2140625000000001 1 0.23437500000000008 1
0 0.3390625000000001 0.653125 0.3140625000000001 0.653125 0.3140625000000001 0.7046875 0.3390625000000001 0.7046875
0 0.3078125000000001 0.653125 0.2875000000000001 0.653125 0.2875000000000001 0.69375 0.3078125000000001 0.69375
0 0.2812500000000001 0.6484375 0.2578125000000001 0.6484375 0.2578125000000001 0.6921875 0.2812500000000001 0.6921875
0 0.2156250000000001 0.634375 0.1937500000000001 0.634375 0.1937500000000001 0.6796875 0.2156250000000001 0.6796875
0 0.07500000000000008 0.61875 0.05468750000000007 0.61875 0.054687500000000076 0.659375 0.0750000000000001 0.659375
0 0.054687500000000076 0.615625 0.03593750000000008 0.615625 0.03593750000000008 0.659375 0.05468750000000009 0.659375
0 0.03593750000000008 0.603125 0.010937500000000076 0.603125 0.010937500000000077 0.6546875 0.03593750000000008 0.6546875
0 0.007812500000000078 0.6109375 7.481826538540861e-17 0.6109375 7.721015366499328e-17 0.65 0.00781250000000008 0.65
0 0.5187500000000002 0.9640625 0.47656250000000017 0.9640625 0.47656250000000017 0.9984375 0.5187500000000002 0.9984375
0 0.859375 0.9921875 0.8125 0.9921875 0.8125 1 0.859375 1
2 0.7890625000000001 0.5515625000000002 0.7421875 0.5515625000000002 0.7421875000000001 0.7484375000000002 0.7890625000000002 0.7484375000000002
3 0.68125 0.590625 0.6546875 0.590625 0.6546875 0.665625 0.68125 0.665625