0 0.2828125 3.3773462507735604e-17 0.26875 3.2912382727085115e-17 0.26875 0.05781250000000003 0.2828125 0.057812500000000044
0 0.209375 0.05468750000000002 0.1859375 0.05468750000000002 0.1859375 0.13281250000000006 0.209375 0.13281250000000006
0 0.01875000000000004 0.3265625 3.999237203465575e-17 0.3265625 4.267128690779059e-17 0.3703125 0.018750000000000044 0.3703125
0 0.043750000000000046 0.3234375 0.023437500000000038 0.3234375 0.02343750000000004 0.371875 0.043750000000000046 0.371875
0 0.07187500000000005 0.3125 0.04531250000000003 0.3125 0.04531250000000004 0.371875 0.07187500000000005 0.371875
0 0.09687500000000004 0.321875 0.07656250000000005 0.321875 0.07656250000000005 0.365625 0.09687500000000004 0.365625
0 0.12656250000000005 0.3203125 0.10468750000000004 0.3203125 0.10468750000000004 0.3640625 0.12656250000000005 0.3640625
0 0.19218750000000004 0.3125 0.17031250000000003 0.3125 0.17031250000000003 0.3578125 0.19218750000000004 0.3578125
0 0.3328125 0.31875 0.3109375 0.31875 0.3109375 0.359375 0.3328125 0.359375
0 0.3515625 0.31875 0.3328125 0.31875 0.3328125 0.3625 0.3515625 0.3625
0 0.359375 0.30625 0.3515625 0.30625 0.3515625 0.3609375 0.359375 0.3609375
0 0.85 0.0031250000000001025 0.825 0.0031250000000001012 0.825 0.0796875000000001 0.85 0.0796875000000001
3 0.51875 0.048437500000000064 0.465625 0.04843750000000006 0.465625 0.09531250000000006 0.51875 0.09531250000000006
0 0.60625 7.146962179399006e-17 0.5609375 6.869503138967185e-17 0.5609375 0.01406250000000007 0.60625 0.014062500000000071
0 0.7140625 0.2890625000000001 0.6875 0.2890625000000001 0.6875 0.3609375000000001 0.7140625 0.3609375000000001
0 0.796875 0.3531250000000001 0.765625 0.3531250000000001 0.765625 0.37968750000000007 0.796875 0.37968750000000007
0 0.3593750000000001 0.478125 0.3281250000000001 0.478125 0.3281250000000001 0.5421875 0.3593750000000001 0.5421875
2 1 0.7515625000000001 0.8390625 0.7515625000000001 0.8390625 0.9109375 1 0.9109375
0 1 0.8984375 0.975 0.8984375 0.975 0.9421875 1 0.9421875
0 0.8109375 0.9671875 0.7796875000000002 0.9671875 0.7796875000000002 1 0.8109375 1
0 0.784375 0.5437500000000002 0.7609375 0.5437500000000002 0.7609375 0.6140625000000002 0.784375 0.6140625000000002
0 0.5453125000000002 0.8078125 0.5000000000000002 0.8078125 0.5000000000000002 0.8484375 0.5453125000000002 0.8484375
0 0.49531250000000016 0.809375 0.4500000000000002 0.809375 0.4500000000000002 0.846875 0.49531250000000016 0.846875
0 0.9140625 0.37968750000000007 0.8890625 0.37968750000000007 0.8890625 0.4468750000000002 0.9140625 0.4468750000000002