0 0.007812500000000047 0.3515625 4.305398903252414e-17 0.3515625 4.601993049920913e-17 0.4 0.00781250000000005 0.4
0 0.2953125000000001 0.3875 0.2656250000000001 0.3875 0.2656250000000001 0.4 0.2953125000000001 0.4
0 0.16875 0.1640625 0.1390625 0.1640625 0.13906250000000003 0.215625 0.16875000000000004 0.215625
0 0.18281250000000004 0.221875 0.15781250000000005 0.221875 0.15781250000000005 0.2703125 0.18281250000000004 0.2703125
0 0.18750000000000006 0.275 0.16093750000000004 0.275 0.16093750000000004 0.328125 0.18750000000000006 0.328125
0 0.2171875 0.2359375 0.19531250000000006 0.2359375 0.19531250000000006 0.2796875 0.2171875 0.2796875
0 0.221875 0.2796875 0.19062500000000004 0.2796875 0.19062500000000004 0.3359375 0.221875 0.3359375
0 0.25625 0.2859375 0.228125 0.2859375 0.228125 0.3375 0.25625 0.3375
0 0.284375 0.2953125 0.2609375 0.2953125 0.2609375 0.3390625 0.284375 0.3390625
0 0.2515625 0.23125 0.221875 0.23125 0.221875 0.28125 0.2515625 0.28125
0 0.271875 0.16406250000000006 0.2421875 0.16406250000000006 0.2421875 0.225 0.271875 0.225
0 0.328125 0.18281250000000004 0.3015625 0.18281250000000004 0.3015625 0.2296875 0.328125 0.2296875
0 0.36875 0.17500000000000004 0.3375 0.17500000000000004 0.3375 0.23125000000000004 0.36875 0.2312500000000001
0 0.3875 0.18593750000000003 0.36875 0.18593750000000003 0.36875 0.22812500000000008 0.3875 0.22812500000000008
0 0.4203125 0.18125000000000005 0.39375 0.18125000000000005 0.39375 0.22812500000000008 0.4203125 0.22812500000000008
0 0.465625 0.17968750000000006 0.4359375 0.17968750000000006 0.4359375 0.2312500000000001 0.465625 0.2312500000000001
0 0.5890625 0.14062500000000008 0.5640625 0.14062500000000008 0.5640625 0.1828125000000001 0.5890625 0.1828125000000001
0 0.5671875 0.1390625000000001 0.5453125 0.1390625000000001 0.5453125 0.1828125000000001 0.5671875 0.1828125000000001
0 0.546875 0.12968750000000007 0.51875 0.12968750000000004 0.51875 0.18593750000000006 0.546875 0.1859375000000001
0 0.521875 0.14218750000000005 0.4953125 0.14218750000000005 0.4953125 0.18750000000000006 0.521875 0.18750000000000006
0 0.496875 0.14062500000000006 0.478125 0.14062500000000006 0.478125 0.18125000000000005 0.496875 0.18125000000000005
0 0.475 0.14218750000000005 0.4546875 0.14218750000000005 0.4546875 0.18125000000000005 0.475 0.18125000000000005
0 0.453125 0.13437500000000005 0.4265625 0.13437500000000005 0.4265625 0.18125000000000005 0.453125 0.18125000000000005
0 0.4234375 0.13125000000000003 0.3984375 0.13125000000000003 0.3984375 0.18281250000000004 0.4234375 0.18281250000000004
0 0.4 0.13281250000000006 0.375 0.13281250000000006 0.375 0.18125000000000005 0.4 0.18125000000000005
0 0.375 0.13281250000000006 0.3515625 0.13281250000000006 0.3515625 0.17968750000000006 0.375 0.17968750000000006
0 0.35 0.13125000000000003 0.328125 0.13125000000000003 0.328125 0.17812500000000003 0.35 0.17812500000000003
0 0.328125 0.13281250000000006 0.3046875 0.13281250000000006 0.3046875 0.17656250000000004 0.328125 0.17656250000000004
0 0.303125 0.13125000000000003 0.2828125 0.13125000000000003 0.2828125 0.17500000000000004 0.303125 0.17500000000000004
0 0.28125 0.12968750000000004 0.259375 0.12968750000000004 0.259375 0.17187500000000006 0.28125 0.17187500000000006
0 0.21250000000000008 0.3890625 0.18750000000000006 0.3890625 0.18750000000000006 0.4 0.21250000000000008 0.4
2 0.240625 0.12187500000000002 0.1703125 0.121875 0.17031250000000003 0.228125 0.240625 0.228125
0 0.65625 0.2484375000000001 0.64375 0.2484375000000001 0.64375 0.2718750000000001 0.65625 0.2718750000000001
0 0.665625 0.3000000000000001 0.653125 0.3000000000000001 0.653125 0.32500000000000007 0.665625 0.32500000000000007
0 0.6359375 0.2921875000000001 0.6171875 0.2921875000000001 0.6171875 0.3078125000000001 0.6359375 0.3078125000000001
0 0.6375 0.3046875000000001 0.61875 0.3046875000000001 0.61875 0.3187500000000001 0.6375 0.3187500000000001
0 0.6390625 0.3218750000000001 0.6203125 0.3218750000000001 0.6203125 0.3390625000000001 0.6390625 0.3390625000000001
0 0.6421875 0.33281250000000007 0.621875 0.33281250000000007 0.621875 0.3500000000000001 0.6421875 0.3500000000000001
0 0.64375 0.3468750000000001 0.6234375 0.3468750000000001 0.6234375 0.3625000000000001 0.64375 0.3625000000000001
0 0.646875 0.3578125000000001 0.6265625 0.3578125000000001 0.6265625 0.3734375000000001 0.646875 0.3734375000000001
0 0.65 0.3671875000000001 0.6265625 0.3671875000000001 0.6265625 0.3859375000000001 0.65 0.3859375000000001
0 0.65 0.37968750000000007 0.628125 0.37968750000000007 0.628125 0.3984375000000001 0.65 0.3984375000000001
0 0.6515625 0.3921875000000001 0.6296875 0.3921875000000001 0.6296875 0.4 0.6515625 0.4
3 0.671875 0.3265625000000001 0.6578125 0.3265625000000001 0.6578125 0.3578125000000001 0.671875 0.3578125000000001
3 0.65 0.2234375000000001 0.6375 0.2234375000000001 0.6375 0.2484375000000001 0.65 0.2484375000000001
0 0.646875 0.2062500000000001 0.6359375 0.2062500000000001 0.6359375 0.22656250000000008 0.646875 0.22656250000000008
0 0.640625 0.1906250000000001 0.6328125 0.1906250000000001 0.6328125 0.2062500000000001 0.640625 0.2062500000000001
0 0.6390625 0.17187500000000008 0.6296875 0.17187500000000008 0.6296875 0.1906250000000001 0.6390625 0.1906250000000001
0 0.634375 0.1546875000000001 0.625 0.1546875000000001 0.625 0.17343750000000008 0.634375 0.17343750000000008
0 0.628125 0.12656250000000008 0.61875 0.12656250000000008 0.61875 0.1437500000000001 0.628125 0.1437500000000001
0 0.6265625 0.11250000000000009 0.6171875 0.11250000000000009 0.6171875 0.1296875000000001 0.6265625 0.1296875000000001
0 0.6234375 0.09687500000000007 0.6140625 0.09687500000000007 0.6140625 0.11250000000000009 0.6234375 0.11250000000000009
0 0.6203125 0.08593750000000007 0.6125 0.08593750000000007 0.6125 0.09843750000000007 0.6203125 0.09843750000000007
0 0.6171875 0.07031250000000007 0.609375 0.07031250000000007 0.609375 0.08437500000000006 0.6171875 0.08437500000000006
0 0.615625 0.031250000000000076 0.609375 0.031250000000000076 0.609375 0.04218750000000008 0.615625 0.04218750000000008
0 0.615625 0.02656250000000008 0.609375 0.02656250000000008 0.609375 0.03593750000000008 0.615625 0.03593750000000008
0 0.753125 0.1281250000000001 0.7390625 0.1281250000000001 0.7390625 0.1437500000000001 0.753125 0.1437500000000001
0 0.7671875 0.1218750000000001 0.75625 0.1218750000000001 0.75625 0.14062500000000008 0.7671875 0.14062500000000008
0 0.775 0.11875000000000009 0.7640625 0.11875000000000009 0.7640625 0.1359375000000001 0.775 0.1359375000000001
0 0.7640625 0.10937500000000008 0.7546875 0.10937500000000008 0.7546875 0.1281250000000001 0.7640625 0.1281250000000001
0 0.75625 0.11093750000000009 0.7484375 0.11093750000000009 0.7484375 0.12656250000000008 0.75625 0.12656250000000008
0 0.75 0.12031250000000009 0.734375 0.12031250000000009 0.734375 0.13437500000000008 0.75 0.13437500000000008
0 0.7484375 0.11562500000000009 0.734375 0.11562500000000009 0.734375 0.1296875000000001 0.7484375 0.1296875000000001
0 0.75625 0.09375000000000008 0.7453125 0.09375000000000008 0.7453125 0.10937500000000008 0.75625 0.10937500000000008
0 0.746875 0.10312500000000009 0.73125 0.10312500000000009 0.73125 0.11875000000000009 0.746875 0.11875000000000009
0 0.1703125000000001 0.7671875 0.11093750000000009 0.7671875 0.11093750000000009 0.8234375 0.1703125000000001 0.8234375
0 0.41875 0.515625 0.3468750000000001 0.515625 0.3468750000000001 0.58125 0.41875 0.58125
0 0.56875 0.496875 0.5015625 0.496875 0.5015625 0.5625 0.56875 0.5625
0 0.1531250000000001 0.609375 0.09687500000000007 0.609375 0.09687500000000007 0.6484375 0.1531250000000001 0.6484375
0 0.7296875000000002 0.9171875 0.7062500000000002 0.9171875 0.7062500000000002 1 0.7296875000000002 1
0 0.740625 0.4000000000000001 0.7140625 0.4 0.7140625 0.4390625000000001 0.740625 0.4390625000000002
0 0.8515625 0.84375 0.8234375 0.84375 0.8234375 0.94375 0.8515625 0.94375
0 0.834375 0.859375 0.8046875 0.859375 0.8046875 0.95625 0.834375 0.95625
0 0.903125 0.4000000000000002 0.86875 0.4000000000000002 0.86875 0.4109375000000002 0.903125 0.4109375000000002
0 0.909375 0.6625000000000002 0.8734375 0.6625000000000002 0.8734375 0.7109375000000002 0.909375 0.7109375000000002
0 0.94375 0.6546875000000002 0.909375 0.6546875000000002 0.909375 0.7000000000000002 0.94375 0.7000000000000002
0 1 0.6421875000000001 0.96875 0.6421875000000001 0.96875 0.6859375000000002 1 0.6859375000000002
3 0.8859375 0.4234375000000002 0.84375 0.4234375000000002 0.84375 0.4828125000000002 0.8859375 0.4828125000000002