0 0.02656250000000008 0.5921875 0.007812500000000073 0.5921875 0.007812500000000075 0.6328125 0.02656250000000008 0.6328125
0 0.09062500000000001 0.05 0.08125 0.05 0.08125000000000002 0.1359375 0.09062500000000002 0.1359375
0 0.415625 0.6625 0.3968750000000001 0.6625 0.3968750000000001 0.7 0.415625 0.7
0 0.7125 0.6453125 0.6890625 0.6453125 0.6890625 0.6828125 0.7125 0.6828125
0 0.7859375000000001 0.6984375000000002 0.7640625 0.6984375000000002 0.7640625000000001 0.7406250000000002 0.7859375000000002 0.7406250000000002
0 0.21250000000000008 0.4046875 0.19062500000000004 0.4046875 0.19062500000000004 0.453125 0.21250000000000008 0.453125
0 0.7593750000000001 0.7031250000000002 0.7484375 0.7031250000000002 0.7484375000000001 0.7359375000000001 0.7593750000000001 0.7359375000000001
0 0.21875000000000008 0.4640625 0.19843750000000004 0.4640625 0.19843750000000004 0.50625 0.21875000000000008 0.50625
0 0.2140625000000001 0.528125 0.19531250000000006 0.528125 0.19531250000000006 0.565625 0.2140625000000001 0.565625
0 0.2500000000000001 0.48125 0.23437500000000008 0.48125 0.23437500000000008 0.51875 0.2500000000000001 0.51875
0 0.2468750000000001 0.5296875 0.2234375000000001 0.5296875 0.2234375000000001 0.571875 0.2468750000000001 0.571875
0 0.11562500000000012 0.9 0.1062500000000001 0.9 0.10625000000000011 0.990625 0.11562500000000013 0.990625
0 0.2796875000000001 0.5390625 0.2593750000000001 0.5390625 0.2593750000000001 0.5765625 0.2796875000000001 0.5765625
0 0.30937500000000007 0.54375 0.2921875000000001 0.54375 0.2921875000000001 0.58125 0.30937500000000007 0.58125
0 0.28593750000000007 0.4765625 0.2609375000000001 0.4765625 0.2609375000000001 0.51875 0.28593750000000007 0.51875
0 0.3125000000000001 0.415625 0.2906250000000001 0.415625 0.2906250000000001 0.4625 0.3125000000000001 0.4625
0 0.3687500000000001 0.428125 0.3468750000000001 0.428125 0.3468750000000001 0.4734375 0.3687500000000001 0.4734375
0 0.40625 0.4296875 0.3828125000000001 0.4296875 0.3828125000000001 0.4796875 0.40625 0.4796875
0 0.4265625 0.4390625 0.4125 0.4390625 0.4125 0.48125 0.4265625 0.48125
0 0.459375 0.4421875 0.4390625 0.4421875 0.4390625 0.4796875 0.459375 0.4796875
0 0.5015625 0.4421875 0.48125 0.4421875 0.48125 0.4875 0.5015625 0.4875
0 0.69375 0.057812500000000086 0.684375 0.057812500000000086 0.684375 0.13281250000000008 0.69375 0.13281250000000008
0 0.775 0.14218750000000008 0.75625 0.14218750000000008 0.75625 0.22031250000000008 0.775 0.22031250000000008
0 0.6906250000000002 0.74375 0.6734375000000001 0.74375 0.6734375000000001 0.784375 0.6906250000000002 0.784375
0 0.7125000000000001 0.746875 0.6937500000000002 0.746875 0.6937500000000002 0.78125 0.7125000000000001 0.78125
0 0.7359375000000001 0.7437500000000001 0.7203125000000001 0.74375 0.7203125000000001 0.7859375000000001 0.7359375000000001 0.7859375000000002
0 0.7703125000000002 0.7468750000000002 0.7468750000000002 0.7468750000000002 0.7468750000000002 0.7843750000000002 0.7703125000000002 0.7843750000000002
0 0.7953125000000002 0.7531250000000002 0.7750000000000001 0.7531250000000002 0.7750000000000001 0.7906250000000001 0.7953125000000002 0.7906250000000001
0 0.815625 0.7562500000000002 0.7984375000000001 0.7562500000000002 0.7984375000000001 0.7921875000000002 0.815625 0.7921875000000002
0 0.946875 0.7640625000000002 0.9296875 0.7640625000000002 0.9296875 0.80625 0.946875 0.80625
0 0.99375 0.4390625000000002 0.975 0.4390625000000002 0.975 0.47656250000000017 0.99375 0.47656250000000017
0 0.971875 0.43750000000000017 0.9515625 0.43750000000000017 0.9515625 0.4734375000000002 0.971875 0.4734375000000002
0 0.9453125 0.4343750000000002 0.925 0.4343750000000002 0.925 0.4703125000000002 0.9453125 0.4703125000000002
0 0.9203125 0.4312500000000002 0.903125 0.4312500000000002 0.903125 0.46875000000000017 0.9203125 0.46875000000000017
0 0.8984375 0.42500000000000016 0.8765625 0.42500000000000016 0.8765625 0.46875000000000017 0.8984375 0.46875000000000017
0 0.8671875 0.4265625000000002 0.85 0.4265625000000002 0.85 0.4625000000000002 0.8671875 0.4625000000000002
0 0.8390625 0.4203125000000002 0.8203125 0.4203125000000002 0.8203125 0.46093750000000017 0.8390625 0.46093750000000017
0 0.7734375 0.41718750000000016 0.7546875 0.41718750000000016 0.7546875 0.45312500000000017 0.7734375 0.45312500000000017
0 0.6328125 0.4140625 0.6140625 0.4140625 0.6140625 0.446875 0.6328125 0.446875
0 0.6109375 0.4140625 0.5953125 0.4140625 0.5953125 0.4515625 0.6109375 0.4515625
0 0.590625 0.403125 0.5703125 0.403125 0.5703125 0.4484375 0.590625 0.4484375
0 0.5640625 0.4078125 0.5453125 0.4078125 0.5453125 0.44375 0.5640625 0.44375
0 0.540625 0.4046875 0.5265625 0.4046875 0.5265625 0.4390625 0.540625 0.4390625
0 0.5203125 0.403125 0.503125 0.403125 0.503125 0.4359375 0.5203125 0.4359375
0 0.4984375 0.3984375000000001 0.478125 0.3984375000000001 0.478125 0.4359375 0.4984375 0.4359375
0 0.46875 0.3968750000000001 0.45 0.3968750000000001 0.45 0.43125 0.46875 0.43125
0 0.44375 0.3906250000000001 0.4265625 0.3906250000000001 0.4265625 0.428125 0.44375 0.428125
0 0.421875 0.3890625000000001 0.4046875 0.3890625000000001 0.4046875 0.4265625 0.421875 0.4265625
0 0.3968750000000001 0.38750000000000007 0.3812500000000001 0.38750000000000007 0.3812500000000001 0.425 0.3968750000000001 0.425
0 0.3750000000000001 0.38593750000000004 0.35625000000000007 0.3859375 0.35625000000000007 0.4203125 0.3750000000000001 0.4203125
0 0.3515625000000001 0.3796875 0.3359375000000001 0.3796875 0.3359375000000001 0.415625 0.3515625000000001 0.415625
0 0.3296875000000001 0.378125 0.3109375000000001 0.378125 0.3109375000000001 0.4125 0.3296875000000001 0.4125
0 0.5765625 0.646875 0.559375 0.646875 0.559375 0.6859375 0.5765625 0.6859375
2 0.2812500000000001 0.3859375 0.2250000000000001 0.3859375 0.2250000000000001 0.4625 0.2812500000000001 0.4625