0 0.028125000000000077 0.590625 0.007812500000000073 0.590625 0.007812500000000075 0.6328125 0.028125000000000077 0.6328125
0 0.09062500000000001 0.0546875 0.08125 0.0546875 0.08125000000000002 0.140625 0.09062500000000002 0.140625
0 0.4359375 0.6578125 0.4171875 0.6578125 0.4171875 0.6953125 0.4359375 0.6953125
0 0.7765625 0.6421875000000001 0.753125 0.6421875000000001 0.753125 0.6828125000000002 0.7765625 0.6828125000000002
0 0.840625 0.6937500000000002 0.8171875 0.6937500000000002 0.8171875 0.7390625000000002 0.840625 0.7390625000000002
0 0.21093750000000008 0.40625 0.19062500000000004 0.40625 0.19062500000000004 0.453125 0.21093750000000008 0.453125
0 0.8140625 0.7015625000000002 0.8015625 0.7015625000000002 0.8015625 0.7343750000000002 0.8140625 0.7343750000000002
0 0.21875000000000008 0.4625 0.2000000000000001 0.4625 0.2000000000000001 0.5046875 0.21875000000000008 0.5046875
0 0.2140625000000001 0.5265625 0.19375000000000003 0.5265625 0.19375000000000006 0.5640625 0.2140625000000001 0.5640625
0 0.2500000000000001 0.4796875 0.23437500000000008 0.4796875 0.23437500000000008 0.515625 0.2500000000000001 0.515625
0 0.2453125000000001 0.525 0.2234375000000001 0.525 0.2234375000000001 0.5703125 0.2453125000000001 0.5703125
0 0.11562500000000012 0.896875 0.1062500000000001 0.896875 0.10625000000000011 0.984375 0.11562500000000013 0.984375
0 0.2812500000000001 0.5359375 0.2609375000000001 0.5359375 0.2609375000000001 0.5734375 0.2812500000000001 0.5734375
0 0.30937500000000007 0.540625 0.2921875000000001 0.540625 0.2921875000000001 0.575 0.30937500000000007 0.575
0 0.2843750000000001 0.475 0.2609375000000001 0.475 0.2609375000000001 0.5171875 0.2843750000000001 0.5171875
0 0.3125000000000001 0.4109375 0.2906250000000001 0.4109375 0.2906250000000001 0.45625 0.3125000000000001 0.45625
0 0.3687500000000001 0.428125 0.3468750000000001 0.428125 0.3468750000000001 0.4671875 0.3687500000000001 0.4671875
0 0.4078125 0.425 0.3843750000000001 0.425 0.3843750000000001 0.475 0.4078125 0.475
0 0.428125 0.434375 0.4125 0.434375 0.4125 0.475 0.428125 0.475
0 0.459375 0.434375 0.4390625 0.434375 0.4390625 0.475 0.459375 0.475
0 0.503125 0.4375 0.48125 0.4375 0.48125 0.4765625 0.503125 0.4765625
0 0.69375 0.04687500000000009 0.684375 0.04687500000000009 0.684375 0.12031250000000009 0.69375 0.12031250000000009
0 0.775 0.13281250000000008 0.75625 0.13281250000000008 0.75625 0.2062500000000001 0.775 0.2062500000000001
0 0.6906250000000002 0.7390625 0.6734375000000001 0.7390625 0.6734375000000001 0.7765625 0.6906250000000002 0.7765625
0 0.7125000000000001 0.7421875 0.6937500000000002 0.7421875 0.6937500000000002 0.7765625 0.7125000000000001 0.7765625
0 0.7359375000000001 0.7421875000000001 0.7203125000000001 0.7421875 0.7203125000000001 0.7796875000000001 0.7359375000000001 0.7796875000000002
0 0.7703125000000002 0.7437500000000001 0.7468750000000002 0.7437500000000001 0.7468750000000002 0.7812500000000002 0.7703125000000002 0.7812500000000002
0 0.7968750000000002 0.7437500000000001 0.7750000000000001 0.7437500000000001 0.7750000000000001 0.7812500000000002 0.7968750000000002 0.7812500000000002
0 0.815625 0.7500000000000002 0.7984375000000001 0.7500000000000002 0.7984375000000001 0.7843750000000002 0.815625 0.7843750000000002
0 0.946875 0.7562500000000002 0.9296875 0.7562500000000002 0.9296875 0.7968750000000002 0.946875 0.7968750000000002
0 0.96875 0.7609375000000002 0.953125 0.7609375000000002 0.953125 0.7953125000000002 0.96875 0.7953125000000002
0 0.99375 0.4312500000000002 0.975 0.4312500000000002 0.975 0.4671875000000002 0.99375 0.4671875000000002
0 0.971875 0.4281250000000002 0.9515625 0.4281250000000002 0.9515625 0.4625000000000002 0.971875 0.4625000000000002
0 0.9453125 0.42500000000000016 0.9265625 0.42500000000000016 0.9265625 0.46093750000000017 0.9453125 0.46093750000000017
0 0.9203125 0.4203125000000002 0.903125 0.4203125000000002 0.903125 0.4593750000000002 0.9203125 0.4593750000000002
0 0.8984375 0.41718750000000016 0.8765625 0.41718750000000016 0.8765625 0.4593750000000002 0.8984375 0.4593750000000002
0 0.865625 0.4187500000000002 0.85 0.4187500000000002 0.85 0.45312500000000017 0.865625 0.45312500000000017
0 0.840625 0.4125000000000002 0.8203125 0.4125000000000002 0.8203125 0.4500000000000002 0.840625 0.4500000000000002
0 0.7734375 0.40937500000000016 0.7546875 0.40937500000000016 0.7546875 0.4437500000000002 0.7734375 0.4437500000000002
0 0.6328125 0.40625 0.6125 0.40625 0.6125 0.4390625 0.6328125 0.4390625
0 0.6125 0.4046875 0.5953125 0.4046875 0.5953125 0.4390625 0.6125 0.4390625
0 0.590625 0.3984375000000001 0.5703125 0.3984375000000001 0.5703125 0.4390625 0.590625 0.4390625
0 0.5640625 0.4015625 0.5453125 0.4015625 0.5453125 0.4375 0.5640625 0.4375
0 0.5390625 0.3968750000000001 0.528125 0.3968750000000001 0.528125 0.4328125 0.5390625 0.4328125
0 0.5203125 0.39531250000000007 0.5046875 0.39531250000000007 0.5046875 0.428125 0.5203125 0.428125
0 0.4984375 0.3937500000000001 0.478125 0.3937500000000001 0.478125 0.4296875 0.4984375 0.4296875
0 0.46875 0.3906250000000001 0.45 0.3906250000000001 0.45 0.425 0.46875 0.425
0 0.44375 0.3843750000000001 0.4265625 0.3843750000000001 0.4265625 0.421875 0.44375 0.421875
0 0.421875 0.3859375000000001 0.4046875 0.3859375000000001 0.4046875 0.4203125 0.421875 0.4203125
0 0.3968750000000001 0.3828125000000001 0.3812500000000001 0.3828125000000001 0.3812500000000001 0.4203125 0.3968750000000001 0.4203125
0 0.3750000000000001 0.38125000000000003 0.35625000000000007 0.38125 0.35625000000000007 0.4171875 0.3750000000000001 0.4171875
0 0.3515625000000001 0.375 0.3359375000000001 0.375 0.3359375000000001 0.4109375 0.3515625000000001 0.4109375
0 0.3296875000000001 0.375 0.3109375000000001 0.375 0.3109375000000001 0.409375 0.3296875000000001 0.409375
0 0.6328125 0.640625 0.615625 0.640625 0.615625 0.6796875 0.6328125 0.6796875
2 0.2812500000000001 0.3890625 0.2250000000000001 0.3890625 0.2250000000000001 0.4625 0.2812500000000001 0.4625