0 0.028125000000000077 0.609375 0.009375000000000074 0.609375 0.009375000000000078 0.653125 0.028125000000000077 0.653125
0 0.3703125000000001 0.784375 0.3593750000000001 0.784375 0.3593750000000001 0.8640625 0.3703125000000001 0.8640625
0 0.4546875 0.6734375 0.43125 0.6734375 0.43125 0.7171875 0.4546875 0.7171875
0 0.55 0.721875 0.528125 0.721875 0.5281250000000001 0.76875 0.5500000000000002 0.76875
0 0.21250000000000008 0.4375 0.19062500000000004 0.4375 0.19062500000000004 0.484375 0.21250000000000008 0.484375
0 0.5234375000000002 0.7296875 0.5109375000000002 0.7296875 0.5109375000000002 0.7625 0.5234375000000002 0.7625
0 0.21875000000000008 0.4953125 0.2000000000000001 0.4953125 0.2000000000000001 0.5421875 0.21875000000000008 0.5421875
0 0.2156250000000001 0.55 0.19687500000000008 0.55 0.19687500000000008 0.596875 0.2156250000000001 0.596875
0 0.2531250000000001 0.5125 0.23593750000000008 0.5125 0.23593750000000008 0.5546875 0.2531250000000001 0.5546875
0 0.2468750000000001 0.553125 0.2250000000000001 0.553125 0.2250000000000001 0.6078125 0.2468750000000001 0.6078125
0 0.11718750000000014 0.921875 0.10781250000000013 0.921875 0.10781250000000013 0.9984375 0.11718750000000014 0.9984375
0 0.2828125000000001 0.5703125 0.2609375000000001 0.5703125 0.2609375000000001 0.615625 0.2828125000000001 0.615625
0 0.30937500000000007 0.5765625 0.2921875000000001 0.5765625 0.2921875000000001 0.61875 0.30937500000000007 0.61875
0 0.2843750000000001 0.5109375 0.26250000000000007 0.5109375 0.26250000000000007 0.5546875 0.2843750000000001 0.5546875
0 0.3140625000000001 0.446875 0.2921875000000001 0.446875 0.2921875000000001 0.5 0.3140625000000001 0.5
0 0.3687500000000001 0.4703125 0.34843750000000007 0.4703125 0.34843750000000007 0.5125 0.3687500000000001 0.5125
0 0.4078125 0.46875 0.3843750000000001 0.46875 0.3843750000000001 0.5171875 0.4078125 0.5171875
0 0.428125 0.4828125 0.4140625 0.4828125 0.4140625 0.5171875 0.428125 0.5171875
0 0.4609375 0.48125 0.440625 0.48125 0.440625 0.5234375 0.4609375 0.5234375
0 0.5046875 0.484375 0.4828125 0.484375 0.4828125 0.5296875 0.5046875 0.5296875
0 0.69375 0.12343750000000009 0.6859375 0.12343750000000009 0.6859375 0.1906250000000001 0.69375 0.1906250000000001
0 0.7765625 0.19687500000000008 0.7578125 0.19687500000000008 0.7578125 0.2734375000000001 0.7765625 0.2734375000000001
0 0.6921875000000002 0.78125 0.6750000000000002 0.78125 0.6750000000000002 0.825 0.6921875000000002 0.825
0 0.7140625000000002 0.7828125 0.6953125000000002 0.7828125 0.6953125000000002 0.821875 0.7140625000000002 0.821875
0 0.7375000000000002 0.784375 0.7218750000000002 0.784375 0.7218750000000002 0.8265625 0.7375000000000002 0.8265625
0 0.7718750000000002 0.7843750000000002 0.7484375000000002 0.7843750000000002 0.7484375000000002 0.8265625 0.7718750000000002 0.8265625
0 0.7968750000000002 0.7906250000000001 0.7750000000000001 0.7906250000000001 0.7750000000000001 0.834375 0.7968750000000002 0.834375
0 0.8171875 0.7968750000000002 0.8 0.7968750000000002 0.8 0.8375 0.8171875 0.8375
0 0.946875 0.8125 0.9265625 0.8125 0.9265625 0.853125 0.946875 0.853125
0 0.99375 0.4937500000000002 0.9765625 0.4937500000000002 0.9765625 0.5359375000000002 0.99375 0.5359375000000002
0 0.971875 0.48750000000000016 0.953125 0.48750000000000016 0.953125 0.5312500000000002 0.971875 0.5312500000000002
0 0.946875 0.48750000000000016 0.9265625 0.48750000000000016 0.9265625 0.5265625000000002 0.946875 0.5265625000000002
0 0.9203125 0.4828125000000002 0.903125 0.4828125000000002 0.903125 0.5218750000000002 0.9203125 0.5218750000000002
0 0.8984375 0.4734375000000002 0.8765625 0.4734375000000002 0.8765625 0.5265625000000002 0.8984375 0.5265625000000002
0 0.8671875 0.4750000000000002 0.85 0.4750000000000002 0.85 0.5156250000000002 0.8671875 0.5156250000000002
0 0.840625 0.47187500000000016 0.8203125 0.47187500000000016 0.8203125 0.5171875000000001 0.840625 0.5171875000000001
0 0.775 0.4625000000000002 0.75625 0.4625000000000002 0.75625 0.5046875000000002 0.775 0.5046875000000002
0 0.6328125 0.4578125 0.6140625 0.4578125 0.6140625 0.5 0.6328125 0.5
0 0.6125 0.4578125 0.596875 0.4578125 0.596875 0.5 0.6125 0.5
0 0.5921875 0.4453125 0.5703125 0.4453125 0.5703125 0.49375 0.5921875 0.49375
0 0.565625 0.453125 0.5453125 0.453125 0.5453125 0.4953125 0.565625 0.4953125
0 0.5421875 0.446875 0.528125 0.446875 0.528125 0.4890625 0.5421875 0.4890625
0 0.521875 0.44375 0.5046875 0.44375 0.5046875 0.48125 0.521875 0.48125
0 0.4984375 0.4375 0.4796875 0.4375 0.4796875 0.48125 0.4984375 0.48125
0 0.4703125 0.4359375 0.4515625 0.4359375 0.4515625 0.475 0.4703125 0.475
0 0.4453125 0.4296875 0.4265625 0.4296875 0.4265625 0.471875 0.4453125 0.471875
0 0.4234375 0.425 0.40625 0.425 0.40625 0.4703125 0.4234375 0.4703125
0 0.3968750000000001 0.425 0.3812500000000001 0.425 0.3812500000000001 0.4671875 0.3968750000000001 0.4671875
0 0.3765625000000001 0.4203125 0.3593750000000001 0.4203125 0.3593750000000001 0.4609375 0.3765625000000001 0.4609375
0 0.3515625000000001 0.4171875 0.3359375000000001 0.4171875 0.3359375000000001 0.4578125 0.3515625000000001 0.4578125
0 0.3296875000000001 0.4125 0.3125000000000001 0.4125 0.3125000000000001 0.453125 0.3296875000000001 0.453125
0 0.3531250000000001 0.684375 0.3343750000000001 0.684375 0.3343750000000001 0.7265625 0.3531250000000001 0.7265625
2 0.2828125000000001 0.409375 0.2250000000000001 0.409375 0.2250000000000001 0.496875 0.2828125000000001 0.496875