0 0.49375 0.13750000000000004 0.4609375 0.13750000000000004 0.4609375 0.18906250000000005 0.49375 0.18906250000000005
0 0.4984375 0.19218750000000004 0.46875 0.19218750000000004 0.46875 0.2406250000000001 0.4984375 0.2406250000000001
0 0.5171875 0.2531250000000001 0.4875 0.2531250000000001 0.4875 0.2968750000000001 0.5171875 0.2968750000000001
0 0.46875 0.22031250000000008 0.44375 0.22031250000000008 0.44375 0.2609375000000001 0.46875 0.2609375000000001
0 0.4921875 0.26250000000000007 0.459375 0.26250000000000007 0.459375 0.3109375000000001 0.4921875 0.3109375000000001
0 0.4578125 0.2828125000000001 0.428125 0.2828125000000001 0.428125 0.32500000000000007 0.4578125 0.32500000000000007
0 0.4296875 0.2953125000000001 0.403125 0.2953125000000001 0.403125 0.3359375000000001 0.4296875 0.3359375000000001
0 0.4421875 0.2250000000000001 0.409375 0.2250000000000001 0.409375 0.2718750000000001 0.4421875 0.2718750000000001
0 0.3984375 0.17187500000000006 0.365625 0.17187500000000006 0.365625 0.2234375000000001 0.3984375 0.2234375000000001
0 0.346875 0.203125 0.315625 0.203125 0.315625 0.2484375 0.346875 0.2484375
0 0.3125 0.209375 0.278125 0.209375 0.278125 0.2625 0.3125 0.2625
0 0.2859375 0.228125 0.2609375 0.228125 0.2609375 0.2703125 0.2859375 0.2703125
0 0.2609375 0.234375 0.23125 0.234375 0.23125 0.278125 0.2609375 0.278125
0 0.2203125 0.2484375 0.18750000000000006 0.2484375 0.18750000000000006 0.2953125 0.2203125 0.2953125
0 0.08437500000000003 0.2546875 0.05625000000000002 0.2546875 0.056250000000000036 0.2921875 0.08437500000000005 0.2921875
0 0.10156250000000004 0.25 0.07656250000000002 0.25 0.07656250000000003 0.2859375 0.10156250000000004 0.2859375
0 0.12500000000000006 0.234375 0.09375000000000003 0.234375 0.09375000000000003 0.2828125 0.12500000000000006 0.2828125
0 0.14843750000000006 0.2296875 0.11875000000000005 0.2296875 0.11875000000000005 0.2734375 0.14843750000000006 0.2734375
0 0.16562500000000005 0.221875 0.14375000000000004 0.221875 0.14375000000000004 0.259375 0.16562500000000005 0.259375
0 0.18750000000000006 0.2140625 0.16250000000000003 0.2140625 0.16250000000000003 0.2515625 0.18750000000000006 0.2515625
0 0.2125 0.20625 0.18437500000000004 0.20625 0.18437500000000004 0.2453125 0.2125 0.2453125
0 0.2359375 0.19531250000000006 0.209375 0.19531250000000006 0.209375 0.234375 0.2359375 0.234375
0 0.259375 0.18437500000000004 0.23125 0.18437500000000004 0.23125 0.225 0.259375 0.225
0 0.2796875 0.17656250000000004 0.253125 0.17656250000000004 0.253125 0.2171875 0.2796875 0.2171875
0 0.303125 0.16718750000000004 0.2765625 0.16718750000000004 0.2765625 0.209375 0.303125 0.209375
0 0.325 0.15781250000000005 0.296875 0.15781250000000005 0.296875 0.2015625 0.325 0.2015625
0 0.34375 0.15000000000000005 0.3203125 0.15000000000000005 0.3203125 0.18750000000000006 0.34375 0.18750000000000006
0 0.365625 0.13906250000000003 0.3390625 0.13906250000000003 0.3390625 0.17812500000000003 0.365625 0.17812500000000003
2 0.4640625 0.12500000000000006 0.3875 0.12500000000000006 0.3875 0.22031250000000008 0.4640625 0.22031250000000008
0 0.9765625 0.14062500000000014 0.928125 0.14062500000000014 0.928125 0.18281250000000013 0.9765625 0.18281250000000013
0 0.9875 0.18437500000000012 0.9359375 0.18437500000000012 0.9359375 0.2296875000000001 0.9875 0.2296875000000001
0 0.703125 0.2718750000000001 0.6640625 0.2718750000000001 0.6640625 0.3500000000000001 0.703125 0.3500000000000001
0 0.64375 0.3421875000000001 0.596875 0.3421875000000001 0.596875 0.409375 0.64375 0.409375
0 0.678125 0.01250000000000008 0.6421875 0.012500000000000077 0.6421875 0.08593750000000008 0.678125 0.08593750000000008
2 0.2953125000000001 0.6484375 0.14062500000000008 0.6484375 0.14062500000000008 0.8921875 0.2953125000000001 0.8921875
2 0.5093750000000001 0.7265625 0.38750000000000007 0.7265625 0.38750000000000007 0.8328125 0.5093750000000001 0.8328125
2 0.2765625000000001 0.9609375 0.19687500000000013 0.9609375 0.19687500000000013 1 0.2765625000000001 1
0 0.4781250000000001 0.7109375 0.4328125 0.7109375 0.4328125000000001 0.7546875 0.4781250000000002 0.7546875
0 0.41875000000000007 0.6984375 0.3750000000000001 0.6984375 0.3750000000000001 0.740625 0.4187500000000002 0.740625
0 0.5812500000000002 0.7734375 0.5343750000000002 0.7734375 0.5343750000000002 0.8171875 0.5812500000000002 0.8171875
2 1 0.5062500000000002 0.915625 0.5062500000000002 0.915625 0.5734375000000002 1 0.5734375000000002
0 1 0.6515625000000002 0.98125 0.6515625000000002 0.98125 0.6859375000000002 1 0.6859375000000002
0 0.915625 0.6500000000000001 0.8796875 0.6500000000000001 0.8796875 0.6828125000000002 0.915625 0.6828125000000002
0 0.884375 0.6875000000000002 0.84375 0.6875000000000002 0.84375 0.7234375000000002 0.884375 0.7234375000000002
0 0.834375 0.6687500000000002 0.796875 0.6687500000000002 0.796875 0.7015625000000002 0.834375 0.7015625000000002
0 0.8140625 0.7187500000000002 0.771875 0.7187500000000002 0.7718750000000001 0.7609375000000002 0.8140625 0.7609375000000002
0 0.7828125000000001 0.8109375 0.7515625000000001 0.8109375 0.7515625000000001 0.859375 0.7828125000000001 0.859375
0 0.8234375 0.95 0.7937500000000002 0.95 0.7937500000000002 1 0.8234375 1
0 0.7562500000000002 0.8828125 0.7281250000000001 0.8828125 0.7281250000000001 0.9359375 0.7562500000000002 0.9359375
0 0.7781250000000002 0.971875 0.7484375000000002 0.971875 0.7484375000000002 1 0.7781250000000002 1
0 0.6656250000000001 0.7484375 0.6265625000000001 0.7484375 0.6265625000000001 0.8015625 0.6656250000000001 0.8015625
0 0.665625 0.6828125 0.628125 0.6828125 0.628125 0.7171875 0.665625 0.7171875
0 0.6703125 0.5671875 0.634375 0.5671875 0.634375 0.6125 0.6703125 0.6125