0 0.54375 0.4171875 0.5234375 0.4171875 0.5234375 0.45625 0.54375 0.45625
0 0.18593750000000003 0.428125 0.15937500000000004 0.428125 0.15937500000000004 0.46875 0.18593750000000003 0.46875
0 0.13125000000000003 0.484375 0.10625000000000004 0.484375 0.10625000000000004 0.5 0.13125000000000003 0.5
0 0.14531250000000004 0.4875 0.13125000000000003 0.4875 0.13125000000000003 0.5 0.14531250000000004 0.5
0 0.6 0.17968750000000008 0.584375 0.17968750000000008 0.584375 0.21875000000000008 0.6 0.21875000000000008
0 0.5734375 0.1828125000000001 0.546875 0.1828125000000001 0.546875 0.2312500000000001 0.5734375 0.2312500000000001
0 0.54375 0.19218750000000004 0.5265625 0.19218750000000004 0.5265625 0.2328125000000001 0.54375 0.2328125000000001
0 0.5171875 0.19531250000000006 0.4953125 0.19531250000000006 0.4953125 0.23593750000000008 0.5171875 0.23593750000000008
0 0.4765625 0.19843750000000004 0.4515625 0.19843750000000004 0.4515625 0.2390625000000001 0.4765625 0.2390625000000001
0 0.03125000000000003 0.21875 0.009375000000000027 0.21875 0.00937500000000003 0.2546875 0.031250000000000035 0.2546875
0 0.05468750000000002 0.2125 0.034375000000000024 0.2125 0.03437500000000003 0.2515625 0.05468750000000002 0.2515625
0 0.08125000000000002 0.20625 0.05625000000000002 0.20625 0.05625000000000002 0.246875 0.08125000000000002 0.246875
0 0.10625000000000004 0.20625 0.08750000000000002 0.20625 0.08750000000000002 0.2421875 0.10625000000000004 0.2421875
0 0.13750000000000004 0.2 0.11406250000000004 0.2 0.11406250000000004 0.2390625 0.13750000000000004 0.2390625
0 0.2015625 0.1921875 0.18125000000000005 0.1921875 0.18125000000000005 0.228125 0.2015625 0.228125
0 0.340625 0.17812500000000003 0.3203125 0.17812500000000003 0.3203125 0.2125 0.340625 0.2125
0 0.359375 0.17656250000000004 0.3390625 0.17656250000000004 0.3390625 0.2125 0.359375 0.2125
0 0.384375 0.16562500000000005 0.3609375 0.16562500000000005 0.3609375 0.20937500000000003 0.384375 0.2093750000000001
0 0.409375 0.16875000000000004 0.3875 0.16875000000000004 0.3875 0.20468750000000008 0.409375 0.20468750000000008
0 0.4265625 0.16250000000000003 0.4109375 0.16250000000000003 0.4109375 0.19843750000000004 0.4265625 0.19843750000000004
0 0.45 0.15937500000000004 0.43125 0.15937500000000004 0.43125 0.19375000000000003 0.45 0.19375000000000003
0 0.4765625 0.15625000000000006 0.4546875 0.15625000000000006 0.4546875 0.19218750000000004 0.4765625 0.19218750000000004
0 0.503125 0.15156250000000004 0.48125 0.15156250000000004 0.48125 0.18750000000000006 0.503125 0.18750000000000006
0 0.5265625 0.14687500000000003 0.5046875 0.14687500000000003 0.5046875 0.18281250000000004 0.5265625 0.18281250000000004
0 0.55 0.14375000000000007 0.5296875 0.14375000000000004 0.5296875 0.17968750000000006 0.55 0.17968750000000008
0 0.571875 0.1375000000000001 0.553125 0.1375000000000001 0.553125 0.1765625000000001 0.571875 0.1765625000000001
0 0.5953125 0.13437500000000008 0.575 0.13437500000000008 0.575 0.17343750000000008 0.5953125 0.17343750000000008
0 0.3281250000000001 0.415625 0.3078125000000001 0.415625 0.3078125000000001 0.4546875 0.3281250000000001 0.4546875
0 0.878125 0.3859375000000001 0.85625 0.3859375000000001 0.85625 0.4906250000000002 0.878125 0.4906250000000002
0 0.896875 0.2734375000000001 0.875 0.2734375000000001 0.875 0.3734375000000001 0.896875 0.3734375000000001
0 0.703125 8.419446744138054e-17 0.671875 8.22809568177128e-17 0.671875 0.026562500000000083 0.703125 0.02656250000000009
0 0.7453125 0.02187500000000009 0.7140625 0.02187500000000009 0.7140625 0.06562500000000009 0.7453125 0.06562500000000009
0 0.79375 0.3125000000000001 0.759375 0.3125000000000001 0.759375 0.35625000000000007 0.79375 0.35625000000000007
0 0.7546875 0.3140625000000001 0.725 0.3140625000000001 0.725 0.3578125000000001 0.7546875 0.3578125000000001
0 0.69375 0.30937500000000007 0.665625 0.30937500000000007 0.665625 0.35625000000000007 0.69375 0.35625000000000007
0 0.6625 0.3156250000000001 0.6328125 0.3156250000000001 0.6328125 0.3625000000000001 0.6625 0.3625000000000001
0 0.6234375 0.32500000000000007 0.6 0.32500000000000007 0.6 0.3687500000000001 0.6234375 0.3687500000000001
3 0.7796875 0.07343750000000009 0.7421875 0.07343750000000009 0.7421875 0.1281250000000001 0.7796875 0.1281250000000001
0 0.41875 0.55 0.3609375000000001 0.55 0.3609375000000001 0.6046875 0.41875 0.6046875
0 0.496875 0.5890625 0.4390625 0.5890625 0.4390625 0.6421875 0.496875 0.6421875
0 0.4953125 0.5296875 0.428125 0.5296875 0.428125 0.590625 0.4953125 0.590625
0 0.4 0.5875 0.3359375000000001 0.5875 0.3359375000000001 0.646875 0.4 0.646875
0 0.2718750000000001 0.8109375 0.21875000000000008 0.8109375 0.21875000000000008 0.871875 0.2718750000000001 0.871875
0 0.2328125000000001 0.859375 0.17343750000000008 0.859375 0.1734375000000001 0.928125 0.2328125000000001 0.928125
0 0.18750000000000014 0.9140625 0.12656250000000013 0.9140625 0.12656250000000013 0.9796875 0.18750000000000014 0.9796875
0 0.14062500000000014 0.9609375 0.08125000000000011 0.9609375 0.08125000000000013 1 0.14062500000000014 1
0 0.9859375 0.7359375000000001 0.959375 0.7359375000000001 0.959375 0.7765625000000002 0.9859375 0.7765625000000002
0 0.9015625 0.7906250000000001 0.8765625 0.7906250000000001 0.8765625 0.83125 0.9015625 0.83125
0 0.9171875 0.7921875000000002 0.903125 0.7921875000000002 0.903125 0.8265625 0.9171875 0.8265625
0 0.8890625 0.8421875 0.86875 0.8421875 0.86875 0.8828125 0.8890625 0.8828125
0 0.8671875 0.8453125 0.846875 0.8453125 0.846875 0.884375 0.8671875 0.884375
0 0.840625 0.8453125 0.821875 0.8453125 0.821875 0.8890625 0.840625 0.8890625
0 0.8140625 0.8484375 0.7890625000000002 0.8484375 0.7890625000000002 0.8921875 0.8140625 0.8921875
0 0.7875000000000002 0.8578125 0.7640625000000002 0.8578125 0.7640625000000002 0.8984375 0.7875000000000002 0.8984375
0 0.7640625000000002 0.8640625 0.7437500000000001 0.8640625 0.7437500000000001 0.9046875 0.7640625000000002 0.9046875
0 0.6343750000000001 0.884375 0.6140625000000002 0.884375 0.6140625000000002 0.925 0.6343750000000001 0.925
0 0.6140625 0.559375 0.6 0.559375 0.6 0.5953125 0.6140625 0.5953125
0 0.6375 0.55 0.6171875 0.55 0.6171875 0.5890625 0.6375 0.5890625
0 0.6640625 0.5421875 0.6390625 0.5421875 0.6390625 0.590625 0.6640625 0.590625
0 0.690625 0.5421875 0.6703125 0.5421875 0.6703125 0.5828125 0.690625 0.5828125
0 0.7203125 0.5375 0.696875 0.5375 0.696875 0.5765625 0.7203125 0.5765625
0 0.784375 0.5234375000000002 0.7625 0.5234375000000002 0.7625 0.5625000000000002 0.784375 0.5625000000000002
0 0.925 0.5109375000000002 0.903125 0.5109375000000002 0.903125 0.5468750000000002 0.925 0.5468750000000002
0 0.9421875 0.5093750000000001 0.9234375 0.5093750000000001 0.9234375 0.5484375000000001 0.9421875 0.5484375000000001
0 0.9671875 0.5000000000000002 0.9421875 0.5000000000000002 0.9421875 0.5437500000000002 0.9671875 0.5437500000000002
0 0.99375 0.5031250000000002 0.9703125 0.5031250000000002 0.9703125 0.5390625000000002 0.99375 0.5390625000000002
0 1 0.5000000000000002 0.99375 0.5000000000000002 0.99375 0.5328125000000001 1 0.5328125000000001