0 0.21875000000000008 0.44375 0.2000000000000001 0.44375 0.2000000000000001 0.48125 0.21875000000000008 0.48125
0 0.4625 0.18906250000000005 0.440625 0.18906250000000005 0.440625 0.23593750000000008 0.4625 0.23593750000000008
0 0.4546875 0.24375000000000008 0.434375 0.24375000000000008 0.434375 0.28593750000000007 0.4546875 0.28593750000000007
0 0.4625 0.3078125000000001 0.4421875 0.3078125000000001 0.4421875 0.3453125000000001 0.4625 0.3453125000000001
0 0.4203125 0.26250000000000007 0.403125 0.26250000000000007 0.403125 0.2984375000000001 0.4203125 0.2984375000000001
0 0.4328125 0.3078125000000001 0.409375 0.3078125000000001 0.409375 0.3531250000000001 0.4328125 0.3531250000000001
0 0.3953125 0.3187500000000001 0.3734375 0.3187500000000001 0.3734375 0.35625000000000007 0.3953125 0.35625000000000007
0 0.3625 0.3234375 0.3453125 0.3234375 0.3453125 0.359375 0.3625 0.359375
0 0.3921875 0.2562500000000001 0.36875 0.2562500000000001 0.36875 0.2984375000000001 0.3921875 0.2984375000000001
0 0.3609375 0.19687500000000005 0.3390625 0.19687500000000005 0.3390625 0.2421875 0.3609375 0.2421875
0 0.3046875 0.2078125 0.284375 0.2078125 0.284375 0.25 0.3046875 0.25
0 0.2703125 0.2109375 0.2453125 0.2109375 0.2453125 0.2578125 0.2703125 0.2578125
0 0.240625 0.2171875 0.225 0.2171875 0.225 0.259375 0.240625 0.259375
0 0.2140625 0.2203125 0.19375000000000003 0.2203125 0.19375000000000003 0.2609375 0.2140625 0.2609375
0 0.17031250000000003 0.2234375 0.14843750000000006 0.2234375 0.14843750000000006 0.2640625 0.17031250000000003 0.2640625
0 0.03906250000000003 0.1984375 0.018750000000000024 0.1984375 0.018750000000000024 0.2296875 0.039062500000000035 0.2296875
0 0.05625000000000002 0.196875 0.04062500000000002 0.196875 0.04062500000000003 0.2328125 0.05625000000000002 0.2328125
0 0.08281250000000002 0.190625 0.06093750000000002 0.190625 0.06093750000000002 0.23125 0.08281250000000002 0.23125
0 0.10625000000000004 0.1859375 0.08593750000000003 0.1859375 0.08593750000000003 0.221875 0.10625000000000004 0.221875
0 0.12500000000000006 0.1828125 0.11250000000000004 0.1828125 0.11250000000000004 0.215625 0.12500000000000006 0.215625
0 0.14843750000000003 0.178125 0.13125 0.178125 0.13125000000000003 0.2109375 0.14843750000000006 0.2109375
0 0.17500000000000002 0.1765625 0.1546875 0.1765625 0.15468750000000003 0.2140625 0.17500000000000004 0.2140625
0 0.203125 0.17343750000000005 0.1828125 0.17343750000000005 0.18281250000000002 0.209375 0.203125 0.209375
0 0.225 0.17031250000000003 0.20625 0.17031250000000003 0.20625 0.2078125 0.225 0.2078125
0 0.2484375 0.17031250000000003 0.23125 0.17031250000000003 0.23125 0.20625 0.2484375 0.20625
0 0.271875 0.16718750000000004 0.2546875 0.16718750000000004 0.2546875 0.203125 0.271875 0.203125
0 0.2953125 0.16406250000000006 0.2765625 0.16406250000000006 0.2765625 0.2 0.2953125 0.2
0 0.315625 0.16093750000000004 0.3 0.16093750000000004 0.3 0.19375000000000003 0.315625 0.19375000000000003
0 0.340625 0.15937500000000004 0.321875 0.15937500000000004 0.321875 0.19218750000000004 0.340625 0.19218750000000004
2 0.428125 0.17343750000000005 0.36875 0.17343750000000005 0.36875 0.24375000000000008 0.428125 0.24375000000000008
2 1 0.06406250000000012 0.9796875 0.0640625000000001 0.9796875 0.3140625000000001 1 0.3140625000000001
2 0.778125 0.2296875000000001 0.678125 0.2296875000000001 0.678125 0.2875000000000001 0.778125 0.2875000000000001
3 0.8375 0.2296875000000001 0.7796875 0.2296875000000001 0.7796875 0.2671875000000001 0.8375 0.2671875000000001
3 0.5734375 0.16250000000000006 0.51875 0.16250000000000003 0.51875 0.2015625000000001 0.5734375 0.2015625000000001
0 0.8265625 0.2812500000000001 0.7875 0.2812500000000001 0.7875 0.3140625000000001 0.8265625 0.3140625000000001
0 0.81875 0.3296875000000001 0.7828125 0.3296875000000001 0.7828125 0.3593750000000001 0.81875 0.3593750000000001
0 0.7703125 0.3359375000000001 0.73125 0.3359375000000001 0.73125 0.3671875000000001 0.7703125 0.3671875000000001
0 0.7640625 0.2906250000000001 0.7265625 0.2906250000000001 0.7265625 0.3218750000000001 0.7640625 0.3218750000000001
0 0.6953125 0.30937500000000007 0.6625 0.30937500000000007 0.6625 0.34062500000000007 0.6953125 0.34062500000000007
0 0.671875 0.2671875000000001 0.6328125 0.2671875000000001 0.6328125 0.3031250000000001 0.671875 0.3031250000000001
0 0.625 0.2765625000000001 0.5890625 0.2765625000000001 0.5890625 0.3062500000000001 0.625 0.3062500000000001
0 0.5859375 0.3312500000000001 0.5453125 0.3312500000000001 0.5453125 0.3671875000000001 0.5859375 0.3671875000000001
0 0.2796875000000001 0.846875 0.25468750000000007 0.846875 0.25468750000000007 0.9 0.2796875000000001 0.9
0 0.1796875000000001 0.8921875 0.15625000000000008 0.8921875 0.1562500000000001 0.94375 0.17968750000000014 0.94375
0 0.3906250000000001 0.60625 0.3671875000000001 0.60625 0.3671875000000001 0.653125 0.3906250000000001 0.653125
0 0.1968750000000001 0.9 0.1828125000000001 0.9 0.1828125000000001 0.9421875 0.19687500000000013 0.9421875
0 0.3812500000000001 0.6703125 0.3625000000000001 0.6703125 0.3625000000000001 0.7125 0.3812500000000001 0.7125
0 0.38750000000000007 0.71875 0.3671875000000001 0.71875 0.3671875000000001 0.771875 0.38750000000000007 0.771875
0 0.3468750000000001 0.6828125 0.3312500000000001 0.6828125 0.3312500000000001 0.728125 0.3468750000000001 0.728125
0 0.3593750000000001 0.7234375 0.3343750000000001 0.7234375 0.3343750000000001 0.78125 0.3593750000000001 0.78125
0 0.3234375000000001 0.74375 0.30156250000000007 0.74375 0.30156250000000007 0.790625 0.3234375000000001 0.790625
0 0.2906250000000001 0.7515625 0.2734375000000001 0.7515625 0.2734375000000001 0.796875 0.2906250000000001 0.796875
0 0.3203125000000001 0.684375 0.2953125000000001 0.684375 0.2953125000000001 0.73125 0.3203125000000001 0.73125
0 0.2906250000000001 0.621875 0.2671875000000001 0.621875 0.2671875000000001 0.678125 0.2906250000000001 0.678125
0 0.23437500000000008 0.646875 0.21250000000000008 0.646875 0.21250000000000008 0.69375 0.23437500000000008 0.69375
0 0.19687500000000008 0.6484375 0.17343750000000008 0.6484375 0.17343750000000008 0.7 0.19687500000000008 0.7
0 0.1687500000000001 0.6609375 0.1531250000000001 0.6609375 0.1531250000000001 0.7015625 0.1687500000000001 0.7015625
0 0.14218750000000008 0.6640625 0.12031250000000009 0.6640625 0.12031250000000009 0.70625 0.14218750000000008 0.70625
0 0.10000000000000009 0.66875 0.07656250000000009 0.66875 0.07656250000000009 0.71875 0.10000000000000009 0.71875
0 0.01093750000000008 0.6296875 7.711447813380989e-17 0.6296875 8.036744619404506e-17 0.6828125 0.010937500000000083 0.6828125
0 0.03593750000000008 0.6390625 0.015625000000000076 0.6390625 0.01562500000000008 0.6796875 0.03593750000000008 0.6796875
0 0.054687500000000076 0.63125 0.04062500000000008 0.63125 0.04062500000000008 0.6765625 0.05468750000000009 0.6765625
0 0.07656250000000007 0.6296875 0.05937500000000007 0.6296875 0.05937500000000008 0.6671875 0.07656250000000009 0.6671875
0 0.10312500000000009 0.61875 0.08125000000000007 0.61875 0.08125000000000007 0.665625 0.10312500000000009 0.665625
0 0.1296875000000001 0.615625 0.10937500000000008 0.615625 0.10937500000000008 0.6578125 0.1296875000000001 0.6578125
0 0.1531250000000001 0.6125 0.13437500000000008 0.6125 0.13437500000000008 0.6546875 0.1531250000000001 0.6546875
0 0.1765625000000001 0.6046875 0.15781250000000008 0.6046875 0.15781250000000008 0.6515625 0.1765625000000001 0.6515625
0 0.2000000000000001 0.6 0.1828125000000001 0.6 0.1828125000000001 0.646875 0.2000000000000001 0.646875
0 0.2234375000000001 0.6 0.20468750000000008 0.6 0.20468750000000008 0.640625 0.2234375000000001 0.640625
0 0.2453125000000001 0.5921875 0.22812500000000008 0.5921875 0.22812500000000008 0.6390625 0.2453125000000001 0.6390625
0 0.2671875000000001 0.5890625 0.2500000000000001 0.5890625 0.2500000000000001 0.63125 0.2671875000000001 0.63125
0 0.3578125000000001 0.84375 0.3390625000000001 0.84375 0.3390625000000001 0.890625 0.3578125000000001 0.890625
2 0.35625000000000007 0.5796875 0.2968750000000001 0.5796875 0.2968750000000001 0.671875 0.35625000000000007 0.671875
0 0.8828125 0.7093750000000002 0.859375 0.7093750000000002 0.859375 0.81875 0.8828125 0.81875
0 0.99375 0.5796875000000001 0.9765625 0.5796875000000001 0.9765625 0.6187500000000001 0.99375 0.6187500000000001
0 0.7031250000000002 0.7921875 0.6703125000000002 0.7921875 0.6703125000000002 0.834375 0.7031250000000002 0.834375
0 0.6796875000000002 0.7359375 0.6484375000000002 0.7359375 0.6484375000000002 0.78125 0.6796875000000002 0.78125
0 0.7140625000000002 0.7296875 0.6859375000000002 0.7296875 0.6859375000000002 0.775 0.7140625000000002 0.775
0 0.753125 0.7187500000000001 0.721875 0.71875 0.721875 0.7671875000000001 0.7531250000000002 0.7671875000000001
0 0.6250000000000002 0.8640625 0.5953125000000001 0.8640625 0.5953125000000001 0.9046875 0.6250000000000002 0.9046875
0 0.5546875000000002 0.7671875 0.5250000000000001 0.7671875 0.5250000000000001 0.809375 0.5546875000000002 0.809375
3 0.6343750000000001 0.9203125 0.5984375000000002 0.9203125 0.5984375000000002 0.98125 0.6343750000000001 0.98125