0 0.2328125000000001 0.36875 0.21093750000000008 0.36875 0.21093750000000008 0.4125 0.2328125000000001 0.4125
0 0.006250000000000025 0.1796875 2.2005372172179003e-17 0.1796875 2.4205909389396902e-17 0.215625 0.006250000000000028 0.215625
0 0.03593750000000003 0.24375 0.012500000000000028 0.24375 0.01250000000000003 0.278125 0.03593750000000003 0.278125
0 0.06718750000000004 0.2453125 0.046875000000000035 0.2453125 0.046875000000000035 0.284375 0.06718750000000004 0.284375
0 0.04687500000000002 0.1765625 0.018750000000000024 0.1765625 0.018750000000000024 0.2203125 0.04687500000000002 0.2203125
0 0.08125000000000002 0.1203125 0.05625000000000002 0.1203125 0.05625000000000002 0.1640625 0.08125000000000002 0.1640625
0 0.1359375 0.1359375 0.1109375 0.1359375 0.1109375 0.175 0.1359375 0.175
0 0.17500000000000002 0.1390625 0.1484375 0.1390625 0.14843750000000003 0.1859375 0.17500000000000004 0.1859375
0 0.19375000000000003 0.14687500000000003 0.175 0.146875 0.17500000000000002 0.19062500000000002 0.19375000000000003 0.19062500000000004
0 0.2265625 0.15000000000000005 0.203125 0.15000000000000005 0.203125 0.18906250000000005 0.2265625 0.18906250000000005
0 0.2703125 0.15468750000000003 0.24375 0.15468750000000003 0.24375 0.19687500000000005 0.2703125 0.19687500000000005
0 0.43125 0.471875 0.409375 0.471875 0.409375 0.5125 0.43125 0.5125
0 0.4515625 0.4765625 0.4296875 0.4765625 0.4296875 0.515625 0.4515625 0.515625
0 0.475 0.4796875 0.45625 0.4796875 0.45625 0.5234375 0.475 0.5234375
0 0.4890625 0.4828125 0.4828125 0.4828125 0.4828125 0.5203125 0.4890625 0.5203125
0 0.4015625 0.12968750000000004 0.3796875 0.12968750000000004 0.3796875 0.16718750000000004 0.4015625 0.16718750000000004
0 0.38125 0.12968750000000004 0.3609375 0.12968750000000004 0.3609375 0.16562500000000005 0.38125 0.16562500000000005
0 0.3625 0.12187500000000004 0.3375 0.12187500000000004 0.3375 0.16406250000000006 0.3625 0.16406250000000006
0 0.334375 0.12187500000000004 0.3125 0.12187500000000004 0.3125 0.15781250000000005 0.334375 0.15781250000000005
0 0.3109375 0.11875000000000005 0.2953125 0.11875000000000005 0.2953125 0.15312500000000004 0.3109375 0.15312500000000004
0 0.290625 0.11406250000000004 0.271875 0.11406250000000004 0.271875 0.14843750000000006 0.290625 0.14843750000000006
0 0.26875 0.11093750000000005 0.2453125 0.11093750000000005 0.2453125 0.15000000000000005 0.26875 0.15000000000000005
0 0.2390625 0.10781250000000005 0.2171875 0.10781250000000005 0.2171875 0.14062500000000006 0.2390625 0.14062500000000006
0 0.215625 0.10156250000000004 0.1953125 0.10156250000000004 0.1953125 0.13593750000000004 0.215625 0.13593750000000004
0 0.1921875 0.10312500000000002 0.171875 0.103125 0.171875 0.13437500000000002 0.1921875 0.13437500000000005
0 0.16875 0.09687500000000002 0.15 0.09687500000000002 0.15 0.13125 0.16875 0.13125
0 0.146875 0.09062500000000002 0.1265625 0.09062500000000002 0.1265625 0.1265625 0.146875 0.1265625
0 0.1234375 0.08593750000000003 0.1046875 0.08593750000000003 0.1046875 0.1203125 0.1234375 0.1203125
0 0.103125 0.08281250000000001 0.0828125 0.0828125 0.08281250000000001 0.1171875 0.103125 0.1171875
2 0.05312500000000002 0.0921875 1.1289712679639661e-17 0.0921875 1.5882138176442238e-17 0.1671875 0.05312500000000002 0.1671875
0 0.6734375 0.4640625 0.6375 0.4640625 0.6375 0.5171875 0.6734375 0.5171875
0 0.790625 0.2453125000000001 0.753125 0.2453125000000001 0.753125 0.3031250000000001 0.790625 0.3031250000000001
0 0.7484375 0.22812500000000008 0.71875 0.22812500000000008 0.71875 0.2750000000000001 0.7484375 0.2750000000000001
0 0.7109375 0.2171875000000001 0.68125 0.2171875000000001 0.68125 0.2609375000000001 0.7109375 0.2609375000000001
0 0.678125 0.2093750000000001 0.65 0.2093750000000001 0.65 0.2562500000000001 0.678125 0.2562500000000001
0 0.65 0.20468750000000008 0.6171875 0.20468750000000008 0.6171875 0.2500000000000001 0.65 0.2500000000000001
0 0.60625 0.1906250000000001 0.571875 0.1906250000000001 0.571875 0.23593750000000008 0.60625 0.23593750000000008
0 0.9484375 0.13437500000000013 0.928125 0.13437500000000013 0.928125 0.2250000000000001 0.9484375 0.2250000000000001
0 0.959375 0.042187500000000114 0.940625 0.042187500000000114 0.940625 0.12187500000000014 0.959375 0.12187500000000014
0 0.8984375 0.08281250000000011 0.878125 0.08281250000000011 0.878125 0.17343750000000008 0.8984375 0.17343750000000008
0 0.75 0.3515625000000001 0.7140625 0.3515625000000001 0.7140625 0.4046875000000001 0.75 0.4046875000000002
0 0.85 0.41406250000000017 0.81875 0.41406250000000017 0.81875 0.4671875000000002 0.85 0.4671875000000002
0 0.953125 0.4703125000000002 0.9140625 0.4703125000000002 0.9140625 0.5359375000000002 0.953125 0.5359375000000002
0 0.896875 0.6140625000000002 0.8625 0.6140625000000002 0.8625 0.6796875000000002 0.896875 0.6796875000000002
0 0.5296875 0.5515625 0.5015625 0.5515625 0.5015625 0.5984375 0.5296875 0.5984375
0 0.571875 0.565625 0.5375 0.565625 0.5375 0.6109375 0.571875 0.6109375
0 0.603125 0.5734375 0.5734375 0.5734375 0.5734375 0.6234375 0.603125 0.6234375
0 0.6453125 0.5859375 0.615625 0.5859375 0.615625 0.6296875 0.6453125 0.6296875
0 0.66875 0.59375 0.6484375 0.59375 0.6484375 0.634375 0.66875 0.634375
0 0.703125 0.6 0.66875 0.6 0.66875 0.6484375 0.703125 0.6484375
0 0.7421875 0.6140625000000001 0.709375 0.6140625 0.709375 0.6625000000000001 0.7421875 0.6625000000000002
0 0.8078125 0.6359375000000002 0.78125 0.6359375000000002 0.78125 0.6796875000000002 0.8078125 0.6796875000000002
0 0.2812500000000001 0.9578125 0.2656250000000001 0.9578125 0.2656250000000001 0.996875 0.2812500000000001 0.996875
0 0.3078125000000001 0.903125 0.29375000000000007 0.903125 0.29375000000000007 0.934375 0.3078125000000001 0.934375
3 0.22031250000000008 0.9703125 0.2015625000000001 0.9703125 0.2015625000000001 1 0.22031250000000008 1
3 0.2468750000000001 0.8390625 0.22656250000000008 0.8390625 0.22656250000000008 0.8921875 0.2468750000000001 0.8921875
3 0.31718750000000007 0.6796875 0.3031250000000001 0.6796875 0.3031250000000001 0.6953125 0.31718750000000007 0.6953125
0 0.31718750000000007 0.7921875 0.3062500000000001 0.7921875 0.3062500000000001 0.8171875 0.31718750000000007 0.8171875
0 0.32500000000000007 0.7125 0.3140625000000001 0.7125 0.3140625000000001 0.7359375 0.32500000000000007 0.7359375
0 0.946875 0.971875 0.9125 0.971875 0.9125 1 0.946875 1
0 0.6984375000000002 0.8078125 0.6593750000000002 0.8078125 0.6593750000000002 0.8765625 0.6984375000000002 0.8765625