0 0.09531250000000002 0.20625 0.06718750000000002 0.20625 0.06718750000000002 0.259375 0.09531250000000002 0.259375
0 0.2125 2.4301584920580285e-17 0.184375 2.2579425359279323e-17 0.184375 0.02812500000000002 0.2125 0.02812500000000002
0 0.006250000000000033 0.2484375 3.042481891631706e-17 0.2484375 3.310373378945189e-17 0.2921875 0.006250000000000036 0.2921875
0 0.196875 0.035937500000000025 0.1734375 0.035937500000000025 0.1734375 0.08437500000000002 0.196875 0.08437500000000002
0 0.1953125 0.08906250000000002 0.1703125 0.08906250000000002 0.1703125 0.14218750000000002 0.1953125 0.14218750000000005
0 0.159375 0.050000000000000024 0.1390625 0.050000000000000024 0.1390625 0.09375000000000003 0.159375 0.09375000000000003
0 0.165625 0.09375000000000003 0.1375 0.09375000000000003 0.1375 0.1484375 0.165625 0.1484375
0 0.2453125000000001 0.465625 0.22812500000000008 0.465625 0.22812500000000008 0.4796875 0.2453125000000001 0.4796875
0 0.1296875 0.103125 0.103125 0.103125 0.103125 0.1546875 0.1296875 0.1546875
0 0.09687500000000002 0.1125 0.07500000000000002 0.1125 0.07500000000000002 0.15625 0.09687500000000002 0.15625
0 0.134375 0.046875000000000014 0.10625 0.046875000000000014 0.10625 0.09531250000000002 0.134375 0.09531250000000002
0 0.1109375 1.1863765866739984e-17 0.0828125 1.0141606305439019e-17 0.0828125 0.039062500000000014 0.1109375 0.039062500000000014
0 0.053125 0.0015625000000000049 0.028125 0.0015625000000000036 0.028125000000000004 0.04843750000000001 0.053125 0.04843750000000001
0 0.015625000000000003 9.567553118338699e-19 0 0 3.061616997868383e-18 0.05 0.015625000000000007 0.05
0 0.17187500000000006 0.2046875 0.14843750000000006 0.2046875 0.14843750000000006 0.2578125 0.17187500000000006 0.2578125
2 0.18125 1.8082675393660138e-17 0.1140625 1.3968627552774498e-17 0.1140625 0.04218750000000002 0.18125 0.042187500000000024
0 1 0.3296875000000001 0.95625 0.3296875000000001 0.95625 0.39531250000000007 1 0.39531250000000007
2 1 0.3828125000000001 0.95 0.3828125000000001 0.95 0.47968750000000016 1 0.47968750000000016
0 0.9625 0.3593750000000001 0.9171875 0.3593750000000001 0.9171875 0.40937500000000016 0.9625 0.40937500000000016
0 0.91875 0.3296875000000001 0.865625 0.3296875000000001 0.865625 0.37968750000000007 0.91875 0.37968750000000007
0 0.953125 0.2968750000000001 0.90625 0.2968750000000001 0.90625 0.3500000000000001 0.953125 0.3500000000000001
0 0.8953125 0.2609375000000001 0.84375 0.2609375000000001 0.84375 0.3125000000000001 0.8953125 0.3125000000000001
0 0.6578125 0.3734375000000001 0.621875 0.3734375000000001 0.621875 0.446875 0.6578125 0.446875
0 0.58125 0.3234375000000001 0.546875 0.3234375000000001 0.546875 0.4 0.58125 0.4
0 0.4109375 0.09531250000000005 0.3609375 0.09531250000000005 0.3609375 0.13906250000000003 0.4109375 0.13906250000000003
0 0.4 0.14375000000000004 0.3546875 0.14375000000000004 0.3546875 0.18437500000000004 0.4 0.18437500000000004
0 0.85 0.3593750000000001 0.8046875 0.3593750000000001 0.8046875 0.4031250000000002 0.85 0.4031250000000002
0 0.14531250000000012 0.9765625 0.11718750000000014 0.9765625 0.11718750000000014 1 0.14531250000000012 1
0 0.3296875000000001 0.7875 0.3046875000000001 0.7875 0.3046875000000001 0.834375 0.3296875000000001 0.834375
0 0.29375000000000007 0.784375 0.2656250000000001 0.784375 0.2656250000000001 0.8359375 0.29375000000000007 0.8359375
0 0.2640625000000001 0.7984375 0.2453125000000001 0.7984375 0.2453125000000001 0.834375 0.2640625000000001 0.834375
0 0.2375000000000001 0.7921875 0.21250000000000008 0.7921875 0.21250000000000008 0.834375 0.2375000000000001 0.834375
0 0.19531250000000008 0.7921875 0.1687500000000001 0.7921875 0.1687500000000001 0.8359375 0.19531250000000008 0.8359375
0 0.06562500000000009 0.75 0.04375000000000009 0.75 0.043750000000000094 0.7890625 0.06562500000000009 0.7890625
0 0.08437500000000009 0.75 0.06406250000000009 0.75 0.06406250000000009 0.790625 0.08437500000000009 0.790625
0 0.11093750000000009 0.7421875 0.08437500000000009 0.7421875 0.08437500000000009 0.790625 0.11093750000000009 0.790625
0 0.13437500000000008 0.753125 0.11093750000000009 0.753125 0.11093750000000009 0.790625 0.13437500000000008 0.790625
0 0.1531250000000001 0.7484375 0.1359375000000001 0.7484375 0.1359375000000001 0.7890625 0.1531250000000001 0.7890625
0 0.1765625000000001 0.7484375 0.15625000000000008 0.7484375 0.15625000000000008 0.7875 0.1765625000000001 0.7875
0 0.20312500000000008 0.74375 0.17968750000000008 0.74375 0.17968750000000008 0.7875 0.20312500000000008 0.7875
0 0.2296875000000001 0.74375 0.2078125000000001 0.74375 0.2078125000000001 0.7828125 0.2296875000000001 0.7828125
0 0.2562500000000001 0.74375 0.2328125000000001 0.74375 0.2328125000000001 0.7859375 0.2562500000000001 0.7859375
0 0.27812500000000007 0.7421875 0.2562500000000001 0.7421875 0.2562500000000001 0.784375 0.27812500000000007 0.784375
0 0.30156250000000007 0.7421875 0.2812500000000001 0.7421875 0.2812500000000001 0.7828125 0.30156250000000007 0.7828125
0 0.32500000000000007 0.7390625 0.3031250000000001 0.7390625 0.3031250000000001 0.78125 0.32500000000000007 0.78125
0 0.34843750000000007 0.7359375 0.3281250000000001 0.7359375 0.3281250000000001 0.7796875 0.34843750000000007 0.7796875
0 0.934375 0.6125000000000002 0.89375 0.6125000000000002 0.89375 0.6500000000000001 0.934375 0.6500000000000001
0 0.8921875 0.5203125000000002 0.8484375 0.5203125000000002 0.8484375 0.5593750000000002 0.8921875 0.5593750000000002
0 0.8046875 0.7906250000000001 0.7562500000000002 0.7906250000000001 0.7562500000000002 0.8265625 0.8046875 0.8265625
0 0.534375 0.584375 0.4921875 0.584375 0.4921875 0.621875 0.534375 0.621875
0 0.4546875 0.646875 0.4109375 0.646875 0.4109375 0.696875 0.4546875 0.696875
0 0.5250000000000001 0.8640625 0.49218750000000017 0.8640625 0.49218750000000017 0.9421875 0.5250000000000001 0.9421875