0 0.3828125 0.21093750000000006 0.353125 0.2109375 0.353125 0.259375 0.3828125 0.2593750000000001
0 0.02343750000000002 0.1328125 1.6264840301175783e-17 0.1328125 1.8848079643127232e-17 0.175 0.02343750000000002 0.175
0 0.05312500000000002 0.134375 0.025000000000000012 0.134375 0.025000000000000015 0.18125 0.05312500000000002 0.18125
0 0.11875000000000002 0.1375 0.09218750000000002 0.1375 0.09218750000000002 0.1828125 0.11875000000000005 0.1828125
0 0.259375 0.15937500000000004 0.2328125 0.15937500000000004 0.2328125 0.2046875 0.259375 0.2046875
0 0.2765625 0.16406250000000006 0.253125 0.16406250000000006 0.253125 0.2078125 0.2765625 0.2078125
0 0.303125 0.15625000000000006 0.2734375 0.15625000000000006 0.2734375 0.2078125 0.303125 0.2078125
0 0.328125 0.16875000000000004 0.3 0.16875000000000004 0.3 0.2140625 0.328125 0.2140625
0 0.3453125 0.16562500000000005 0.325 0.16562500000000005 0.325 0.209375 0.3453125 0.209375
0 0.36875 0.16718750000000004 0.3453125 0.16718750000000004 0.3453125 0.20781250000000004 0.36875 0.2078125000000001
0 0.3953125 0.16562500000000005 0.3671875 0.16562500000000005 0.3671875 0.21250000000000008 0.3953125 0.21250000000000008
0 0.765625 0.3390625000000001 0.7234375 0.3390625000000001 0.7234375 0.3687500000000001 0.765625 0.3687500000000001
0 0.8375 0.12500000000000008 0.8 0.12500000000000008 0.8 0.17187500000000008 0.8375 0.17187500000000008
0 0.8 0.0671875000000001 0.7625 0.0671875000000001 0.7625 0.11718750000000008 0.8 0.11718750000000008
0 0.8359375 0.0671875000000001 0.8015625 0.0671875000000001 0.8015625 0.11718750000000008 0.8359375 0.11718750000000008
0 0.875 0.06562500000000011 0.8375 0.06562500000000011 0.8375 0.11875000000000009 0.875 0.11875000000000009
0 0.48125 0.07812500000000006 0.4390625 0.07812500000000004 0.4390625 0.13437500000000005 0.48125 0.13437500000000005
0 0.521875 0.06718750000000007 0.4875 0.06718750000000007 0.4875 0.11718750000000004 0.521875 0.11718750000000004
0 0.665625 0.12500000000000008 0.628125 0.12500000000000008 0.628125 0.1781250000000001 0.665625 0.1781250000000001
0 0.765625 0.1765625000000001 0.728125 0.1765625000000001 0.728125 0.22656250000000008 0.765625 0.22656250000000008
0 0.5609375 0.06875000000000006 0.5265625 0.06875000000000006 0.5265625 0.11562500000000006 0.5609375 0.11562500000000009
0 0.5921875 0.07031250000000007 0.559375 0.07031250000000007 0.559375 0.12031250000000009 0.5921875 0.12031250000000009
0 0.625 0.07500000000000007 0.5890625 0.07500000000000007 0.5890625 0.1218750000000001 0.625 0.1218750000000001
0 0.6734375 0.07187500000000009 0.6375 0.07187500000000009 0.6375 0.11875000000000009 0.6734375 0.11875000000000009
3 0.775 0.23437500000000008 0.73125 0.23437500000000008 0.73125 0.2984375000000001 0.775 0.2984375000000001
1 0.3187500000000001 0.7078125 0.27031250000000007 0.7078125 0.27031250000000007 0.7546875 0.3187500000000001 0.7546875
3 0.3109375000000001 0.55625 0.2687500000000001 0.55625 0.2687500000000001 0.5984375 0.3109375000000001 0.5984375
0 0.4000000000000002 0.8 0.37968750000000007 0.8 0.37968750000000007 0.8484375 0.4000000000000002 0.8484375
0 0.3546875000000001 0.896875 0.32500000000000007 0.896875 0.32500000000000007 0.95625 0.3546875000000001 0.95625
0 0.3046875000000001 0.9375 0.27812500000000007 0.9375 0.27812500000000007 0.99375 0.3046875000000001 0.99375
0 0.2296875000000001 0.675 0.1937500000000001 0.675 0.1937500000000001 0.7078125 0.2296875000000001 0.7078125
2 0.1984375000000001 0.5703125 0.09218750000000006 0.5703125 0.09218750000000006 0.6296875 0.1984375000000001 0.6296875
0 0.453125 0.546875 0.409375 0.546875 0.409375 0.6125 0.453125 0.6125