0 0.6953125 0.2765625000000001 0.6609375 0.2765625000000001 0.6609375 0.3296875000000001 0.6953125 0.3296875000000001
0 0.596875 0.2609375000000001 0.5609375 0.2609375000000001 0.5609375 0.3218750000000001 0.596875 0.3218750000000001
0 0.534375 0.27031250000000007 0.503125 0.27031250000000007 0.503125 0.3187500000000001 0.534375 0.3187500000000001
0 0.5 0.2593750000000001 0.4640625 0.2593750000000001 0.4640625 0.31718750000000007 0.5 0.31718750000000007
0 0.4703125 0.2671875000000001 0.4453125 0.2671875000000001 0.4453125 0.30937500000000007 0.4703125 0.30937500000000007
0 0.4421875 0.2609375000000001 0.4125 0.2609375000000001 0.4125 0.3046875000000001 0.4421875 0.3046875000000001
0 0.4015625 0.2515625000000001 0.3671875 0.2515625000000001 0.3671875 0.3031250000000001 0.4015625 0.3031250000000001
0 0.02187500000000002 0.1375 1.6838893488276106e-17 0.1375 2.0187537079694652e-17 0.1921875 0.021875000000000023 0.1921875
0 0.04687500000000002 0.15 0.020312500000000018 0.15 0.020312500000000018 0.1921875 0.04687500000000002 0.1921875
0 0.07812500000000003 0.153125 0.04687500000000002 0.153125 0.04687500000000002 0.1984375 0.07812500000000003 0.1984375
0 0.14218750000000002 0.159375 0.1140625 0.159375 0.11406250000000002 0.2078125 0.14218750000000005 0.2078125
0 0.2796875 0.19375000000000003 0.2515625 0.19375000000000003 0.2515625 0.2375 0.2796875 0.2375
0 0.2984375 0.19531250000000006 0.271875 0.19531250000000006 0.271875 0.240625 0.2984375 0.240625
0 0.325 0.19062500000000004 0.290625 0.19062500000000004 0.290625 0.2453125 0.325 0.2453125
0 0.346875 0.20625 0.3171875 0.20625 0.3171875 0.2484375 0.346875 0.2484375
0 0.365625 0.20468750000000005 0.3421875 0.2046875 0.3421875 0.24687500000000004 0.365625 0.2468750000000001
0 0.3890625 0.20625000000000004 0.3625 0.20625 0.3625 0.24843750000000003 0.3890625 0.2484375000000001
0 0.4171875 0.20468750000000008 0.384375 0.20468750000000008 0.384375 0.2578125000000001 0.4171875 0.2578125000000001
0 0.44375 0.21250000000000008 0.415625 0.21250000000000008 0.415625 0.2562500000000001 0.44375 0.2562500000000001
0 0.46875 0.2156250000000001 0.4390625 0.2156250000000001 0.4390625 0.2609375000000001 0.46875 0.2609375000000001
0 0.490625 0.2156250000000001 0.4625 0.2156250000000001 0.4625 0.26250000000000007 0.490625 0.26250000000000007
0 0.5140625 0.21875000000000008 0.4875 0.21875000000000008 0.4875 0.2656250000000001 0.5140625 0.2656250000000001
0 0.5375 0.22031250000000008 0.509375 0.22031250000000008 0.509375 0.2656250000000001 0.5375 0.2656250000000001
0 0.5609375 0.2218750000000001 0.534375 0.2218750000000001 0.534375 0.2687500000000001 0.5609375 0.2687500000000001
0 0.5828125 0.22656250000000008 0.55625 0.22656250000000008 0.55625 0.2687500000000001 0.5828125 0.2687500000000001
2 0.66875 0.22812500000000008 0.5890625 0.22812500000000008 0.5890625 0.3296875000000001 0.66875 0.3296875000000001
0 0.8921875 0.2328125000000001 0.8578125 0.2328125000000001 0.8578125 0.3046875000000001 0.8921875 0.3046875000000001
0 0.85625 0.2484375000000001 0.821875 0.2484375000000001 0.821875 0.3187500000000001 0.85625 0.3187500000000001
2 0.3765625000000001 0.6078125 0.2734375000000001 0.6078125 0.2734375000000001 0.671875 0.3765625000000001 0.671875
2 0.2578125000000001 0.5796875 0.08750000000000006 0.5796875 0.08750000000000008 0.6671875 0.2578125000000001 0.6671875
0 0.7093750000000001 0.7015625 0.68125 0.7015625 0.6812500000000001 0.7328125 0.7093750000000002 0.7328125
0 0.640625 0.68125 0.6046875 0.68125 0.6046875 0.7125 0.640625 0.7125
0 0.509375 0.6171875 0.4734375 0.6171875 0.4734375 0.65 0.509375 0.65
0 0.6953125000000002 0.8390625 0.6562500000000002 0.8390625 0.6562500000000002 0.86875 0.6953125000000002 0.86875
0 0.5640625000000001 0.83125 0.5250000000000001 0.83125 0.5250000000000001 0.8640625 0.5640625000000001 0.8640625
3 0.6109375000000001 0.8078125 0.5687500000000002 0.8078125 0.5687500000000002 0.8453125 0.6109375000000001 0.8453125
0 0.46875000000000017 0.7703125 0.4343750000000002 0.7703125 0.4343750000000002 0.803125 0.46875000000000017 0.803125
0 0.4671875000000002 0.803125 0.4281250000000002 0.803125 0.4281250000000002 0.834375 0.4671875000000002 0.834375
0 0.3812500000000001 0.740625 0.3437500000000001 0.740625 0.3437500000000001 0.7734375 0.3812500000000001 0.7734375
0 0.3062500000000001 0.8984375 0.2750000000000001 0.8984375 0.2750000000000001 0.9515625 0.3062500000000001 0.9515625
0 0.2593750000000001 0.8265625 0.2328125000000001 0.8265625 0.2328125000000001 0.8734375 0.2593750000000001 0.8734375
0 0.2765625000000001 0.7125 0.2390625000000001 0.7125 0.2390625000000001 0.74375 0.2765625000000001 0.74375
0 0.18750000000000008 0.678125 0.1531250000000001 0.678125 0.1531250000000001 0.7109375 0.18750000000000008 0.7109375
0 0.10312500000000009 0.6875 0.06875000000000009 0.6875 0.06875000000000009 0.7203125 0.10312500000000009 0.7203125
0 0.2843750000000001 0.5546875 0.2468750000000001 0.5546875 0.2468750000000001 0.5875 0.2843750000000001 0.5875
0 0.2015625000000001 0.5046875 0.16718750000000004 0.5046875 0.16718750000000004 0.5359375 0.2015625000000001 0.5359375
0 0.16250000000000003 0.4703125 0.12968750000000004 0.4703125 0.12968750000000004 0.4984375 0.16250000000000003 0.4984375
0 0.16250000000000003 0.4921875 0.12656250000000005 0.4921875 0.12656250000000005 0.525 0.16250000000000003 0.525
0 0.8546875 0.6953125000000002 0.803125 0.6953125000000002 0.803125 0.7421875000000002 0.8546875 0.7421875000000002
3 0.878125 0.3984375000000001 0.8109375 0.3984375000000001 0.8109375 0.4578125000000002 0.878125 0.4578125000000002
3 0.790625 0.3968750000000001 0.7203125 0.3968750000000001 0.7203125 0.4625000000000001 0.790625 0.4625000000000002