0 0.4953125 0.440625 0.48125 0.440625 0.48125 0.5 0.4953125 0.5
0 0.4890625 0.3062500000000001 0.4625 0.3062500000000001 0.4625 0.3578125000000001 0.4890625 0.3578125000000001
0 0.39375000000000004 0.3531250000000001 0.36875 0.3531250000000001 0.36875 0.4046875 0.3937500000000001 0.4046875
0 0.6359375 0.05781250000000008 0.6109375 0.057812500000000065 0.6109375 0.1062500000000001 0.6359375 0.1062500000000001
0 0.409375 0.3578125000000001 0.39375 0.3578125000000001 0.39375000000000004 0.4015625 0.409375 0.4015625
0 0.63125 0.11562500000000009 0.609375 0.11562500000000009 0.609375 0.16406250000000008 0.63125 0.16406250000000008
0 0.6390625 0.1703125000000001 0.615625 0.1703125000000001 0.615625 0.2218750000000001 0.6390625 0.2218750000000001
0 0.5984375 0.1359375000000001 0.578125 0.1359375000000001 0.578125 0.17968750000000008 0.5984375 0.17968750000000008
0 0.6109375 0.1750000000000001 0.584375 0.1750000000000001 0.584375 0.23437500000000008 0.6109375 0.23437500000000008
0 0.5765625 0.1937500000000001 0.5515625 0.1937500000000001 0.5515625 0.24218750000000008 0.5765625 0.24218750000000008
0 0.5453125 0.20468750000000008 0.525 0.20468750000000008 0.525 0.2484375000000001 0.5453125 0.2484375000000001
0 0.5703125 0.13750000000000007 0.54375 0.13750000000000004 0.54375 0.18281250000000007 0.5703125 0.1828125000000001
0 0.5375 0.07500000000000007 0.5125 0.07500000000000007 0.5125 0.13125000000000003 0.5375 0.13125000000000003
0 0.48125 0.10468750000000004 0.4578125 0.10468750000000004 0.4578125 0.15000000000000005 0.48125 0.15000000000000005
0 0.4453125 0.10468750000000004 0.41875 0.10468750000000004 0.41875 0.15937500000000004 0.4453125 0.15937500000000004
0 0.41875 0.11875000000000005 0.4 0.11875000000000005 0.4 0.15937500000000004 0.41875 0.15937500000000004
0 0.3890625 0.12187500000000004 0.3671875 0.12187500000000004 0.3671875 0.16718750000000004 0.3890625 0.16718750000000004
0 0.35 0.12968750000000004 0.3234375 0.12968750000000004 0.3234375 0.17812500000000003 0.35 0.17812500000000003
0 0.17968750000000006 0.4375 0.15937500000000004 0.4375 0.15937500000000004 0.48125 0.17968750000000006 0.48125
0 0.15781250000000005 0.4390625 0.13750000000000004 0.4390625 0.13750000000000004 0.4828125 0.15781250000000005 0.4828125
0 0.13125000000000003 0.44375 0.11250000000000004 0.44375 0.11250000000000004 0.4875 0.13125000000000003 0.4875
0 0.10468750000000004 0.4453125 0.07968750000000005 0.4453125 0.07968750000000005 0.490625 0.10468750000000004 0.490625
0 0.07812500000000007 0.4546875 0.05468750000000007 0.4546875 0.05468750000000007 0.4984375 0.07812500000000007 0.4984375
0 0.05312500000000007 0.459375 0.03281250000000006 0.459375 0.032812500000000064 0.5 0.05312500000000007 0.5
0 0.01093750000000002 0.1421875 1.741294667537643e-17 0.1421875 2.0187537079694652e-17 0.1875 0.010937500000000022 0.1875
0 0.07500000000000002 0.1265625 0.05312500000000002 0.1265625 0.05312500000000002 0.175 0.07500000000000002 0.175
0 0.215625 0.11406250000000004 0.19375 0.11406250000000004 0.19375 0.15468750000000003 0.215625 0.15468750000000003
0 0.2328125 0.11093750000000005 0.2140625 0.11093750000000005 0.2140625 0.15625000000000006 0.2328125 0.15625000000000006
0 0.2578125 0.09531250000000002 0.2328125 0.09531250000000002 0.2328125 0.15000000000000005 0.2578125 0.15000000000000005
0 0.2828125 0.10625000000000004 0.2609375 0.10625000000000004 0.2609375 0.14531250000000004 0.2828125 0.14531250000000004
0 0.3 0.09687500000000004 0.284375 0.09687500000000004 0.284375 0.13906250000000003 0.3 0.13906250000000003
0 0.3234375 0.09218750000000005 0.303125 0.09218750000000005 0.303125 0.13281250000000006 0.3234375 0.13281250000000006
0 0.35 0.08125000000000004 0.325 0.08125000000000004 0.325 0.13125000000000003 0.35 0.13125000000000003
0 0.3765625 0.07343750000000004 0.353125 0.07343750000000004 0.353125 0.12187500000000004 0.3765625 0.12187500000000004
0 0.4 0.07187500000000005 0.378125 0.07187500000000005 0.378125 0.11562500000000005 0.4 0.11562500000000005
0 0.421875 0.06562500000000004 0.4015625 0.06562500000000004 0.4015625 0.11093750000000005 0.421875 0.11093750000000005
0 0.4453125 0.057812500000000044 0.425 0.057812500000000044 0.425 0.10625000000000004 0.4453125 0.10625000000000004
0 0.4671875 0.054687500000000056 0.446875 0.05468750000000004 0.446875 0.09843750000000005 0.4671875 0.09843750000000007
0 0.4890625 0.046875000000000056 0.4703125 0.046875000000000056 0.4703125 0.09218750000000006 0.4890625 0.09218750000000006
0 0.5125 0.04218750000000006 0.4921875 0.04218750000000006 0.4921875 0.08593750000000007 0.5125 0.08593750000000007
0 0.5734375 0.3031250000000001 0.553125 0.3031250000000001 0.553125 0.34843750000000007 0.5734375 0.34843750000000007
2 0.603125 0.02500000000000007 0.5390625 0.025000000000000067 0.5390625 0.12656250000000008 0.603125 0.12656250000000008
0 0.7859375 0.06562500000000009 0.7265625 0.06562500000000009 0.7265625 0.10156250000000008 0.7859375 0.10156250000000008
0 0.684375 0.06562500000000009 0.65 0.06562500000000009 0.65 0.10156250000000008 0.684375 0.10156250000000008
0 0.8359375 0.4031250000000002 0.7796875 0.4031250000000002 0.7796875 0.4578125000000002 0.8359375 0.4578125000000002
0 0.6765625 0.40625 0.65 0.40625 0.65 0.465625 0.6765625 0.465625
0 0.4515625 0.5921875 0.415625 0.5921875 0.415625 0.6390625 0.4515625 0.6390625
0 0.65 0.590625 0.63125 0.590625 0.63125 0.68125 0.65 0.68125
0 0.023437500000000097 0.759375 9.299661631025214e-17 0.759375 9.749336627587133e-17 0.8328125 0.0234375000000001 0.8328125
0 0.5515625000000001 0.7 0.5171875 0.7 0.5171875000000001 0.746875 0.5515625000000002 0.746875
0 0.5156250000000001 0.7015625 0.4828125 0.7015625 0.4828125000000001 0.74375 0.5156250000000002 0.74375
0 0.4531250000000001 0.6984375 0.4234375 0.6984375 0.4234375000000001 0.740625 0.45312500000000017 0.740625
0 0.4203125000000001 0.70625 0.3906250000000001 0.70625 0.3906250000000001 0.7484375 0.4203125000000002 0.7484375
0 0.3828125000000001 0.7109375 0.3531250000000001 0.7109375 0.3531250000000001 0.7609375 0.3828125000000001 0.7609375
0 0.3468750000000001 0.7234375 0.3109375000000001 0.7234375 0.3109375000000001 0.7734375 0.3468750000000001 0.7734375
0 0.30937500000000007 0.7328125 0.2812500000000001 0.7328125 0.2812500000000001 0.7828125 0.30937500000000007 0.7828125
0 0.2671875000000001 0.7453125 0.2375000000000001 0.7453125 0.2375000000000001 0.7890625 0.2671875000000001 0.7890625
0 0.2375000000000001 0.753125 0.2156250000000001 0.753125 0.2156250000000001 0.79375 0.2375000000000001 0.79375
0 0.2156250000000001 0.759375 0.17968750000000008 0.759375 0.17968750000000008 0.809375 0.2156250000000001 0.809375
0 0.17343750000000008 0.7703125 0.14062500000000008 0.7703125 0.14062500000000008 0.8203125 0.17343750000000008 0.8203125
0 0.10156250000000008 0.79375 0.0750000000000001 0.79375 0.0750000000000001 0.840625 0.10156250000000008 0.840625
3 0.475 0.5 0.4359375 0.5 0.4359375 0.5375 0.475 0.5375
0 1 0.853125 0.9734375 0.853125 0.9734375 0.8796875 1 0.8796875
0 0.89375 0.8515625 0.85625 0.8515625 0.85625 0.88125 0.89375 0.88125
0 0.6921875000000002 0.8921875 0.6578125000000001 0.8921875 0.6578125000000001 0.9203125 0.6921875000000002 0.9203125
0 0.6750000000000002 0.8578125 0.6500000000000001 0.8578125 0.6500000000000001 0.8859375 0.6750000000000002 0.8859375