0 0.028125000000000077 0.6 0.007812500000000073 0.6 0.007812500000000075 0.64375 0.028125000000000077 0.64375
0 0.3687500000000001 0.7828125 0.3593750000000001 0.7828125 0.3593750000000001 0.8640625 0.3687500000000001 0.8640625
0 0.428125 0.6625 0.4046875 0.6625 0.4046875 0.709375 0.428125 0.709375
0 0.5250000000000001 0.709375 0.5015625 0.709375 0.5015625000000001 0.7578125 0.5250000000000001 0.7578125
0 0.21250000000000008 0.4265625 0.19062500000000004 0.4265625 0.19062500000000004 0.475 0.21250000000000008 0.475
0 0.4984375000000001 0.7140625 0.4859375 0.7140625 0.4859375000000001 0.753125 0.4984375000000002 0.753125
0 0.22031250000000008 0.4859375 0.2015625000000001 0.4859375 0.2015625000000001 0.5296875 0.22031250000000008 0.5296875
0 0.2156250000000001 0.5390625 0.19687500000000005 0.5390625 0.19687500000000008 0.5859375 0.2156250000000001 0.5859375
0 0.2531250000000001 0.5015625 0.23593750000000008 0.5015625 0.23593750000000008 0.54375 0.2531250000000001 0.54375
0 0.2468750000000001 0.54375 0.2250000000000001 0.54375 0.2250000000000001 0.5984375 0.2468750000000001 0.5984375
0 0.11718750000000014 0.9109375 0.10781250000000013 0.9109375 0.10781250000000013 0.9984375 0.11718750000000014 0.9984375
0 0.2828125000000001 0.5625 0.2609375000000001 0.5625 0.2609375000000001 0.6046875 0.2828125000000001 0.6046875
0 0.30937500000000007 0.5671875 0.2921875000000001 0.5671875 0.2921875000000001 0.609375 0.30937500000000007 0.609375
0 0.28593750000000007 0.4984375 0.26250000000000007 0.4984375 0.26250000000000007 0.5453125 0.28593750000000007 0.5453125
0 0.3140625000000001 0.4359375 0.2921875000000001 0.4359375 0.2921875000000001 0.4921875 0.3140625000000001 0.4921875
0 0.3687500000000001 0.4609375 0.3468750000000001 0.4609375 0.3468750000000001 0.5046875 0.3687500000000001 0.5046875
0 0.4078125 0.459375 0.3843750000000001 0.459375 0.3843750000000001 0.5125 0.4078125 0.5125
0 0.428125 0.471875 0.4125 0.471875 0.4125 0.5140625 0.428125 0.5140625
0 0.459375 0.4734375 0.440625 0.4734375 0.440625 0.515625 0.459375 0.515625
0 0.5046875 0.4796875 0.4828125 0.4796875 0.4828125 0.521875 0.5046875 0.521875
0 0.69375 0.11718750000000008 0.6859375 0.11718750000000008 0.6859375 0.1828125000000001 0.69375 0.1828125000000001
0 0.7765625 0.1906250000000001 0.7578125 0.1906250000000001 0.7578125 0.2671875000000001 0.7765625 0.2671875000000001
0 0.6921875000000002 0.775 0.6750000000000002 0.775 0.6750000000000002 0.8140625 0.6921875000000002 0.8140625
0 0.7125000000000001 0.7734375 0.6937500000000002 0.7734375 0.6937500000000002 0.8125 0.7125000000000001 0.8125
0 0.7375000000000002 0.7765625 0.7218750000000002 0.7765625 0.7218750000000002 0.81875 0.7375000000000002 0.81875
0 0.7703125000000002 0.7750000000000001 0.7484375000000002 0.7750000000000001 0.7484375000000002 0.8203125 0.7703125000000002 0.8203125
0 0.7968750000000002 0.7796875000000002 0.7750000000000001 0.7796875000000002 0.7750000000000001 0.825 0.7968750000000002 0.825
0 0.8171875 0.7875000000000002 0.8 0.7875000000000002 0.8 0.828125 0.8171875 0.828125
0 0.946875 0.8046875 0.9265625 0.8046875 0.9265625 0.8421875 0.946875 0.8421875
0 0.99375 0.48437500000000017 0.975 0.48437500000000017 0.975 0.5265625000000002 0.99375 0.5265625000000002
0 0.9734375 0.4812500000000002 0.953125 0.4812500000000002 0.953125 0.5234375000000002 0.9734375 0.5234375000000002
0 0.9453125 0.4781250000000002 0.9265625 0.4781250000000002 0.9265625 0.5203125000000002 0.9453125 0.5203125000000002
0 0.9203125 0.4750000000000002 0.903125 0.4750000000000002 0.903125 0.5156250000000002 0.9203125 0.5156250000000002
0 0.8984375 0.46406250000000016 0.8765625 0.46406250000000016 0.8765625 0.5156250000000002 0.8984375 0.5156250000000002
0 0.8671875 0.4671875000000002 0.85 0.4671875000000002 0.85 0.5078125000000002 0.8671875 0.5078125000000002
0 0.840625 0.4656250000000002 0.8203125 0.4656250000000002 0.8203125 0.5078125000000002 0.840625 0.5078125000000002
0 0.7734375 0.4546875000000002 0.7546875 0.4546875000000002 0.7546875 0.4984375000000002 0.7734375 0.4984375000000002
0 0.6328125 0.45 0.6140625 0.45 0.6140625 0.4890625 0.6328125 0.4890625
0 0.6125 0.4484375 0.596875 0.4484375 0.596875 0.490625 0.6125 0.490625
0 0.5921875 0.4375 0.5703125 0.4375 0.5703125 0.4875 0.5921875 0.4875
0 0.565625 0.4484375 0.5453125 0.4484375 0.5453125 0.4859375 0.565625 0.4859375
0 0.540625 0.440625 0.528125 0.440625 0.528125 0.478125 0.540625 0.478125
0 0.521875 0.4359375 0.5046875 0.4359375 0.5046875 0.4734375 0.521875 0.4734375
0 0.4984375 0.428125 0.478125 0.428125 0.478125 0.475 0.4984375 0.475
0 0.4703125 0.4265625 0.4515625 0.4265625 0.4515625 0.4671875 0.4703125 0.4671875
0 0.4453125 0.4234375 0.4265625 0.4234375 0.4265625 0.465625 0.4453125 0.465625
0 0.421875 0.4171875 0.4046875 0.4171875 0.4046875 0.459375 0.421875 0.459375
0 0.3968750000000001 0.4125 0.3812500000000001 0.4125 0.3812500000000001 0.4578125 0.3968750000000001 0.4578125
0 0.3750000000000001 0.4125 0.3578125000000001 0.4125 0.3578125000000001 0.453125 0.3750000000000001 0.453125
0 0.3531250000000001 0.40625 0.3375000000000001 0.40625 0.3375000000000001 0.45 0.3531250000000001 0.45
0 0.3296875000000001 0.4015625 0.3140625000000001 0.4015625 0.3140625000000001 0.44375 0.3296875000000001 0.44375
0 0.3312500000000001 0.671875 0.3140625000000001 0.671875 0.3140625000000001 0.7140625 0.3312500000000001 0.7140625
2 0.2828125000000001 0.3953125 0.22656250000000008 0.3953125 0.22656250000000008 0.490625 0.2828125000000001 0.490625