0 0.04218750000000008 0.590625 0.023437500000000073 0.590625 0.023437500000000076 0.6296875 0.04218750000000008 0.6296875
0 0.09062500000000001 0.0609375 0.08125 0.0609375 0.08125000000000002 0.1453125 0.09062500000000002 0.1453125
0 0.4765625 0.646875 0.459375 0.646875 0.459375 0.6828125 0.4765625 0.6828125
0 0.915625 0.6437500000000002 0.8921875 0.6437500000000002 0.8921875 0.6843750000000002 0.915625 0.6843750000000002
0 0.95 0.6968750000000001 0.928125 0.6968750000000001 0.928125 0.7406250000000002 0.95 0.7406250000000002
0 0.2062500000000001 0.403125 0.18750000000000006 0.403125 0.18750000000000006 0.4453125 0.2062500000000001 0.4453125
0 0.9234375 0.7015625000000002 0.9125 0.7015625000000002 0.9125 0.7343750000000002 0.9234375 0.7343750000000002
0 0.21250000000000008 0.4546875 0.19531250000000006 0.4546875 0.19531250000000006 0.496875 0.21250000000000008 0.496875
0 0.2078125000000001 0.515625 0.18906250000000005 0.515625 0.18906250000000008 0.55625 0.2078125000000001 0.55625
0 0.2468750000000001 0.4703125 0.2312500000000001 0.4703125 0.2312500000000001 0.50625 0.2468750000000001 0.50625
0 0.24375000000000008 0.5171875 0.22031250000000008 0.5171875 0.22031250000000008 0.559375 0.24375000000000008 0.559375
0 0.11562500000000012 0.89375 0.1062500000000001 0.89375 0.10625000000000011 0.98125 0.11562500000000013 0.98125
0 0.2796875000000001 0.5265625 0.2593750000000001 0.5265625 0.2593750000000001 0.5640625 0.2796875000000001 0.5640625
0 0.30937500000000007 0.528125 0.2921875000000001 0.528125 0.2921875000000001 0.5671875 0.30937500000000007 0.5671875
0 0.2843750000000001 0.4640625 0.2609375000000001 0.4640625 0.2609375000000001 0.50625 0.2843750000000001 0.50625
0 0.3125000000000001 0.40625 0.2906250000000001 0.40625 0.2906250000000001 0.4453125 0.3125000000000001 0.4453125
0 0.3671875000000001 0.415625 0.34843750000000007 0.415625 0.34843750000000007 0.4546875 0.3671875000000001 0.4546875
0 0.4078125 0.4171875 0.3843750000000001 0.4171875 0.3843750000000001 0.459375 0.4078125 0.459375
0 0.428125 0.421875 0.4125 0.421875 0.4125 0.4640625 0.428125 0.4640625
0 0.459375 0.4234375 0.440625 0.4234375 0.440625 0.4609375 0.459375 0.4609375
0 0.5046875 0.4234375 0.48125 0.4234375 0.48125 0.4625 0.5046875 0.4625
0 0.69375 0.034375000000000086 0.684375 0.034375000000000086 0.684375 0.10937500000000008 0.69375 0.10937500000000008
0 0.775 0.12343750000000009 0.75625 0.12343750000000009 0.75625 0.2000000000000001 0.775 0.2000000000000001
0 0.6906250000000002 0.7265625 0.6734375000000001 0.7265625 0.6734375000000001 0.7640625 0.6906250000000002 0.7640625
0 0.7125000000000001 0.7265625 0.6937500000000002 0.7265625 0.6937500000000002 0.7640625 0.7125000000000001 0.7640625
0 0.7375000000000002 0.7281250000000001 0.7203125000000001 0.728125 0.7203125000000001 0.7671875000000001 0.7375000000000002 0.7671875000000001
0 0.7703125000000002 0.7421875000000002 0.7468750000000002 0.7421875000000002 0.7468750000000002 0.7750000000000001 0.7703125000000002 0.7750000000000001
0 0.7953125000000002 0.7406250000000002 0.7750000000000001 0.7406250000000002 0.7750000000000001 0.7781250000000002 0.7953125000000002 0.7781250000000002
0 0.815625 0.7453125000000002 0.7984375000000001 0.7453125000000002 0.7984375000000001 0.7828125000000001 0.815625 0.7828125000000001
0 0.8421875 0.7437500000000001 0.821875 0.7437500000000001 0.821875 0.7812500000000002 0.8421875 0.7812500000000002
0 0.946875 0.7531250000000002 0.928125 0.7531250000000002 0.928125 0.7906250000000001 0.946875 0.7906250000000001
0 0.96875 0.7578125000000002 0.953125 0.7578125000000002 0.953125 0.7906250000000001 0.96875 0.7906250000000001
0 0.99375 0.4203125000000002 0.975 0.4203125000000002 0.975 0.45625000000000016 0.99375 0.45625000000000016
0 0.971875 0.41718750000000016 0.9515625 0.41718750000000016 0.9515625 0.45312500000000017 0.971875 0.45312500000000017
0 0.9453125 0.4156250000000002 0.9265625 0.4156250000000002 0.9265625 0.4500000000000002 0.9453125 0.4500000000000002
0 0.91875 0.4109375000000002 0.903125 0.4109375000000002 0.903125 0.44843750000000016 0.91875 0.44843750000000016
0 0.8984375 0.40937500000000016 0.8765625 0.40937500000000016 0.8765625 0.44843750000000016 0.8984375 0.44843750000000016
0 0.865625 0.4109375000000002 0.85 0.4109375000000002 0.85 0.44531250000000017 0.865625 0.44531250000000017
0 0.840625 0.4031250000000002 0.8203125 0.4031250000000002 0.8203125 0.4437500000000002 0.840625 0.4437500000000002
0 0.771875 0.4031250000000002 0.7546875 0.4031250000000002 0.7546875 0.4390625000000002 0.771875 0.4390625000000002
0 0.6328125 0.3890625000000001 0.6140625 0.3890625000000001 0.6140625 0.421875 0.6328125 0.421875
0 0.6125 0.38750000000000007 0.5953125 0.38750000000000007 0.5953125 0.425 0.6125 0.425
0 0.5921875 0.3828125000000001 0.5703125 0.3828125000000001 0.5703125 0.4234375 0.5921875 0.4234375
0 0.565625 0.3843750000000001 0.5453125 0.3843750000000001 0.5453125 0.421875 0.565625 0.421875
0 0.540625 0.3843750000000001 0.528125 0.3843750000000001 0.528125 0.4171875 0.540625 0.4171875
0 0.521875 0.3812500000000001 0.5046875 0.3812500000000001 0.5046875 0.4140625 0.521875 0.4140625
0 0.4984375 0.3765625000000001 0.478125 0.3765625000000001 0.478125 0.4140625 0.4984375 0.4140625
0 0.4703125 0.3765625000000001 0.45 0.3765625000000001 0.45 0.4125 0.4703125 0.4125
0 0.4453125 0.3750000000000001 0.4265625 0.3750000000000001 0.4265625 0.409375 0.4453125 0.409375
0 0.421875 0.3765625000000001 0.4046875 0.3765625000000001 0.4046875 0.409375 0.421875 0.409375
0 0.3984375000000001 0.37187500000000007 0.3828125000000001 0.37187500000000007 0.3828125000000001 0.4046875 0.3984375000000001 0.4046875
0 0.3750000000000001 0.37187500000000007 0.3578125000000001 0.371875 0.3578125000000001 0.4046875 0.3750000000000001 0.4046875
0 0.3500000000000001 0.3671875 0.3359375000000001 0.3671875 0.3359375000000001 0.4 0.3500000000000001 0.4
0 0.3296875000000001 0.3640625 0.3125000000000001 0.3640625 0.3125000000000001 0.3984375 0.3296875000000001 0.3984375
0 0.7421875 0.6343750000000001 0.725 0.634375 0.725 0.6765625000000001 0.7421875 0.6765625000000002
2 0.2812500000000001 0.384375 0.2250000000000001 0.384375 0.2250000000000001 0.453125 0.2812500000000001 0.453125