0 0.08281250000000005 0.41875 0.05468750000000004 0.41875 0.054687500000000056 0.459375 0.08281250000000007 0.459375
0 0.02812500000000003 0.21875 0.003125000000000026 0.21875 0.0031250000000000292 0.2609375 0.028125000000000032 0.2609375
0 0.07187500000000002 0.228125 0.04531250000000003 0.228125 0.04531250000000003 0.271875 0.07187500000000002 0.271875
0 0.371875 4.391506881317462e-17 0.3453125 4.228858478305704e-17 0.3453125 0.04062500000000004 0.371875 0.04062500000000004
0 0.465625 0.2515625000000001 0.4390625 0.2515625000000001 0.4390625 0.3031250000000001 0.465625 0.3031250000000001
0 0.434375 0.2531250000000001 0.4140625 0.2531250000000001 0.4140625 0.2921875000000001 0.434375 0.2921875000000001
0 0.4078125 0.2468750000000001 0.384375 0.2468750000000001 0.384375 0.28593750000000007 0.4078125 0.28593750000000007
0 0.3421875 0.23125 0.3203125 0.23125 0.3203125 0.2734375 0.3421875 0.2734375
0 0.203125 0.2125 0.18125000000000005 0.2125 0.18125000000000005 0.2515625 0.203125 0.2515625
0 0.18281250000000004 0.209375 0.16250000000000003 0.209375 0.16250000000000003 0.25 0.18281250000000004 0.25
0 0.16406250000000006 0.196875 0.13750000000000004 0.196875 0.13750000000000004 0.2453125 0.16406250000000006 0.2453125
0 0.13593750000000004 0.2015625 0.11250000000000004 0.2015625 0.11250000000000004 0.2390625 0.13593750000000004 0.2390625
0 0.11250000000000004 0.19375 0.09531250000000002 0.19375 0.09531250000000002 0.234375 0.11250000000000004 0.234375
0 0.09375000000000003 0.1890625 0.07343750000000002 0.1890625 0.07343750000000002 0.228125 0.09375000000000003 0.228125
0 0.07031250000000003 0.1796875 0.04687500000000002 0.1796875 0.04687500000000002 0.2234375 0.07031250000000003 0.2234375
0 0.043750000000000025 0.171875 0.021875000000000023 0.171875 0.021875000000000026 0.2109375 0.043750000000000025 0.2109375
0 0.018750000000000024 0.1671875 2.0474563673244812e-17 0.1671875 2.3057803015196257e-17 0.209375 0.018750000000000027 0.209375
0 0.621875 0.1703125000000001 0.559375 0.1703125000000001 0.559375 0.2296875000000001 0.621875 0.2296875000000001
0 0.5515625 0.20312500000000008 0.49375 0.20312500000000008 0.49375 0.2593750000000001 0.5515625 0.2593750000000001
0 0.71875 0.07656250000000009 0.6609375 0.07656250000000009 0.6609375 0.13437500000000008 0.71875 0.13437500000000008
0 1 0.025000000000000116 0.9390625 0.025000000000000112 0.9390625 0.08906250000000013 1 0.08906250000000013
0 0.69375 0.1937500000000001 0.625 0.1937500000000001 0.625 0.2562500000000001 0.69375 0.2562500000000001
0 0.75 0.4375000000000001 0.7 0.4375 0.7 0.4593750000000001 0.75 0.4593750000000002
0 0.2828125000000001 0.5109375 0.2453125000000001 0.5109375 0.2453125000000001 0.5765625 0.2828125000000001 0.5765625
0 0.5562500000000001 0.8203125 0.5328125000000001 0.8203125 0.5328125000000001 0.8640625 0.5562500000000001 0.8640625
0 1 0.8703125 0.99375 0.8703125 0.99375 0.9125 1 0.9125
0 0.503125 0.5890625 0.4765625 0.5890625 0.4765625 0.6359375 0.503125 0.6359375
0 0.521875 0.596875 0.503125 0.596875 0.503125 0.640625 0.521875 0.640625
0 0.5546875 0.6015625 0.53125 0.6015625 0.53125 0.640625 0.5546875 0.640625
0 0.5984375 0.60625 0.571875 0.60625 0.571875 0.6484375 0.5984375 0.6484375
0 0.7531250000000002 0.9265625 0.7312500000000002 0.9265625 0.7312500000000002 0.96875 0.7531250000000002 0.96875
0 0.7734375000000002 0.93125 0.7515625000000001 0.93125 0.7515625000000001 0.9703125 0.7734375000000002 0.9703125
0 0.7984375000000001 0.934375 0.7781250000000002 0.934375 0.7781250000000002 0.978125 0.7984375000000001 0.978125
0 0.83125 0.9390625 0.8046875 0.9390625 0.8046875 0.9765625 0.83125 0.9765625
0 0.85625 0.9421875 0.8328125 0.9421875 0.8328125 0.98125 0.85625 0.98125
0 0.8765625 0.9484375 0.85625 0.9484375 0.85625 0.9875 0.8765625 0.9875
0 0.9015625 0.953125 0.878125 0.953125 0.878125 0.9921875 0.9015625 0.9921875
0 1 0.9703125 0.9859375 0.9703125 0.9859375 1 1 1
0 1 0.6328125000000002 0.9921875 0.6328125000000002 0.9921875 0.6718750000000002 1 0.6718750000000002
0 0.9921875 0.6312500000000002 0.9671875 0.6312500000000002 0.9671875 0.6703125000000002 0.9921875 0.6703125000000002
0 0.9609375 0.6296875000000002 0.940625 0.6296875000000002 0.940625 0.6656250000000001 0.9609375 0.6656250000000001
0 0.934375 0.6187500000000001 0.9109375 0.6187500000000001 0.9109375 0.6578125000000001 0.934375 0.6578125000000001
0 0.86875 0.6031250000000001 0.846875 0.6031250000000001 0.846875 0.6375000000000002 0.86875 0.6375000000000002
0 0.73125 0.5843750000000001 0.7078125 0.584375 0.7078125 0.6218750000000001 0.73125 0.6218750000000002
0 0.709375 0.5828125 0.6890625 0.5828125 0.6890625 0.6203125 0.709375 0.6203125
0 0.690625 0.575 0.665625 0.575 0.665625 0.6171875 0.690625 0.6171875
0 0.6625 0.5734375 0.640625 0.5734375 0.640625 0.6109375 0.6625 0.6109375
0 0.6390625 0.5703125 0.6234375 0.5703125 0.6234375 0.6046875 0.6390625 0.6046875
0 0.61875 0.565625 0.6 0.565625 0.6 0.6 0.61875 0.6
0 0.596875 0.5625 0.5734375 0.5625 0.5734375 0.6015625 0.596875 0.6015625
0 0.56875 0.559375 0.546875 0.559375 0.546875 0.5921875 0.56875 0.5921875
0 0.5453125 0.5515625 0.5234375 0.5515625 0.5234375 0.5859375 0.5453125 0.5859375
0 0.521875 0.5515625 0.5015625 0.5515625 0.5015625 0.584375 0.521875 0.584375
0 0.496875 0.546875 0.478125 0.546875 0.478125 0.58125 0.496875 0.58125
0 0.4765625 0.5375 0.46875 0.5375 0.46875 0.575 0.4765625 0.575
0 0.8375 0.840625 0.8171875 0.840625 0.8171875 0.8796875 0.8375 0.8796875