0 0.15625000000000006 0.5078125 0.12343750000000005 0.5078125 0.12343750000000006 0.5578125 0.15625000000000008 0.5578125
0 0.1765625000000001 0.5671875 0.14843750000000008 0.5671875 0.14843750000000008 0.6125 0.1765625000000001 0.6125
0 0.21250000000000008 0.571875 0.1859375000000001 0.571875 0.1859375000000001 0.61875 0.21250000000000008 0.61875
0 0.2453125000000001 0.5640625 0.21093750000000008 0.5640625 0.21093750000000008 0.615625 0.2453125000000001 0.615625
0 0.2593750000000001 0.496875 0.2250000000000001 0.496875 0.2250000000000001 0.55625 0.2593750000000001 0.55625
0 0.31718750000000007 0.50625 0.28593750000000007 0.50625 0.28593750000000007 0.55625 0.31718750000000007 0.55625
0 0.35625000000000007 0.496875 0.3218750000000001 0.496875 0.3218750000000001 0.5515625 0.35625000000000007 0.5515625
0 0.3765625000000001 0.5046875 0.3515625000000001 0.5046875 0.3515625000000001 0.546875 0.3765625000000001 0.546875
0 0.4078125 0.4984375 0.3765625000000001 0.4984375 0.3765625000000001 0.5453125 0.4078125 0.5453125
0 0.453125 0.4921875 0.41875 0.4921875 0.41875 0.5453125 0.453125 0.5453125
0 0.5578125 0.10156250000000007 0.53125 0.10156250000000004 0.53125 0.17187500000000006 0.5578125 0.17187500000000008
0 0.5703125 0.4375 0.5421875 0.4375 0.5421875 0.48125 0.5703125 0.48125
0 0.55 0.4390625 0.525 0.4390625 0.525 0.484375 0.55 0.484375
0 0.5296875 0.4328125 0.4953125 0.4328125 0.4953125 0.4890625 0.5296875 0.4890625
0 0.503125 0.4484375 0.475 0.4484375 0.475 0.4921875 0.503125 0.4921875
0 0.478125 0.446875 0.4546875 0.446875 0.4546875 0.49375 0.478125 0.49375
0 0.4578125 0.45 0.4328125 0.45 0.4328125 0.490625 0.4578125 0.490625
0 0.4359375 0.4453125 0.4046875 0.4453125 0.4046875 0.4953125 0.4359375 0.4953125
0 0.40625 0.45 0.3765625000000001 0.45 0.3765625000000001 0.4953125 0.40625 0.4953125
0 0.3812500000000001 0.453125 0.3531250000000001 0.453125 0.3531250000000001 0.4984375 0.3812500000000001 0.4984375
0 0.3578125000000001 0.4515625 0.3296875000000001 0.4515625 0.3296875000000001 0.5015625 0.3578125000000001 0.5015625
0 0.33281250000000007 0.453125 0.3062500000000001 0.453125 0.3062500000000001 0.503125 0.33281250000000007 0.503125
0 0.3109375000000001 0.459375 0.2843750000000001 0.459375 0.2843750000000001 0.503125 0.3109375000000001 0.503125
0 0.28593750000000007 0.45625 0.2593750000000001 0.45625 0.2593750000000001 0.50625 0.28593750000000007 0.50625
0 0.2640625000000001 0.459375 0.2375000000000001 0.459375 0.2375000000000001 0.5046875 0.2640625000000001 0.5046875
2 0.22812500000000008 0.4578125 0.14843750000000006 0.4578125 0.14843750000000006 0.5671875 0.22812500000000008 0.5671875
0 0.7578125 0.19531250000000008 0.7125 0.19531250000000008 0.7125 0.25468750000000007 0.7578125 0.25468750000000007
0 0.7109375 0.1906250000000001 0.6734375 0.1906250000000001 0.6734375 0.2406250000000001 0.7109375 0.2406250000000001
0 0.7265625 0.26250000000000007 0.6859375 0.26250000000000007 0.6859375 0.3187500000000001 0.7265625 0.3187500000000001
0 0.6703125 0.1921875000000001 0.6328125 0.1921875000000001 0.6328125 0.2406250000000001 0.6703125 0.2406250000000001
0 0.634375 0.1984375000000001 0.6015625 0.1984375000000001 0.6015625 0.24218750000000008 0.634375 0.24218750000000008
0 0.815625 9.76847173382381e-17 0.7796875 9.54841801210202e-17 0.7796875 0.09375000000000008 0.815625 0.09375000000000008
0 0.9078125 0.48437500000000017 0.8671875 0.48437500000000017 0.8671875 0.5359375000000002 0.9078125 0.5359375000000002
0 0.6515625 0.5671875 0.609375 0.5671875 0.609375 0.61875 0.6515625 0.61875
0 0.6828125 0.565625 0.6453125 0.565625 0.6453125 0.615625 0.6828125 0.615625
0 0.725 0.565625 0.6890625 0.565625 0.6890625 0.6109375 0.725 0.6109375
0 0.75 0.5562500000000001 0.71875 0.55625 0.71875 0.6078125000000001 0.75 0.6078125000000002
0 0.7859375 0.5578125000000002 0.7421875 0.5578125000000002 0.7421875 0.6078125000000002 0.7859375 0.6078125000000002
0 0.828125 0.5593750000000002 0.7875 0.5593750000000002 0.7875 0.6078125000000002 0.828125 0.6078125000000002
0 0.896875 0.5593750000000002 0.8625 0.5593750000000002 0.8625 0.6062500000000002 0.896875 0.6062500000000002
3 0.6328125 0.3687500000000001 0.6 0.3687500000000001 0.6 0.434375 0.6328125 0.434375
0 0.1359375000000001 0.6765625 0.10468750000000009 0.6765625 0.10468750000000009 0.746875 0.1359375000000001 0.746875
0 0.18906250000000008 0.71875 0.15625000000000008 0.71875 0.15625000000000008 0.7890625 0.18906250000000008 0.7890625
0 0.1453125000000001 0.7953125 0.11093750000000009 0.7953125 0.11093750000000009 0.86875 0.1453125000000001 0.86875
0 0.1812500000000001 0.8359375 0.1453125000000001 0.8359375 0.14531250000000012 0.909375 0.18125000000000013 0.909375
0 0.24218750000000008 0.8234375 0.2078125000000001 0.8234375 0.2078125000000001 0.890625 0.24218750000000008 0.890625
0 0.415625 0.6609375 0.3687500000000001 0.6609375 0.3687500000000001 0.7015625 0.415625 0.7015625
0 0.4765625 0.653125 0.4328125 0.653125 0.4328125 0.69375 0.4765625 0.69375
0 0.4328125000000001 0.7046875 0.3890625000000001 0.7046875 0.3890625000000001 0.74375 0.43281250000000016 0.74375
0 0.4828125000000001 0.7 0.4375 0.7 0.4375000000000001 0.740625 0.4828125000000002 0.740625
0 0.559375 0.61875 0.5140625 0.61875 0.5140625 0.6484375 0.559375 0.6484375
0 0.6 0.61875 0.5625 0.61875 0.5625 0.64375 0.6 0.64375
0 0.5453125 0.6546875 0.5046875 0.6546875 0.5046875 0.69375 0.5453125 0.69375
3 0.409375 0.61875 0.3453125000000001 0.61875 0.3453125000000001 0.6609375 0.409375 0.6609375
0 0.12187500000000014 0.946875 0.07500000000000011 0.946875 0.07500000000000011 0.9953125 0.12187500000000014 0.9953125
0 0.25468750000000007 0.95 0.22031250000000008 0.95 0.22031250000000008 1 0.25468750000000007 1
2 0.2250000000000001 0.61875 0.14062500000000008 0.61875 0.14062500000000008 0.7515625 0.2250000000000001 0.7515625
2 0.5140625 0.61875 0.4046875 0.61875 0.4046875 0.6640625 0.5140625 0.6640625
2 0.6765625000000002 0.8890625 0.6000000000000002 0.8890625 0.6000000000000002 1 0.6765625000000002 1
2 0.821875 0.9203125 0.6921875000000002 0.9203125 0.6921875000000002 1 0.821875 1
0 0.8640625 0.840625 0.8140625 0.840625 0.8140625 0.88125 0.8640625 0.88125
0 0.7687500000000002 0.8734375 0.7187500000000002 0.8734375 0.7187500000000002 0.9125 0.7687500000000002 0.9125
0 0.7062500000000002 0.8296875 0.6546875000000002 0.8296875 0.6546875000000002 0.871875 0.7062500000000002 0.871875
0 0.9671875 0.8125 0.9203125 0.8125 0.9203125 0.85 0.9671875 0.85
0 0.996875 0.7484375000000002 0.953125 0.7484375000000002 0.953125 0.7906250000000001 0.996875 0.7906250000000001