0 0.031250000000000076 0.615625 0.010937500000000076 0.615625 0.010937500000000077 0.659375 0.031250000000000076 0.659375
0 0.2671875000000001 0.6875 0.24375000000000008 0.6875 0.24375000000000008 0.7375 0.2671875000000001 0.7375
0 0.2156250000000001 0.45625 0.19218750000000004 0.45625 0.19218750000000004 0.4984375 0.2156250000000001 0.4984375
0 0.3375000000000001 0.740625 0.32500000000000007 0.740625 0.32500000000000007 0.784375 0.3375000000000001 0.784375
0 0.2218750000000001 0.509375 0.20312500000000008 0.509375 0.20312500000000008 0.5578125 0.2218750000000001 0.5578125
0 0.21875000000000008 0.565625 0.2000000000000001 0.565625 0.2000000000000001 0.615625 0.21875000000000008 0.615625
0 0.2562500000000001 0.528125 0.2375000000000001 0.528125 0.2375000000000001 0.5734375 0.2562500000000001 0.5734375
0 0.2515625000000001 0.56875 0.22812500000000008 0.56875 0.22812500000000008 0.6265625 0.2515625000000001 0.6265625
0 0.2843750000000001 0.584375 0.26250000000000007 0.584375 0.26250000000000007 0.6359375 0.2843750000000001 0.6359375
0 0.3125000000000001 0.5984375 0.2953125000000001 0.5984375 0.2953125000000001 0.640625 0.3125000000000001 0.640625
0 0.2875000000000001 0.5296875 0.2640625000000001 0.5296875 0.2640625000000001 0.5765625 0.2875000000000001 0.5765625
0 0.3703125000000001 0.49375 0.3515625000000001 0.49375 0.3515625000000001 0.5390625 0.3703125000000001 0.5390625
0 0.409375 0.4921875 0.38750000000000007 0.4921875 0.38750000000000007 0.5453125 0.409375 0.5453125
0 0.43125 0.5046875 0.415625 0.5046875 0.415625 0.54375 0.43125 0.54375
0 0.4609375 0.5046875 0.4421875 0.5046875 0.4421875 0.5515625 0.4609375 0.5515625
0 0.50625 0.5109375 0.484375 0.5109375 0.484375 0.55625 0.50625 0.55625
0 0.696875 0.16562500000000008 0.6875 0.16562500000000008 0.6875 0.22812500000000008 0.696875 0.22812500000000008
0 0.778125 0.23437500000000008 0.759375 0.23437500000000008 0.759375 0.3109375000000001 0.778125 0.3109375000000001
0 0.6937500000000002 0.8046875 0.6765625000000002 0.8046875 0.6765625000000002 0.846875 0.6937500000000002 0.846875
0 0.7140625000000002 0.8046875 0.6968750000000001 0.8046875 0.6968750000000001 0.8484375 0.7140625000000002 0.8484375
0 0.7390625000000002 0.8109375 0.7218750000000002 0.8109375 0.7218750000000002 0.85 0.7390625000000002 0.85
0 0.7718750000000002 0.809375 0.7500000000000002 0.809375 0.7500000000000002 0.8515625 0.7718750000000002 0.8515625
0 0.7984375000000001 0.8171875 0.7781250000000002 0.8171875 0.7781250000000002 0.8578125 0.7984375000000001 0.8578125
0 0.81875 0.8234375 0.8015625 0.8234375 0.8015625 0.8625 0.81875 0.8625
0 0.9953125 0.5296875000000002 0.978125 0.5296875000000002 0.978125 0.5718750000000001 0.9953125 0.5718750000000001
0 0.975 0.5250000000000001 0.9546875 0.5250000000000001 0.9546875 0.5687500000000002 0.975 0.5687500000000002
0 0.9484375 0.5218750000000002 0.9296875 0.5218750000000002 0.9296875 0.5625000000000002 0.9484375 0.5625000000000002
0 0.921875 0.5156250000000002 0.90625 0.5156250000000002 0.90625 0.5593750000000002 0.921875 0.5593750000000002
0 0.9 0.5046875000000002 0.878125 0.5046875000000002 0.878125 0.5578125000000002 0.9 0.5578125000000002
0 0.86875 0.5078125000000002 0.8515625 0.5078125000000002 0.8515625 0.5531250000000002 0.86875 0.5531250000000002
0 0.8421875 0.5062500000000002 0.821875 0.5062500000000002 0.821875 0.5484375000000001 0.8421875 0.5484375000000001
0 0.7765625 0.4937500000000002 0.7578125 0.4937500000000002 0.7578125 0.5390625000000002 0.7765625 0.5390625000000002
0 0.6359375 0.4875 0.615625 0.4875 0.615625 0.528125 0.6359375 0.528125
0 0.6140625 0.4875 0.5984375 0.4875 0.5984375 0.5265625 0.6140625 0.5265625
0 0.59375 0.4734375 0.5734375 0.4734375 0.5734375 0.5265625 0.59375 0.5265625
0 0.56875 0.4828125 0.5484375 0.4828125 0.5484375 0.525 0.56875 0.525
0 0.54375 0.4765625 0.53125 0.4765625 0.53125 0.5171875 0.54375 0.5171875
0 0.5234375 0.475 0.5078125 0.475 0.5078125 0.509375 0.5234375 0.509375
0 0.5 0.465625 0.48125 0.465625 0.48125 0.509375 0.5 0.509375
0 0.471875 0.4578125 0.453125 0.4578125 0.453125 0.503125 0.471875 0.503125
0 0.4484375 0.45625 0.4296875 0.45625 0.4296875 0.4984375 0.4484375 0.4984375
0 0.425 0.453125 0.4078125 0.453125 0.4078125 0.49375 0.425 0.49375
0 0.4 0.45 0.3843750000000001 0.45 0.3843750000000001 0.4921875 0.4 0.4921875
0 0.3781250000000001 0.4421875 0.3609375000000001 0.4421875 0.3609375000000001 0.4859375 0.3781250000000001 0.4859375
0 0.3531250000000001 0.4375 0.3390625000000001 0.4375 0.3390625000000001 0.48125 0.3531250000000001 0.48125
0 0.33281250000000007 0.43125 0.3156250000000001 0.43125 0.3156250000000001 0.475 0.33281250000000007 0.475
0 0.1921875000000001 0.6671875 0.17343750000000008 0.6671875 0.17343750000000008 0.721875 0.1921875000000001 0.721875
3 0.36406250000000007 0.734375 0.34062500000000007 0.734375 0.34062500000000007 0.7953125 0.36406250000000007 0.7953125
2 0.2843750000000001 0.4171875 0.22812500000000008 0.4171875 0.22812500000000008 0.521875 0.2843750000000001 0.521875
3 0.31718750000000007 0.4640625 0.29375000000000007 0.4640625 0.29375000000000007 0.5265625 0.31718750000000007 0.5265625