0 0.26250000000000007 0.3859375 0.19843750000000004 0.3859375 0.19843750000000004 0.4484375 0.26250000000000007 0.4484375
0 0.39843750000000006 0.34062500000000007 0.3421875 0.340625 0.34218750000000003 0.38906250000000003 0.3984375000000001 0.3890625000000001
0 0.4890625 0.19375000000000003 0.446875 0.19375000000000003 0.446875 0.2718750000000001 0.4890625 0.2718750000000001
0 0.4890625 5.740531871003217e-17 0.4484375 5.4917754899264124e-17 0.4484375 0.03437500000000006 0.4890625 0.03437500000000006
0 0.203125 0.04062500000000002 0.1453125 0.04062500000000002 0.1453125 0.07656250000000002 0.203125 0.07656250000000002
0 0.1 0.039062500000000014 0.046875 0.039062500000000014 0.04687500000000001 0.07343750000000002 0.1 0.07343750000000002
0 0.8078125 0.018750000000000096 0.771875 0.018750000000000093 0.771875 0.0906250000000001 0.8078125 0.0906250000000001
0 0.7765625 0.11093750000000009 0.746875 0.11093750000000009 0.746875 0.16562500000000008 0.7765625 0.16562500000000008
0 0.75625 0.17187500000000008 0.71875 0.17187500000000008 0.71875 0.2406250000000001 0.75625 0.2406250000000001
0 0.6578125 0.2312500000000001 0.6265625 0.2312500000000001 0.6265625 0.2906250000000001 0.6578125 0.2906250000000001
0 0.4640625 0.5921875 0.44375 0.5921875 0.44375 0.69375 0.4640625 0.69375
0 0.2640625000000001 0.5171875 0.22656250000000008 0.5171875 0.22656250000000008 0.5796875 0.2640625000000001 0.5796875
0 0.4828125000000002 0.865625 0.4656250000000002 0.865625 0.4656250000000002 0.9515625 0.4828125000000002 0.9515625
0 0.27031250000000007 0.6421875 0.23593750000000008 0.6421875 0.23593750000000008 0.6859375 0.27031250000000007 0.6859375
0 0.2328125000000001 0.640625 0.2015625000000001 0.640625 0.2015625000000001 0.6796875 0.2328125000000001 0.6796875
0 0.1703125000000001 0.6375 0.14218750000000008 0.6375 0.14218750000000008 0.68125 0.1703125000000001 0.68125
0 0.1375000000000001 0.6421875 0.10781250000000009 0.6421875 0.10781250000000009 0.6859375 0.1375000000000001 0.6859375
0 0.10000000000000009 0.6453125 0.07187500000000009 0.6453125 0.07187500000000009 0.69375 0.10000000000000009 0.69375
0 0.06093750000000009 0.6578125 0.028125000000000077 0.6578125 0.028125000000000084 0.7046875 0.06093750000000009 0.7046875
0 0.025000000000000085 0.6671875 8.170690363061247e-17 0.6671875 8.467284509729747e-17 0.715625 0.025000000000000088 0.715625
1 0.659375 0.5 0.553125 0.5 0.553125 0.6625 0.659375 0.6625
0 0.54375 0.609375 0.5125 0.609375 0.5125 0.6609375 0.54375 0.6609375
0 0.5812500000000002 0.778125 0.5421875000000002 0.778125 0.5421875000000002 0.8375 0.5812500000000002 0.8375
0 0.7531250000000002 0.8453125 0.7187500000000002 0.8453125 0.7187500000000002 0.8921875 0.7531250000000002 0.8921875
0 0.85625 0.6390625000000002 0.821875 0.6390625000000002 0.821875 0.7062500000000002 0.85625 0.7062500000000002
0 0.9015625 0.6859375000000002 0.871875 0.6859375000000002 0.871875 0.7437500000000001 0.9015625 0.7437500000000001