0 0.023437500000000007 0.0546875 6.6972871828370884e-18 0.0546875 1.0237281836622406e-17 0.1125 0.02343750000000001 0.1125
0 0.13281250000000006 0.3296875 0.07187500000000005 0.3296875 0.07187500000000005 0.3984375 0.13281250000000006 0.3984375
0 0.17187500000000006 0.384375 0.10312500000000005 0.384375 0.10312500000000005 0.4625 0.17187500000000006 0.4625
0 0.2093750000000001 0.44375 0.14062500000000006 0.44375 0.14062500000000006 0.5171875 0.2093750000000001 0.5171875
0 0.2484375000000001 0.4984375 0.18437500000000004 0.4984375 0.18437500000000004 0.51875 0.2484375000000001 0.51875
0 0.459375 0.2328125000000001 0.434375 0.2328125000000001 0.434375 0.30156250000000007 0.459375 0.30156250000000007
0 0.425 0.3937500000000001 0.37968750000000007 0.3937500000000001 0.37968750000000007 0.475 0.425 0.475
0 0.515625 0.3296875000000001 0.465625 0.3296875000000001 0.465625 0.3750000000000001 0.515625 0.3750000000000001
0 0.746875 0.3531250000000001 0.6984375 0.3531250000000001 0.6984375 0.4015625000000001 0.746875 0.40156250000000016
0 0.9140625 0.4750000000000002 0.8609375 0.4750000000000002 0.8609375 0.5187500000000002 0.9140625 0.5187500000000002
0 0.996875 0.5078125000000002 0.94375 0.5078125000000002 0.94375 0.5187500000000002 0.996875 0.5187500000000002
3 0.6375 0.05625000000000008 0.571875 0.056250000000000064 0.571875 0.11250000000000009 0.6375 0.11250000000000009
3 0.71875 0.09218750000000009 0.6515625 0.09218750000000009 0.6515625 0.1546875000000001 0.71875 0.1546875000000001
0 0.0250000000000001 0.79375 9.720633968232116e-17 0.79375 1.0122471199202343e-16 0.859375 0.0250000000000001 0.859375
0 0.06718750000000011 0.846875 1.0371227580279147e-16 0.846875 1.0840037683077742e-16 0.9234375 0.06718750000000011 0.9234375
0 0.10468750000000011 0.90625 0.034375000000000114 0.90625 0.034375000000000114 0.984375 0.10468750000000013 0.984375
0 0.14218750000000013 0.959375 0.07500000000000011 0.959375 0.07500000000000012 1 0.14218750000000013 1
0 0.425 0.51875 0.3843750000000001 0.51875 0.3843750000000001 0.56875 0.425 0.56875
0 0.39531250000000007 0.603125 0.3515625000000001 0.603125 0.3515625000000001 0.6828125 0.39531250000000007 0.6828125
0 0.3703125000000001 0.6953125 0.3312500000000001 0.6953125 0.3312500000000001 0.7625 0.3703125000000001 0.7625
0 0.3156250000000001 0.8609375 0.2765625000000001 0.8609375 0.2765625000000001 0.934375 0.3156250000000001 0.934375
0 0.4078125000000001 0.6828125 0.3593750000000001 0.6828125 0.3593750000000001 0.7640625 0.4078125000000002 0.7640625
0 0.4453125000000001 0.6671875 0.3968750000000001 0.6671875 0.3968750000000001 0.753125 0.44531250000000017 0.753125
0 0.3906250000000001 0.840625 0.3453125000000001 0.840625 0.3453125000000001 0.9203125 0.3906250000000001 0.9203125
3 0.6671875000000002 0.946875 0.6421875000000001 0.946875 0.6421875000000001 1 0.6671875000000002 1
3 0.7578125000000002 0.7765625000000002 0.7406250000000002 0.7765625000000002 0.7406250000000002 0.815625 0.7578125000000002 0.815625
0 0.7437500000000001 0.909375 0.7296875000000002 0.909375 0.7296875000000002 0.934375 0.7437500000000001 0.934375
0 0.7578125000000002 0.8296875 0.7453125000000002 0.8296875 0.7453125000000002 0.8546875 0.7578125000000002 0.8546875
0 0.7890625 0.6734375000000001 0.778125 0.6734375000000001 0.778125 0.6937500000000002 0.7890625 0.6937500000000002
0 0.803125 0.7093750000000002 0.7921875 0.7093750000000002 0.7921875 0.7281250000000001 0.803125 0.7281250000000001
0 0.7765625000000002 0.7531250000000002 0.7640625000000002 0.7531250000000002 0.7640625000000002 0.7765625000000002 0.7765625000000002 0.7765625000000002