0 0.045312500000000026 0.1734375 2.1239967922711906e-17 0.1734375 2.5354015763597545e-17 0.240625 0.04531250000000003 0.240625
0 0.3390625 3.97053454411056e-17 0.309375 3.788751034862124e-17 0.309375 0.048437500000000036 0.3390625 0.04843750000000004
0 0.10312500000000009 0.578125 0.040625000000000064 0.578125 0.04062500000000007 0.6484375 0.10312500000000009 0.6484375
0 0.1609375000000001 0.6140625 0.09218750000000006 0.6140625 0.09218750000000007 0.69375 0.1609375000000001 0.69375
0 0.2156250000000001 0.65625 0.1468750000000001 0.65625 0.1468750000000001 0.709375 0.2156250000000001 0.709375
0 0.2734375000000001 0.69375 0.2093750000000001 0.69375 0.2093750000000001 0.709375 0.2734375000000001 0.709375
0 0.3390625 0.15000000000000005 0.3203125 0.15000000000000005 0.3203125 0.221875 0.3390625 0.221875
0 0.3390625 0.259375 0.328125 0.259375 0.328125 0.340625 0.3390625 0.340625
0 0.7734375 0.4671875000000002 0.7484375 0.4671875000000002 0.7484375 0.5171875000000001 0.7734375 0.5171875000000001
0 0.7546875 0.22656250000000008 0.728125 0.22656250000000008 0.728125 0.2796875000000001 0.7546875 0.2796875000000001
0 0.740625 0.4062500000000001 0.7140625 0.40625 0.7140625 0.4671875000000001 0.740625 0.4671875000000002
0 0.7140625 0.41875 0.690625 0.41875 0.690625 0.46875 0.7140625 0.46875
0 0.696875 0.4328125 0.6703125 0.4328125 0.6703125 0.490625 0.696875 0.490625
0 0.6890625 0.3703125000000001 0.6625 0.3703125000000001 0.6625 0.425 0.6890625 0.425
0 0.7109375 0.3437500000000001 0.68125 0.3437500000000001 0.68125 0.403125 0.7109375 0.403125
0 0.7265625 0.3281250000000001 0.703125 0.3281250000000001 0.703125 0.3828125000000001 0.7265625 0.3828125000000001
0 0.71875 0.2578125000000001 0.690625 0.2578125000000001 0.690625 0.3187500000000001 0.71875 0.3187500000000001
0 0.68125 0.2968750000000001 0.653125 0.2968750000000001 0.653125 0.35625000000000007 0.68125 0.35625000000000007
0 0.675 0.23437500000000008 0.6484375 0.23437500000000008 0.6484375 0.2906250000000001 0.675 0.2906250000000001
0 0.690625 0.2078125000000001 0.665625 0.2078125000000001 0.665625 0.2562500000000001 0.690625 0.2562500000000001
0 0.6671875 0.1750000000000001 0.6421875 0.1750000000000001 0.6421875 0.22812500000000008 0.6671875 0.22812500000000008
0 0.684375 0.1515625000000001 0.6609375 0.1515625000000001 0.6609375 0.19687500000000008 0.684375 0.19687500000000008
0 0.6984375 0.2609375000000001 0.675 0.2609375000000001 0.675 0.3125000000000001 0.6984375 0.3125000000000001
0 0.659375 0.1140625000000001 0.634375 0.1140625000000001 0.634375 0.1625000000000001 0.659375 0.1625000000000001
0 0.68125 0.10000000000000009 0.6546875 0.10000000000000009 0.6546875 0.14843750000000008 0.68125 0.14843750000000008
0 0.6734375 0.046875000000000076 0.646875 0.046875000000000076 0.646875 0.0984375000000001 0.6734375 0.0984375000000001
0 0.665625 7.998474406931151e-17 0.640625 7.845393557037732e-17 0.640625 0.04218750000000008 0.665625 0.04218750000000008
3 0.6578125 0.028125000000000077 0.621875 0.028125000000000077 0.621875 0.10937500000000008 0.6578125 0.10937500000000008
3 0.640625 0.11718750000000008 0.5984375 0.11718750000000008 0.5984375 0.19687500000000008 0.640625 0.19687500000000008
0 0.025000000000000116 0.9140625 0.0031250000000001125 0.9140625 0.003125000000000115 0.9578125 0.025000000000000123 0.9578125
0 0.05625000000000011 0.909375 0.02968750000000011 0.909375 0.02968750000000011 0.95 0.05625000000000011 0.95
0 0.10000000000000012 0.9 0.07031250000000011 0.9 0.07031250000000011 0.94375 0.10000000000000013 0.94375
0 0.21875000000000008 0.8421875 0.1937500000000001 0.8421875 0.1937500000000001 0.878125 0.21875000000000008 0.878125
0 0.1984375000000001 0.84375 0.1750000000000001 0.84375 0.1750000000000001 0.884375 0.1984375000000001 0.884375
0 0.1781250000000001 0.84375 0.15000000000000008 0.84375 0.15000000000000008 0.8875 0.1781250000000001 0.8875
0 0.1531250000000001 0.85 0.12656250000000008 0.85 0.12656250000000008 0.890625 0.1531250000000001 0.890625
0 0.1281250000000001 0.85625 0.10937500000000008 0.85625 0.10937500000000008 0.890625 0.1281250000000001 0.890625
0 0.10781250000000009 0.85625 0.08437500000000012 0.85625 0.08437500000000012 0.8921875 0.10781250000000009 0.8921875
0 0.08437500000000012 0.85625 0.057812500000000114 0.85625 0.057812500000000114 0.896875 0.08437500000000012 0.896875
0 0.057812500000000114 0.8625 0.03125000000000011 0.8625 0.03125000000000011 0.9 0.057812500000000114 0.9
0 0.03281250000000011 0.8640625 0.007812500000000106 0.8640625 0.007812500000000108 0.9015625 0.03281250000000011 0.9015625
0 0.007812500000000108 0.86875 1.0639119067592632e-16 0.86875 1.0859172789314422e-16 0.9046875 0.007812500000000111 0.9046875
0 0.6500000000000001 0.709375 0.621875 0.709375 0.6218750000000001 0.771875 0.6500000000000001 0.771875
0 0.7218750000000002 0.8109375 0.6937500000000002 0.8109375 0.6937500000000002 0.86875 0.7218750000000002 0.86875
0 0.6609375000000002 0.853125 0.6328125000000002 0.853125 0.6328125000000002 0.921875 0.6609375000000002 0.921875
0 0.46093750000000017 0.790625 0.41718750000000016 0.790625 0.41718750000000016 0.8328125 0.46093750000000017 0.8328125
0 0.4703125000000002 0.8390625 0.4281250000000002 0.8390625 0.4281250000000002 0.878125 0.4703125000000002 0.878125
3 0.42968750000000017 0.8640625 0.3625000000000001 0.8640625 0.3625000000000001 0.9234375 0.42968750000000017 0.9234375
0 0.9953125 0.7093750000000002 0.9578125 0.7093750000000002 0.9578125 0.7171875000000002 0.9953125 0.7171875000000002