0 0.3968750000000001 0.5484375 0.3453125000000001 0.5484375 0.3453125000000001 0.5984375 0.3968750000000001 0.5984375
0 0.27812500000000007 0.615625 0.2234375000000001 0.615625 0.2234375000000001 0.6671875 0.27812500000000007 0.6671875
0 0.53125 0.4140625 0.46875 0.4140625 0.46875 0.475 0.53125 0.475
0 0.9984375 0.2390625000000001 0.9421875 0.2390625000000001 0.9421875 0.28593750000000007 0.9984375 0.28593750000000007
0 0.3843750000000001 0.37343750000000003 0.3296875000000001 0.3734375 0.3296875000000001 0.4203125 0.3843750000000001 0.4203125
0 0.275 0.23125 0.228125 0.23125 0.228125 0.3078125 0.275 0.3078125
0 0.2265625 0.13750000000000004 0.1859375 0.13750000000000004 0.18593750000000003 0.2046875 0.2265625 0.2046875
0 0.2640625 0.0031250000000000292 0.2203125 0.003125000000000026 0.2203125 0.07031250000000003 0.2640625 0.07031250000000003
0 0.090625 0.006250000000000007 0.0328125 0.006250000000000003 0.03281250000000001 0.0515625 0.090625 0.0515625
0 0.2171875 0.2671875 0.18593750000000003 0.2671875 0.18593750000000003 0.3125 0.2171875 0.3125
0 0.1609375 0.103125 0.1265625 0.103125 0.1265625 0.15625 0.1609375 0.15625
0 0.571875 0.06875000000000006 0.5140625 0.06875000000000006 0.5140625 0.10312500000000006 0.571875 0.10312500000000009
0 0.6703125 0.06250000000000008 0.6171875 0.06250000000000007 0.6171875 0.09531250000000008 0.6703125 0.09531250000000009
0 0.1859375000000001 0.7125 0.12656250000000008 0.7125 0.12656250000000008 0.759375 0.1859375000000001 0.759375
0 0.19062500000000013 0.95625 0.14062500000000014 0.95625 0.14062500000000014 0.99375 0.19062500000000013 0.99375
0 0.5562500000000001 0.7953125 0.5062500000000002 0.7953125 0.5062500000000002 0.85625 0.5562500000000001 0.85625
0 0.6062500000000002 0.8421875 0.5500000000000002 0.8421875 0.5500000000000002 0.9109375 0.6062500000000002 0.9109375
0 0.6546875000000002 0.89375 0.5968750000000002 0.89375 0.5968750000000002 0.959375 0.6546875000000002 0.959375
0 0.7031250000000002 0.9375 0.6484375000000002 0.9375 0.6484375000000002 1 0.7031250000000002 1
0 0.89375 0.4281250000000002 0.865625 0.4281250000000002 0.865625 0.4937500000000002 0.89375 0.4937500000000002
0 0.88125 0.5343750000000002 0.853125 0.5343750000000002 0.853125 0.6093750000000002 0.88125 0.6093750000000002
0 0.875 0.6312500000000002 0.846875 0.6312500000000002 0.846875 0.6953125000000002 0.875 0.6953125000000002
0 0.853125 0.8015625 0.825 0.8015625 0.825 0.8765625 0.853125 0.8765625
0 0.9125 0.6296875000000002 0.871875 0.6296875000000002 0.871875 0.7062500000000002 0.9125 0.7062500000000002
0 0.9453125 0.5875000000000001 0.9109375 0.5875000000000001 0.9109375 0.6703125000000002 0.9453125 0.6703125000000002