0 0.45 0.07031250000000004 0.3875 0.07031250000000004 0.3875 0.12968750000000004 0.45 0.12968750000000004
0 0.5890625 0.11562500000000006 0.5375 0.11562500000000005 0.5375 0.17656250000000007 0.5890625 0.1765625000000001
0 0.246875 2.5736717888331097e-17 0.1734375 2.1239967922711906e-17 0.1734375 0.021875000000000026 0.246875 0.021875000000000026
0 0.35000000000000003 0.346875 0.2859375 0.346875 0.28593750000000007 0.41875 0.3500000000000001 0.41875
0 0.3203125000000001 0.4015625 0.2484375000000001 0.4015625 0.2484375000000001 0.4828125 0.3203125000000001 0.4828125
0 0.2843750000000001 0.4640625 0.2140625000000001 0.4640625 0.2140625000000001 0.4890625 0.2843750000000001 0.4890625
0 0.045312500000000054 0.421875 5.166478683902896e-17 0.421875 5.57788346799146e-17 0.4890625 0.045312500000000054 0.4890625
3 0.7546875 0.2000000000000001 0.675 0.2000000000000001 0.675 0.3125000000000001 0.7546875 0.3125000000000001
0 0.9375 0.4046875000000002 0.884375 0.4046875000000002 0.884375 0.4500000000000002 0.9375 0.4500000000000002
0 0.5890625 0.6640625 0.5421875 0.6640625 0.5421875 0.7203125 0.5890625 0.7203125
0 0.41718750000000016 0.846875 0.3734375000000001 0.846875 0.3734375000000001 0.921875 0.41718750000000016 0.921875
0 0.3296875000000001 0.8234375 0.28593750000000007 0.8234375 0.28593750000000007 0.9015625 0.3296875000000001 0.9015625
0 0.3890625000000001 0.9546875 0.3515625000000001 0.9546875 0.3515625000000001 1 0.3890625000000001 1
0 0.012500000000000086 0.690625 8.457716956611408e-17 0.690625 8.744743550161569e-17 0.7375 0.01250000000000009 0.7375
0 0.08750000000000009 0.665625 0.03281250000000008 0.665625 0.032812500000000085 0.7140625 0.08750000000000009 0.7140625
0 0.0906250000000001 0.7140625 0.042187500000000086 0.7140625 0.042187500000000086 0.759375 0.0906250000000001 0.759375
0 0.5875000000000001 0.771875 0.5375000000000002 0.771875 0.5375000000000002 0.8203125 0.5875000000000001 0.8203125
0 1 0.7796875000000002 0.9875 0.7796875000000002 0.9875 0.8234375 1 0.8234375
0 1 0.7359375000000001 0.971875 0.7359375000000001 0.971875 0.7796875000000002 1 0.7796875000000002
0 0.959375 0.7671875000000001 0.9140625 0.7671875000000001 0.9140625 0.8125 0.959375 0.8125
0 0.871875 0.8625 0.8265625 0.8625 0.8265625 0.9078125 0.871875 0.9078125
0 0.9546875 0.8734375 0.9078125 0.8734375 0.9078125 0.91875 0.9546875 0.91875
0 1 0.85 0.9609375 0.85 0.9609375 0.896875 1 0.896875
0 0.9921875 0.8015625 0.940625 0.8015625 0.940625 0.8484375 0.9921875 0.8484375
0 0.909375 0.7890625000000002 0.8609375 0.7890625000000002 0.8609375 0.834375 0.909375 0.834375
0 0.7859375000000002 0.9 0.7375000000000002 0.9 0.7375000000000002 0.9453125 0.7859375000000002 0.9453125
0 0.7140625000000002 0.9375 0.6625000000000002 0.9375 0.6625000000000002 0.9875 0.7140625000000002 0.9875
0 0.6375000000000002 0.934375 0.5890625000000002 0.934375 0.5890625000000002 0.9875 0.6375000000000002 0.9875
0 0.6421875000000001 0.9875 0.5906250000000002 0.9875 0.5906250000000002 1 0.6421875000000001 1
0 0.7343750000000002 0.875 0.6859375000000002 0.875 0.6859375000000002 0.9203125 0.7343750000000002 0.9203125
3 0.8484375 0.7953125000000002 0.7750000000000001 0.7953125000000002 0.7750000000000001 0.8703125 0.8484375 0.8703125
0 0.9421875 0.8296875 0.8921875 0.8296875 0.8921875 0.875 0.9421875 0.875