0 0.4015625 0.5453125 0.3500000000000001 0.5453125 0.3500000000000001 0.59375 0.4015625 0.59375
0 0.2656250000000001 0.625 0.2093750000000001 0.625 0.2093750000000001 0.6734375 0.2656250000000001 0.6734375
0 0.584375 0.3843750000000001 0.521875 0.3843750000000001 0.521875 0.4421875 0.584375 0.4421875
0 0.946875 0.26250000000000007 0.8875 0.26250000000000007 0.8875 0.31718750000000007 0.946875 0.31718750000000007
0 0.3984375000000001 0.3765625 0.3437500000000001 0.3765625 0.3437500000000001 0.41875 0.3984375000000001 0.41875
0 0.2796875 0.2296875 0.2328125 0.2296875 0.2328125 0.30625 0.2796875 0.30625
0 0.2296875 0.13281250000000006 0.190625 0.13281250000000006 0.19062500000000002 0.2015625 0.2296875 0.2015625
0 0.2671875 0.0015625000000000302 0.225 0.0015625000000000278 0.225 0.06718750000000002 0.2671875 0.06718750000000002
0 0.096875 0.0046875000000000085 0.034375 0.004687500000000004 0.034375 0.05000000000000001 0.096875 0.050000000000000024
0 0.2234375 0.2609375 0.18906250000000005 0.2609375 0.18906250000000005 0.309375 0.2234375 0.309375
0 0.1671875 0.09843750000000002 0.13125 0.09843750000000002 0.13125 0.1515625 0.1671875 0.1515625
0 0.5765625 0.06093750000000007 0.51875 0.06093750000000007 0.51875 0.10156250000000007 0.5765625 0.10156250000000008
0 0.675 0.05937500000000008 0.6234375 0.05937500000000007 0.6234375 0.09218750000000007 0.675 0.09218750000000009
0 0.1296875000000001 0.7390625 0.0671875000000001 0.7390625 0.0671875000000001 0.7875 0.1296875000000001 0.7875
0 0.19687500000000013 0.9546875 0.14531250000000012 0.9546875 0.14531250000000012 0.9890625 0.19687500000000013 0.9890625
0 0.5625000000000002 0.7921875 0.5109375000000002 0.7921875 0.5109375000000002 0.8546875 0.5625000000000002 0.8546875
0 0.6109375000000001 0.8375 0.5546875000000002 0.8375 0.5546875000000002 0.9078125 0.6109375000000001 0.9078125
0 0.6593750000000002 0.8921875 0.6015625000000002 0.8921875 0.6015625000000002 0.95625 0.6593750000000002 0.95625
0 0.7093750000000002 0.9375 0.6546875000000002 0.9375 0.6546875000000002 0.9984375 0.7093750000000002 0.9984375
0 0.9 0.42187500000000017 0.86875 0.42187500000000017 0.86875 0.4890625000000002 0.9 0.4890625000000002
0 0.8859375 0.5312500000000002 0.85625 0.5312500000000002 0.85625 0.6078125000000002 0.8859375 0.6078125000000002
0 0.8828125 0.6281250000000002 0.8484375 0.6281250000000002 0.8484375 0.6937500000000002 0.8828125 0.6937500000000002
0 0.85625 0.7968750000000002 0.828125 0.7968750000000002 0.828125 0.871875 0.85625 0.871875
0 0.9171875 0.6281250000000002 0.875 0.6281250000000002 0.875 0.7078125000000002 0.9171875 0.7078125000000002
0 0.95 0.5859375000000002 0.915625 0.5859375000000002 0.915625 0.6640625000000002 0.95 0.6640625000000002