0 0.6 0.3000000000000001 0.5421875 0.3000000000000001 0.5421875 0.3609375000000001 0.6 0.3609375000000001
0 0.45625 0.2000000000000001 0.38125 0.2000000000000001 0.38125 0.2734375000000001 0.45625 0.2734375000000001
0 0.578125 0.12812500000000007 0.5140625 0.12812500000000004 0.5140625 0.18593750000000006 0.578125 0.1859375000000001
0 0.07500000000000004 0.309375 0.031250000000000035 0.309375 0.03125000000000004 0.3796875 0.07500000000000004 0.3796875
0 0.11562500000000005 0.409375 0.07031250000000004 0.409375 0.07031250000000006 0.4890625 0.11562500000000005 0.4890625
0 0.14218750000000005 0.5015625 0.09843750000000007 0.5015625 0.09843750000000007 0.51875 0.14218750000000005 0.51875
0 0.07343750000000007 0.475 0.020312500000000056 0.475 0.02031250000000006 0.51875 0.07343750000000007 0.51875
0 1 0.07031250000000012 0.9796875 0.07031250000000011 0.9796875 0.11562500000000013 1 0.11562500000000013
0 0.9796875 0.08125000000000011 0.9484375 0.08125000000000011 0.9484375 0.12968750000000012 0.9796875 0.12968750000000012
0 0.940625 0.09843750000000011 0.9078125 0.09843750000000011 0.9078125 0.14843750000000014 0.940625 0.14843750000000014
0 0.825 0.4265625000000002 0.796875 0.4265625000000002 0.796875 0.47656250000000017 0.825 0.47656250000000017
0 0.8046875 0.43750000000000017 0.7765625 0.43750000000000017 0.7765625 0.4828125000000002 0.8046875 0.4828125000000002
0 0.7796875 0.4437500000000002 0.753125 0.4437500000000002 0.753125 0.4890625000000002 0.7796875 0.4890625000000002
0 0.7546875 0.45000000000000007 0.7234375 0.45 0.7234375 0.4984375000000001 0.7546875 0.4984375000000002
0 0.728125 0.46562500000000007 0.6984375 0.465625 0.6984375 0.5109375 0.728125 0.5109375000000002
0 0.70625 0.4765625 0.6796875 0.4765625 0.6796875 0.51875 0.70625 0.51875
0 0.609375 0.17343750000000008 0.6 0.17343750000000008 0.6 0.21875000000000008 0.609375 0.21875000000000008
0 0.671875 0.1453125000000001 0.6421875 0.1453125000000001 0.6421875 0.1937500000000001 0.671875 0.1937500000000001
0 0.80625 0.10781250000000009 0.778125 0.10781250000000009 0.778125 0.1515625000000001 0.80625 0.1515625000000001
0 0.8234375 0.10156250000000008 0.796875 0.10156250000000008 0.796875 0.1468750000000001 0.8234375 0.1468750000000001
0 0.846875 0.0828125000000001 0.8140625 0.0828125000000001 0.8140625 0.1390625000000001 0.846875 0.1390625000000001
0 0.8703125 0.08906250000000011 0.8421875 0.08906250000000011 0.8421875 0.1296875000000001 0.8703125 0.1296875000000001
0 0.8875 0.07500000000000011 0.8640625 0.07500000000000011 0.8640625 0.11875000000000009 0.8875 0.11875000000000009
0 0.9078125 0.06562500000000011 0.88125 0.06562500000000011 0.88125 0.1109375000000001 0.9078125 0.11093750000000013
0 0.9328125 0.05156250000000011 0.9015625 0.05156250000000011 0.9015625 0.10156250000000011 0.9328125 0.10156250000000014
0 0.9578125 0.03906250000000012 0.928125 0.03906250000000011 0.928125 0.0875000000000001 0.9578125 0.0875000000000001
0 0.9796875 0.034375000000000114 0.9515625 0.034375000000000114 0.9515625 0.0796875000000001 0.9796875 0.0796875000000001
0 1 0.02187500000000012 0.971875 0.021875000000000117 0.971875 0.06875000000000012 1 0.06875000000000013
0 0.5640625 0.525 0.5375 0.525 0.5375 0.578125 0.5640625 0.578125
0 0.15000000000000008 0.5828125 0.11562500000000009 0.5828125 0.11562500000000009 0.615625 0.15000000000000008 0.615625
0 0.5609375000000002 0.765625 0.5312500000000002 0.765625 0.5312500000000002 0.83125 0.5609375000000002 0.83125
0 0.5375000000000001 0.68125 0.509375 0.68125 0.5093750000000001 0.740625 0.5375000000000002 0.740625
0 0.7515625000000001 0.7921875 0.7015625000000002 0.7921875 0.7015625000000002 0.840625 0.7515625000000001 0.840625
0 0.6921875000000002 0.8140625 0.6437500000000002 0.8140625 0.6437500000000002 0.8625 0.6921875000000002 0.8625
0 0.7265625000000002 0.846875 0.6812500000000001 0.846875 0.6812500000000001 0.89375 0.7265625000000002 0.89375