0 0.07031250000000006 0.41875 0.01562500000000005 0.41875 0.015625000000000052 0.459375 0.07031250000000007 0.459375
0 0.4171875 0.19843750000000004 0.3484375 0.19843750000000004 0.3484375 0.26093750000000004 0.4171875 0.2609375000000001
0 0.45625 0.2718750000000001 0.3921875 0.2718750000000001 0.3921875 0.3343750000000001 0.45625 0.3343750000000001
0 0.09375000000000003 0.2609375 0.040625000000000036 0.2609375 0.040625000000000036 0.2984375 0.09375000000000004 0.2984375
0 0.578125 0.33281250000000007 0.54375 0.33281250000000007 0.54375 0.403125 0.578125 0.403125
0 0.55625 0.440625 0.5203125 0.440625 0.5203125 0.459375 0.55625 0.459375
0 0.74375 0.3359375000000001 0.7078125 0.3359375000000001 0.7078125 0.3828125000000001 0.74375 0.3828125000000001
0 0.7265625 0.10781250000000009 0.69375 0.10781250000000009 0.69375 0.1515625000000001 0.7265625 0.1515625000000001
0 0.7765625 0.06250000000000008 0.7453125 0.06250000000000008 0.7453125 0.10937500000000008 0.7765625 0.10937500000000008
0 0.7390625 0.05156250000000009 0.709375 0.05156250000000009 0.709375 0.0984375000000001 0.7390625 0.0984375000000001
0 0.7046875 0.040625000000000085 0.671875 0.04062500000000008 0.671875 0.0906250000000001 0.7046875 0.0906250000000001
0 0.89375 0.1531250000000001 0.8609375 0.1531250000000001 0.8609375 0.20312500000000008 0.89375 0.20312500000000008
0 0.7828125 0.1781250000000001 0.75 0.1781250000000001 0.75 0.2250000000000001 0.7828125 0.2250000000000001
0 1 0.12500000000000014 0.975 0.12500000000000014 0.975 0.16875000000000012 1 0.16875000000000012
0 0.9734375 0.11875000000000013 0.9453125 0.11875000000000013 0.9453125 0.16562500000000013 0.9734375 0.16562500000000013
0 0.94375 0.11562500000000013 0.9125 0.11562500000000013 0.9125 0.15937500000000013 0.94375 0.15937500000000013
0 0.8984375 0.10000000000000009 0.8671875 0.10000000000000009 0.8671875 0.1437500000000001 0.8984375 0.1437500000000001
0 0.759375 0.4468750000000002 0.7296875 0.4468750000000002 0.7296875 0.4593750000000002 0.759375 0.4593750000000002
3 0.7625 0.2312500000000001 0.725 0.2312500000000001 0.725 0.2921875000000001 0.7625 0.2921875000000001
0 0.01093750000000011 0.86875 1.0639119067592632e-16 0.86875 1.0954848320497809e-16 0.9203125 0.010937500000000114 0.9203125
0 0.06718750000000011 0.89375 0.04375000000000011 0.89375 0.04375000000000011 0.9390625 0.06718750000000011 0.9390625
0 0.10468750000000011 0.896875 0.07812500000000011 0.896875 0.07812500000000011 0.946875 0.10468750000000013 0.946875
0 0.12500000000000014 0.9140625 0.10625000000000014 0.9140625 0.10625000000000014 0.95 0.12500000000000014 0.95
0 0.15625000000000014 0.9140625 0.13281250000000014 0.9140625 0.13281250000000014 0.9546875 0.15625000000000014 0.9546875
0 0.2000000000000001 0.9203125 0.17500000000000013 0.9203125 0.17500000000000013 0.9640625 0.2000000000000001 0.9640625
0 0.415625 0.5640625 0.4015625 0.5640625 0.4015625 0.634375 0.415625 0.634375
0 0.4921875 0.64375 0.46875 0.64375 0.46875 0.7234375 0.4921875 0.7234375
0 0.6593750000000002 0.9515625 0.6453125000000002 0.9515625 0.6453125000000002 0.9921875 0.6593750000000002 0.9921875
0 0.6421875000000001 0.9484375 0.6203125000000002 0.9484375 0.6203125000000002 0.9875 0.6421875000000001 0.9875
0 0.6171875000000002 0.9421875 0.5968750000000002 0.9421875 0.5968750000000002 0.98125 0.6171875000000002 0.98125
0 0.5953125000000001 0.93125 0.5703125000000002 0.93125 0.5703125000000002 0.98125 0.5953125000000001 0.98125
0 0.5640625000000001 0.9328125 0.5437500000000002 0.9328125 0.5437500000000002 0.971875 0.5640625000000001 0.971875
0 0.5359375000000002 0.928125 0.5140625000000002 0.928125 0.5140625000000002 0.9671875 0.5359375000000002 0.9671875
0 0.4703125000000002 0.915625 0.4500000000000002 0.915625 0.4500000000000002 0.95625 0.4703125000000002 0.95625
0 0.3312500000000001 0.9 0.30937500000000007 0.9 0.30937500000000007 0.9390625 0.3312500000000001 0.9390625
0 0.3109375000000001 0.8984375 0.2921875000000001 0.8984375 0.2921875000000001 0.9390625 0.3109375000000001 0.9390625
0 0.2906250000000001 0.8859375 0.2656250000000001 0.8859375 0.2656250000000001 0.934375 0.2906250000000001 0.934375
0 0.2640625000000001 0.8921875 0.2406250000000001 0.8921875 0.2406250000000001 0.928125 0.2640625000000001 0.928125
0 0.2390625000000001 0.884375 0.2234375000000001 0.884375 0.2234375000000001 0.925 0.2390625000000001 0.925
0 0.2218750000000001 0.8796875 0.2015625000000001 0.8796875 0.2015625000000001 0.91875 0.2218750000000001 0.91875
0 0.1968750000000001 0.871875 0.1750000000000001 0.871875 0.1750000000000001 0.915625 0.19687500000000013 0.915625
0 0.1703125000000001 0.865625 0.14843750000000008 0.865625 0.14843750000000008 0.9046875 0.1703125000000001 0.9046875
0 0.1453125000000001 0.8625 0.12343750000000009 0.8625 0.12343750000000009 0.903125 0.1453125000000001 0.903125
0 0.12343750000000009 0.8578125 0.10312500000000009 0.8578125 0.10312500000000009 0.8984375 0.12343750000000009 0.8984375
0 0.09843750000000011 0.853125 0.0796875000000001 0.853125 0.0796875000000001 0.89375 0.09843750000000011 0.89375
0 0.07656250000000012 0.846875 0.05625000000000011 0.846875 0.05625000000000011 0.8875 0.07656250000000012 0.8875
0 0.05312500000000011 0.8390625 0.0343750000000001 0.8390625 0.03437500000000011 0.8828125 0.05312500000000011 0.8828125
0 0.032812500000000105 0.8359375 0.0125000000000001 0.8359375 0.012500000000000103 0.8765625 0.03281250000000011 0.8765625
0 0.93125 0.4593750000000002 0.8953125 0.4593750000000002 0.8953125 0.5031250000000002 0.93125 0.5031250000000002
0 1 0.6781250000000002 0.975 0.6781250000000002 0.975 0.7312500000000002 1 0.7312500000000002