0 0.2562500000000001 0.4359375 0.19531250000000006 0.4359375 0.19531250000000006 0.49375 0.2562500000000001 0.49375
0 0.4625 0.5046875 0.3984375000000001 0.5046875 0.3984375000000001 0.5640625 0.4625 0.5640625
0 0.215625 0.28125 0.15781250000000005 0.28125 0.15781250000000005 0.3234375 0.215625 0.3234375
0 0.31875 0.10156250000000004 0.25625 0.10156250000000004 0.25625 0.18593750000000003 0.31875 0.18593750000000003
0 0.3390625 3.8365888004538175e-17 0.2875 3.5208595475486407e-17 0.2875 0.07500000000000004 0.3390625 0.07500000000000004
0 0.3578125 0.12656250000000005 0.31875 0.12656250000000005 0.31875 0.17968750000000006 0.3578125 0.17968750000000006
0 0.3859375 4.448912200027494e-17 0.340625 4.171453159595672e-17 0.340625 0.014062500000000047 0.3859375 0.01406250000000005
0 0.1468750000000001 0.709375 0.08593750000000008 0.709375 0.08593750000000008 0.76875 0.1468750000000001 0.76875
0 0.9453125 1.1299280232758e-16 0.9 1.1021821192326179e-16 0.9 0.021875000000000113 0.9453125 0.021875000000000117
0 0.84375 0.0609375000000001 0.8015625 0.06093750000000009 0.8015625 0.11250000000000009 0.84375 0.11250000000000009
0 0.3000000000000001 0.76875 0.27031250000000007 0.76875 0.27031250000000007 0.840625 0.3000000000000001 0.840625
0 0.2640625000000001 0.76875 0.23437500000000008 0.76875 0.23437500000000008 0.796875 0.2640625000000001 0.796875
0 0.2312500000000001 0.775 0.19687500000000008 0.775 0.19687500000000008 0.85625 0.2312500000000001 0.85625
0 0.18125000000000008 0.76875 0.14843750000000008 0.76875 0.14843750000000008 0.8015625 0.18125000000000008 0.8015625
0 0.2906250000000001 0.859375 0.2578125000000001 0.859375 0.2578125000000001 0.9328125 0.2906250000000001 0.9328125
0 0.5187500000000002 0.984375 0.4781250000000002 0.984375 0.4781250000000002 1 0.5187500000000002 1
2 0.35625000000000007 0.925 0.2953125000000001 0.925 0.2953125000000001 1 0.35625000000000007 1
3 0.7031250000000002 0.9765625 0.6265625000000001 0.9765625 0.6265625000000001 1 0.7031250000000002 1