0 0.4078125 0.5453125 0.3578125000000001 0.5453125 0.3578125000000001 0.5921875 0.4078125 0.5921875
0 0.15000000000000008 0.64375 0.09687500000000009 0.64375 0.09687500000000009 0.690625 0.15000000000000008 0.690625
0 0.1937500000000001 0.6671875 0.1375000000000001 0.6671875 0.1375000000000001 0.7171875 0.1937500000000001 0.7171875
0 0.7375 0.3000000000000001 0.6734375 0.3000000000000001 0.6734375 0.3593750000000001 0.7375 0.3593750000000001
0 0.7828125 0.3703125000000001 0.721875 0.3703125000000001 0.721875 0.4296875000000001 0.7828125 0.42968750000000017
0 0.41875 0.3843750000000001 0.3687500000000001 0.3843750000000001 0.3687500000000001 0.41875 0.41875 0.41875
0 0.284375 0.2296875 0.2375 0.2296875 0.2375 0.30625 0.284375 0.30625
0 0.2359375 0.13281250000000006 0.1953125 0.13281250000000006 0.19531250000000003 0.203125 0.2359375 0.203125
0 0.275 0.0031250000000000305 0.23125 0.003125000000000028 0.23125 0.06875000000000003 0.275 0.06875000000000005
0 0.1015625 0.003125000000000009 0.0421875 0.0031250000000000054 0.0421875 0.054687500000000014 0.1015625 0.05468750000000002
0 0.2265625 0.2640625 0.19687500000000005 0.2640625 0.19687500000000005 0.309375 0.2265625 0.309375
0 0.171875 0.09843750000000002 0.1375 0.09843750000000002 0.1375 0.153125 0.171875 0.153125
0 0.58125 0.06406250000000006 0.5265625 0.06406250000000006 0.5265625 0.09843750000000007 0.58125 0.09843750000000007
0 0.6828125 0.05937500000000008 0.6296875 0.05937500000000007 0.6296875 0.09218750000000007 0.6828125 0.09218750000000009
0 0.2015625000000001 0.95625 0.15000000000000013 0.95625 0.15000000000000013 0.990625 0.2015625000000001 0.990625
0 0.5671875000000002 0.7921875 0.5156250000000002 0.7921875 0.5156250000000002 0.853125 0.5671875000000002 0.853125
0 0.6171875000000002 0.8375 0.5593750000000002 0.8375 0.5593750000000002 0.9078125 0.6171875000000002 0.9078125
0 0.6656250000000001 0.8921875 0.6062500000000002 0.8921875 0.6062500000000002 0.9578125 0.6656250000000001 0.9578125
0 0.7156250000000002 0.9359375 0.6593750000000002 0.9359375 0.6593750000000002 0.9984375 0.7156250000000002 0.9984375
0 0.9078125 0.42187500000000017 0.8765625 0.42187500000000017 0.8765625 0.4906250000000002 0.9078125 0.4906250000000002
0 0.89375 0.5312500000000002 0.8640625 0.5312500000000002 0.8640625 0.6078125000000002 0.89375 0.6078125000000002
0 0.8875 0.6265625000000001 0.85625 0.6265625000000001 0.85625 0.6921875000000002 0.8875 0.6921875000000002
0 0.8640625 0.7953125000000002 0.834375 0.7953125000000002 0.834375 0.871875 0.8640625 0.871875
0 0.9234375 0.6390625000000002 0.8765625 0.6390625000000002 0.8765625 0.7187500000000002 0.9234375 0.7187500000000002
0 0.95625 0.5875000000000001 0.921875 0.5875000000000001 0.921875 0.6671875000000002 0.95625 0.6671875000000002