0 0.33281250000000007 0.403125 0.2796875000000001 0.403125 0.2796875000000001 0.453125 0.33281250000000007 0.453125
0 0.07187500000000006 0.4921875 0.015625000000000062 0.4921875 0.015625000000000062 0.5421875 0.07187500000000006 0.5421875
0 0.11406250000000007 0.5171875 0.05468750000000007 0.5171875 0.05468750000000007 0.56875 0.1140625000000001 0.56875
0 0.66875 0.1687500000000001 0.603125 0.1687500000000001 0.603125 0.2296875000000001 0.66875 0.2296875000000001
0 0.66875 0.2406250000000001 0.6484375 0.2406250000000001 0.6484375 0.30156250000000007 0.66875 0.30156250000000007
0 0.3484375 0.2421875 0.296875 0.2421875 0.296875 0.278125 0.3484375 0.278125
0 0.21875 0.08281250000000002 0.16875 0.08281250000000002 0.16875 0.1609375 0.21875 0.16093750000000004
0 0.1734375 1.8561053049577072e-17 0.1296875 1.5882138176442238e-17 0.1296875 0.05625000000000002 0.1734375 0.05625000000000002
0 0.1609375 0.115625 0.1296875 0.115625 0.1296875 0.1625 0.1609375 0.1625
0 0.48125 0.6546875 0.428125 0.6546875 0.428125 0.6796875 0.48125 0.6796875
0 0.8578125 0.6265625000000001 0.846875 0.6265625000000001 0.846875 0.6546875000000002 0.8578125 0.6546875000000002
0 0.8765625 0.6328125000000002 0.865625 0.6328125000000002 0.865625 0.6578125000000001 0.8765625 0.6578125000000001
0 0.896875 0.5953125000000001 0.884375 0.5953125000000001 0.884375 0.6218750000000002 0.896875 0.6218750000000002
0 0.903125 0.49531250000000016 0.89375 0.49531250000000016 0.89375 0.5140625000000002 0.903125 0.5140625000000002
0 0.89375 0.4703125000000002 0.884375 0.4703125000000002 0.884375 0.4906250000000002 0.89375 0.4906250000000002
0 0.978125 0.4984375000000002 0.9671875 0.4984375000000002 0.9671875 0.5218750000000002 0.978125 0.5218750000000002
0 0.9796875 0.5515625000000002 0.96875 0.5515625000000002 0.96875 0.5765625000000002 0.9796875 0.5765625000000002
0 0.98125 0.6578125000000001 0.9703125 0.6578125000000001 0.9703125 0.6796875000000002 0.98125 0.6796875000000002
0 0.9515625 0.5375000000000002 0.934375 0.5375000000000002 0.934375 0.5515625000000002 0.9515625 0.5515625000000002
0 0.9515625 0.5515625000000002 0.9328125 0.5515625000000002 0.9328125 0.5640625000000001 0.9515625 0.5640625000000001
0 0.95 0.5671875000000002 0.9328125 0.5671875000000002 0.9328125 0.5828125000000002 0.95 0.5828125000000002
0 0.9515625 0.5812500000000002 0.9328125 0.5812500000000002 0.9328125 0.5953125000000001 0.9515625 0.5953125000000001
0 0.9484375 0.5937500000000002 0.9296875 0.5937500000000002 0.9296875 0.6062500000000002 0.9484375 0.6062500000000002
0 0.9515625 0.6046875000000002 0.9328125 0.6046875000000002 0.9328125 0.6187500000000001 0.9515625 0.6187500000000001
0 0.9515625 0.6140625000000002 0.9296875 0.6140625000000002 0.9296875 0.6296875000000002 0.9515625 0.6296875000000002
0 0.95 0.6281250000000002 0.9296875 0.6281250000000002 0.9296875 0.6437500000000002 0.95 0.6437500000000002
0 0.95 0.6406250000000002 0.9296875 0.6406250000000002 0.9296875 0.6546875000000002 0.95 0.6546875000000002
0 0.9515625 0.6500000000000001 0.928125 0.6500000000000001 0.928125 0.6703125000000002 0.9515625 0.6703125000000002
0 0.95 0.6765625000000002 0.9265625 0.6765625000000002 0.9265625 0.6796875000000002 0.95 0.6796875000000002
3 0.9796875 0.5796875000000001 0.96875 0.5796875000000001 0.96875 0.6093750000000002 0.9796875 0.6093750000000002
0 0.8484375 0.49218750000000017 0.834375 0.49218750000000017 0.834375 0.5109375000000002 0.8484375 0.5109375000000002
0 0.853125 0.47968750000000016 0.8359375 0.47968750000000016 0.8359375 0.4984375000000002 0.853125 0.4984375000000002
0 0.8515625 0.47187500000000016 0.8359375 0.47187500000000016 0.8359375 0.48750000000000016 0.8515625 0.48750000000000016
0 0.853125 0.4625000000000002 0.8359375 0.4625000000000002 0.8359375 0.4781250000000002 0.853125 0.4781250000000002
0 0.8578125 0.4468750000000002 0.840625 0.4468750000000002 0.840625 0.4625000000000002 0.8578125 0.4625000000000002
3 0.9765625 0.4734375000000002 0.9671875 0.4734375000000002 0.9671875 0.4968750000000002 0.9765625 0.4968750000000002
0 0.975 0.45625000000000016 0.9671875 0.45625000000000016 0.9671875 0.4750000000000002 0.975 0.4750000000000002
0 0.9734375 0.4390625000000002 0.9671875 0.4390625000000002 0.9671875 0.4546875000000002 0.9734375 0.4546875000000002
0 0.975 0.4203125000000002 0.9671875 0.4203125000000002 0.9671875 0.4390625000000002 0.975 0.4390625000000002
0 0.975 0.40156250000000016 0.9671875 0.40156250000000016 0.9671875 0.4203125000000002 0.975 0.4203125000000002
0 0.9734375 0.3750000000000001 0.965625 0.3750000000000001 0.965625 0.3906250000000001 0.9734375 0.3906250000000001
0 0.9734375 0.3593750000000001 0.965625 0.3593750000000001 0.965625 0.3765625000000001 0.9734375 0.3765625000000001
0 0.971875 0.3437500000000001 0.9640625 0.3437500000000001 0.9640625 0.3593750000000001 0.971875 0.3593750000000001
0 0.903125 0.34843750000000007 0.8953125 0.34843750000000007 0.8953125 0.3625000000000001 0.903125 0.3625000000000001
0 0.90625 0.42500000000000016 0.8984375 0.42500000000000016 0.8984375 0.44062500000000016 0.90625 0.44062500000000016
0 0.8796875 0.3703125000000001 0.8734375 0.3703125000000001 0.8734375 0.3859375000000001 0.8796875 0.3859375000000001
3 0.9171875 0.3187500000000001 0.909375 0.3187500000000001 0.909375 0.3343750000000001 0.9171875 0.3343750000000001
0 0.8984375 0.2796875000000001 0.89375 0.2796875000000001 0.89375 0.29375000000000007 0.8984375 0.29375000000000007
0 0.91875 0.2578125000000001 0.9125 0.2578125000000001 0.9125 0.27031250000000007 0.91875 0.27031250000000007
0 0.915625 0.2250000000000001 0.909375 0.2250000000000001 0.909375 0.23437500000000008 0.915625 0.23437500000000008
0 0.9125 0.2468750000000001 0.9078125 0.2468750000000001 0.9078125 0.2593750000000001 0.9125 0.2593750000000001
0 0.971875 0.33281250000000007 0.965625 0.33281250000000007 0.965625 0.3453125000000001 0.971875 0.3453125000000001
0 0.971875 0.31718750000000007 0.965625 0.31718750000000007 0.965625 0.3312500000000001 0.971875 0.3312500000000001
0 0.95625 0.2796875000000001 0.95 0.2796875000000001 0.95 0.2953125000000001 0.95625 0.2953125000000001
0 0.978125 0.27812500000000007 0.9671875 0.27812500000000007 0.9671875 0.2890625000000001 0.978125 0.2890625000000001
0 0.978125 0.2734375000000001 0.9671875 0.2734375000000001 0.9671875 0.2828125000000001 0.978125 0.2828125000000001
0 0.959375 0.26250000000000007 0.9515625 0.26250000000000007 0.9515625 0.2750000000000001 0.959375 0.2750000000000001
0 0.9578125 0.2531250000000001 0.9515625 0.2531250000000001 0.9515625 0.2640625000000001 0.9578125 0.2640625000000001
0 0.9578125 0.24375000000000008 0.9515625 0.24375000000000008 0.9515625 0.25468750000000007 0.9578125 0.25468750000000007
0 0.9578125 0.2234375000000001 0.953125 0.2234375000000001 0.953125 0.23437500000000008 0.9578125 0.23437500000000008
0 0.9203125 0.14687500000000014 0.9140625 0.14687500000000014 0.9140625 0.15781250000000013 0.9203125 0.15781250000000013
0 0.9203125 0.17031250000000014 0.9140625 0.17031250000000014 0.9140625 0.17968750000000014 0.9203125 0.17968750000000014
0 0.031250000000000125 0.9875 0.007812500000000121 0.9875 0.007812500000000121 1 0.031250000000000125 1
0 0.4250000000000001 0.6796875 0.4125 0.6796875 0.4125000000000001 0.73125 0.42500000000000016 0.73125
0 0.5031250000000002 0.7453125 0.4828125000000002 0.7453125 0.4828125000000002 0.8203125 0.5031250000000002 0.8203125
0 0.2593750000000001 0.9921875 0.2453125000000001 0.9921875 0.2453125000000001 1 0.2593750000000001 1
0 0.2406250000000001 0.9875 0.2218750000000001 0.9875 0.2218750000000001 1 0.2406250000000001 1
0 0.2171875000000001 0.9828125 0.19531250000000014 0.9828125 0.19531250000000014 1 0.2171875000000001 1
0 0.18906250000000013 0.9796875 0.16875000000000012 0.9796875 0.16875000000000012 1 0.18906250000000013 1
0 0.16406250000000014 0.975 0.14375000000000013 0.975 0.14375000000000013 1 0.16406250000000014 1
0 0.14062500000000014 0.971875 0.12187500000000014 0.971875 0.12187500000000014 1 0.14062500000000014 1
0 0.11718750000000014 0.965625 0.10000000000000013 0.965625 0.10000000000000013 1 0.11718750000000014 1
0 0.09531250000000012 0.9640625 0.07656250000000012 0.9640625 0.07656250000000012 1 0.09531250000000013 1
0 0.0718750000000001 0.95625 0.05468750000000011 0.95625 0.05468750000000011 0.996875 0.0718750000000001 0.996875
0 0.05156250000000011 0.953125 0.03281250000000012 0.953125 0.03281250000000012 0.99375 0.05156250000000011 0.99375
0 0.9203125 0.6796875000000002 0.8828125 0.6796875000000002 0.8828125 0.7062500000000002 0.9203125 0.7062500000000002
0 1 0.6984375000000002 0.98125 0.6984375000000002 0.98125 0.7578125000000002 1 0.7578125000000002