0 0.40625 0.5453125 0.3531250000000001 0.5453125 0.3531250000000001 0.59375 0.40625 0.59375
0 0.08593750000000008 0.671875 0.031250000000000076 0.671875 0.03125000000000008 0.71875 0.08593750000000008 0.71875
0 0.22031250000000008 0.653125 0.16406250000000008 0.653125 0.16406250000000008 0.7015625 0.22031250000000008 0.7015625
0 0.6859375 0.3296875000000001 0.621875 0.3296875000000001 0.621875 0.38750000000000007 0.6859375 0.38750000000000007
0 0.8359375 0.33281250000000007 0.7765625 0.33281250000000007 0.7765625 0.3906250000000001 0.8359375 0.3906250000000001
0 0.4125 0.38593750000000004 0.3609375000000001 0.3859375 0.3609375000000001 0.41875 0.4125 0.41875
0 0.2828125 0.2296875 0.234375 0.2296875 0.234375 0.30625 0.2828125 0.30625
0 0.2328125 0.13281250000000006 0.1921875 0.13281250000000006 0.1921875 0.2015625 0.2328125 0.2015625
0 0.2703125 0.0031250000000000305 0.228125 0.003125000000000028 0.228125 0.06875000000000002 0.2703125 0.06875000000000002
0 0.096875 0.006250000000000008 0.0375 0.0062500000000000056 0.037500000000000006 0.054687500000000014 0.096875 0.05468750000000002
0 0.225 0.2625 0.19375000000000003 0.2625 0.19375000000000003 0.309375 0.225 0.309375
0 0.1703125 0.09843750000000002 0.134375 0.09843750000000002 0.134375 0.153125 0.1703125 0.153125
0 0.578125 0.06406250000000006 0.5234375 0.06406250000000006 0.5234375 0.09843750000000007 0.578125 0.09843750000000007
0 0.6796875 0.060937500000000075 0.6265625 0.06093750000000007 0.6265625 0.09375000000000008 0.6796875 0.09375000000000008
0 0.2000000000000001 0.95625 0.14843750000000014 0.95625 0.14843750000000014 0.990625 0.2000000000000001 0.990625
0 0.5656250000000002 0.79375 0.5140625000000002 0.79375 0.5140625000000002 0.853125 0.5656250000000002 0.853125
0 0.6140625000000002 0.840625 0.5562500000000001 0.840625 0.5562500000000001 0.909375 0.6140625000000002 0.909375
0 0.6609375000000002 0.8921875 0.6046875000000002 0.8921875 0.6046875000000002 0.95625 0.6609375000000002 0.95625
0 0.7125000000000001 0.9375 0.6578125000000001 0.9375 0.6578125000000001 0.9984375 0.7125000000000001 0.9984375
0 0.903125 0.42500000000000016 0.8734375 0.42500000000000016 0.8734375 0.4906250000000002 0.903125 0.4906250000000002
0 0.8921875 0.5312500000000002 0.8578125 0.5312500000000002 0.8578125 0.6062500000000002 0.8921875 0.6062500000000002
0 0.8859375 0.6296875000000002 0.853125 0.6296875000000002 0.853125 0.6937500000000002 0.8859375 0.6937500000000002
0 0.8625 0.7968750000000002 0.83125 0.7968750000000002 0.83125 0.8734375 0.8625 0.8734375
0 0.9203125 0.6328125000000002 0.8765625 0.6328125000000002 0.8765625 0.7140625000000002 0.9203125 0.7140625000000002
0 0.9546875 0.5890625000000002 0.91875 0.5890625000000002 0.91875 0.6671875000000002 0.9546875 0.6671875000000002