0 0.2453125000000001 0.5109375 0.18281250000000004 0.5109375 0.18281250000000007 0.5703125 0.2453125000000001 0.5703125
0 0.18125000000000008 0.5625 0.12031250000000009 0.5625 0.12031250000000009 0.61875 0.18125000000000008 0.61875
0 0.12968750000000007 0.540625 0.057812500000000065 0.540625 0.057812500000000065 0.6078125 0.1296875000000001 0.6078125
0 0.13125000000000003 0.234375 0.08437500000000002 0.234375 0.08437500000000003 0.30625 0.13125000000000003 0.30625
0 0.08281250000000004 0.215625 0.023437500000000028 0.215625 0.023437500000000035 0.2984375 0.08281250000000004 0.2984375
0 0.01875000000000002 0.125 1.5308084989341915e-17 0.125 1.9900510486144492e-17 0.2 0.018750000000000024 0.2
0 0.035937500000000004 2.2005372172179004e-18 0 0 3.7313457161520924e-18 0.0609375 0.03593750000000001 0.0609375
0 0.023437500000000035 0.259375 3.1764276352884476e-17 0.259375 3.4538866757202695e-17 0.3046875 0.023437500000000038 0.3046875
0 0.3296875 0.007812500000000038 0.2859375 0.007812500000000036 0.2859375 0.051562500000000046 0.3296875 0.051562500000000046
0 0.3296875000000001 0.5015625 0.26250000000000007 0.5015625 0.26250000000000007 0.5640625 0.3296875000000001 0.5640625
0 0.06406250000000009 0.7046875 8.629932912741505e-17 0.7046875 8.993499931238375e-17 0.7640625 0.06406250000000009 0.7640625
0 0.43125 0.4078125 0.3687500000000001 0.4078125 0.3687500000000001 0.4671875 0.43125 0.4671875
0 0.37187500000000007 0.4546875 0.3296875000000001 0.4546875 0.3296875000000001 0.5125 0.37187500000000007 0.5125
0 0.60625 0.2078125000000001 0.5484375 0.2078125000000001 0.5484375 0.2640625000000001 0.60625 0.2640625000000001
0 0.6703125 0.26250000000000007 0.603125 0.26250000000000007 0.603125 0.3281250000000001 0.6703125 0.3281250000000001
0 0.40625 0.4921875 0.3375000000000001 0.4921875 0.3375000000000001 0.553125 0.40625 0.553125
0 0.6234375 0.6328125 0.56875 0.6328125 0.56875 0.6953125 0.6234375 0.6953125
0 0.6812500000000001 0.6703125 0.6171875 0.6703125 0.6171875000000001 0.7453125 0.6812500000000001 0.7453125
0 0.7359375000000001 0.7140625 0.66875 0.7140625 0.6687500000000001 0.76875 0.7359375000000001 0.7687500000000002
0 0.7890625000000002 0.7515625000000001 0.7234375000000002 0.7515625 0.7234375000000002 0.76875 0.7890625000000002 0.7687500000000002
0 0.9046875 0.22031250000000008 0.8671875 0.22031250000000008 0.8671875 0.2890625000000001 0.9046875 0.2890625000000001
0 0.9125 0.3281250000000001 0.871875 0.3281250000000001 0.871875 0.40625000000000017 0.9125 0.40625000000000017
0 0.9171875 0.4234375000000002 0.88125 0.4234375000000002 0.88125 0.4906250000000002 0.9171875 0.4906250000000002
0 0.91875 0.5984375000000002 0.8828125 0.5984375000000002 0.8828125 0.6703125000000002 0.91875 0.6703125000000002
0 0.95 0.4000000000000002 0.9046875 0.4000000000000002 0.9046875 0.4812500000000002 0.95 0.4812500000000002
0 0.9796875 0.3734375000000001 0.9359375 0.3734375000000001 0.9359375 0.4578125000000002 0.9796875 0.4578125000000002
0 0.984375 0.5562500000000001 0.9421875 0.5562500000000001 0.9421875 0.6343750000000001 0.984375 0.6343750000000001
0 0.10468750000000011 0.8703125 0.0640625000000001 0.8703125 0.0640625000000001 0.9390625 0.10468750000000013 0.9390625
0 0.43281250000000016 0.9734375 0.39531250000000007 0.9734375 0.39531250000000007 1 0.43281250000000016 1
0 0.4593750000000002 0.9203125 0.42187500000000017 0.9203125 0.42187500000000017 0.9671875 0.4593750000000002 0.9671875
0 0.4187500000000002 0.91875 0.3859375000000001 0.91875 0.3859375000000001 0.9640625 0.4187500000000002 0.9640625
0 0.3828125000000001 0.915625 0.3468750000000001 0.915625 0.3468750000000001 0.9671875 0.3828125000000001 0.9671875
0 0.7796875000000002 0.946875 0.7390625000000002 0.946875 0.7390625000000002 1 0.7796875000000002 1
0 0.7328125000000002 0.9359375 0.7000000000000002 0.9359375 0.7000000000000002 0.984375 0.7328125000000002 0.984375
0 0.6937500000000002 0.934375 0.6593750000000002 0.934375 0.6593750000000002 0.9796875 0.6937500000000002 0.9796875
0 0.6609375000000002 0.9375 0.6312500000000002 0.9375 0.6312500000000002 0.9796875 0.6609375000000002 0.9796875
0 0.6312500000000002 0.9390625 0.5968750000000002 0.9390625 0.5968750000000002 0.9828125 0.6312500000000002 0.9828125
0 0.5843750000000002 0.9328125 0.5484375000000001 0.9328125 0.5484375000000001 0.978125 0.5843750000000002 0.978125
0 0.915625 0.8015625 0.8890625 0.8015625 0.8890625 0.8921875 0.915625 0.8921875
0 0.9046875 0.7687500000000002 0.8796875 0.7687500000000002 0.8796875 0.7921875000000002 0.9046875 0.7921875000000002
0 0.853125 0.7687500000000002 0.8265625 0.7687500000000002 0.8265625 0.8515625 0.853125 0.8515625