0 0.375 4.1810207127140106e-17 0.3078125 3.769615928625447e-17 0.3078125 0.04218750000000004 0.375 0.042187500000000044
0 0.3203125 0.03437500000000004 0.2578125 0.03437500000000003 0.2578125 0.09375000000000003 0.3203125 0.09375000000000004
0 0.178125 0.1015625 0.1 0.1015625 0.1 0.175 0.178125 0.175
0 0.315625 0.10937500000000004 0.2421875 0.10937500000000004 0.2421875 0.17656250000000004 0.315625 0.17656250000000004
2 0.625 0.2875000000000001 0.51875 0.2875000000000001 0.51875 0.3703125000000001 0.625 0.3703125000000001
3 0.6609375 0.12500000000000008 0.6015625 0.12500000000000008 0.6015625 0.2375000000000001 0.6609375 0.2375000000000001
0 0.7921875 0.1546875000000001 0.74375 0.1546875000000001 0.74375 0.23437500000000008 0.7921875 0.23437500000000008
0 0.6875 0.3781250000000001 0.640625 0.3781250000000001 0.640625 0.4 0.6875 0.4
0 1 0.3390625000000001 0.953125 0.3390625000000001 0.953125 0.37968750000000007 1 0.37968750000000007
0 0.8796875 0.3281250000000001 0.83125 0.3281250000000001 0.83125 0.3703125000000001 0.8796875 0.3703125000000001
0 0.18906250000000008 0.8109375 0.14062500000000008 0.8109375 0.14062500000000008 0.8765625 0.18906250000000008 0.8765625
0 0.08281250000000012 0.96875 0.029687500000000124 0.96875 0.029687500000000124 1 0.08281250000000014 1
0 0.3265625000000001 0.9703125 0.2890625000000001 0.9703125 0.2890625000000001 1 0.3265625000000001 1
0 0.1515625000000001 0.56875 0.12031250000000009 0.56875 0.12031250000000009 0.634375 0.1515625000000001 0.634375
0 0.2890625000000001 0.559375 0.2531250000000001 0.559375 0.2531250000000001 0.628125 0.2890625000000001 0.628125
0 0.21250000000000008 0.4625 0.18125000000000005 0.4625 0.18125000000000005 0.525 0.21250000000000008 0.525
0 0.5187500000000002 0.7421875 0.5046875000000002 0.7421875 0.5046875000000002 0.7796875 0.5187500000000002 0.7796875
0 0.925 0.8328125 0.88125 0.8328125 0.88125 0.884375 0.925 0.884375
0 0.7328125000000002 0.9015625 0.6953125000000002 0.9015625 0.6953125000000002 0.9921875 0.7328125000000002 0.9921875
0 0.803125 0.6250000000000002 0.7609375 0.6250000000000002 0.7609375 0.6734375000000001 0.803125 0.6734375000000001
0 0.84375 0.5640625000000001 0.8015625 0.5640625000000001 0.8015625 0.6187500000000001 0.84375 0.6187500000000001
0 0.8015625 0.5703125000000002 0.7671875 0.5703125000000002 0.7671875 0.6171875000000002 0.8015625 0.6171875000000002
0 0.76875 0.5671875000000002 0.7265625 0.5671875000000002 0.7265625 0.6234375000000002 0.76875 0.6234375000000002
0 0.9640625 0.6125000000000002 0.9234375 0.6125000000000002 0.9234375 0.6656250000000001 0.9640625 0.6656250000000001
0 0.8734375 0.6718750000000002 0.8328125 0.6718750000000002 0.8328125 0.7234375000000002 0.8734375 0.7234375000000002
0 1 0.5593750000000002 0.9765625 0.5593750000000002 0.9765625 0.6078125000000002 1 0.6078125000000002
0 0.9671875 0.5625000000000002 0.9296875 0.5625000000000002 0.9296875 0.6078125000000002 0.9671875 0.6078125000000002
0 0.8625 0.9671875 0.8203125 0.9671875 0.8203125 1 0.8625 1
0 0.8953125 0.9578125 0.85625 0.9578125 0.85625 1 0.8953125 1
0 0.95 0.9359375 0.9140625 0.9359375 0.9140625 0.98125 0.95 0.98125
0 0.9859375 0.9328125 0.9484375 0.9328125 0.9484375 0.978125 0.9859375 0.978125
0 1 0.9234375 0.984375 0.9234375 0.984375 0.9765625 1 0.9765625
3 0.871875 0.7312500000000002 0.8234375 0.7312500000000002 0.8234375 0.7968750000000002 0.871875 0.7968750000000002