0 0.3937500000000001 0.54375 0.3390625000000001 0.54375 0.3390625000000001 0.596875 0.3937500000000001 0.596875
0 0.3265625000000001 0.584375 0.2750000000000001 0.584375 0.2750000000000001 0.63125 0.3265625000000001 0.63125
0 0.1703125000000001 0.6109375 0.10468750000000009 0.6109375 0.10468750000000009 0.6703125 0.1703125000000001 0.6703125
0 0.29375 0.17656250000000004 0.253125 0.17656250000000004 0.253125 0.2453125 0.29375 0.2453125
0 0.2703125 0.228125 0.225 0.228125 0.225 0.303125 0.2703125 0.303125
0 0.221875 0.13125000000000003 0.18125 0.13125 0.18125000000000002 0.2 0.221875 0.2
0 0.259375 0.0015625000000000291 0.2171875 0.0015625000000000263 0.2171875 0.06718750000000002 0.259375 0.06718750000000002
0 0.0875 0.004687500000000007 0.028125 0.004687500000000002 0.028125000000000004 0.04843750000000001 0.0875 0.04843750000000001
0 0.2140625 0.2625 0.18281250000000004 0.2625 0.18281250000000004 0.3078125 0.2140625 0.3078125
0 0.1578125 0.1 0.1234375 0.1 0.1234375 0.1515625 0.1578125 0.1515625
0 0.56875 0.06406250000000006 0.5109375 0.06406250000000006 0.5109375 0.09687500000000007 0.56875 0.09687500000000007
0 0.6671875 0.05937500000000008 0.6140625 0.05937500000000007 0.6140625 0.09218750000000007 0.6671875 0.09218750000000009
0 0.653125 0.3375000000000001 0.6 0.3375000000000001 0.6 0.3906250000000001 0.653125 0.3906250000000001
0 0.59375 0.4703125 0.534375 0.4703125 0.534375 0.528125 0.59375 0.528125
0 0.30156250000000007 0.6546875 0.2390625000000001 0.6546875 0.2390625000000001 0.7078125 0.30156250000000007 0.7078125
0 0.18906250000000013 0.9546875 0.13593750000000013 0.9546875 0.13593750000000013 0.9890625 0.18906250000000013 0.9890625
0 0.5515625000000002 0.7953125 0.5062500000000002 0.7953125 0.5062500000000002 0.85 0.5515625000000002 0.85
0 0.6015625000000002 0.840625 0.5468750000000002 0.840625 0.5468750000000002 0.9078125 0.6015625000000002 0.9078125
0 0.6515625000000002 0.8921875 0.5937500000000002 0.8921875 0.5937500000000002 0.9578125 0.6515625000000002 0.9578125
0 0.7000000000000002 0.9359375 0.6421875000000001 0.9359375 0.6421875000000001 1 0.7000000000000002 1
0 0.8875 0.4234375000000002 0.859375 0.4234375000000002 0.859375 0.4890625000000002 0.8875 0.4890625000000002
0 0.8765625 0.5312500000000002 0.846875 0.5312500000000002 0.846875 0.6062500000000002 0.8765625 0.6062500000000002
0 0.871875 0.6265625000000001 0.84375 0.6265625000000001 0.84375 0.6890625000000001 0.871875 0.6890625000000001
0 0.85 0.7984375000000001 0.821875 0.7984375000000001 0.821875 0.86875 0.85 0.86875
0 0.90625 0.6109375000000001 0.871875 0.6109375000000001 0.871875 0.6906250000000002 0.90625 0.6906250000000002
0 0.9390625 0.5859375000000002 0.90625 0.5859375000000002 0.90625 0.6656250000000001 0.9390625 0.6656250000000001
0 0.91875 0.7671875000000001 0.8875 0.7671875000000001 0.8875 0.8421875 0.91875 0.8421875