0 0.3937500000000001 0.54375 0.3390625000000001 0.54375 0.3390625000000001 0.5953125 0.3937500000000001 0.5953125
0 0.3281250000000001 0.58125 0.2734375000000001 0.58125 0.2734375000000001 0.6328125 0.3281250000000001 0.6328125
0 0.06562500000000009 0.6625 0.0015625000000000812 0.6625 0.0015625000000000842 0.715625 0.06562500000000009 0.715625
0 0.2578125 0.08750000000000002 0.2125 0.08750000000000002 0.2125 0.15937500000000004 0.2578125 0.15937500000000004
0 0.2703125 0.228125 0.225 0.228125 0.225 0.303125 0.2703125 0.303125
0 0.2203125 0.1296875 0.18125 0.1296875 0.18125000000000002 0.2015625 0.2203125 0.2015625
0 0.259375 0.004687500000000029 0.2171875 0.004687500000000027 0.2171875 0.06875000000000002 0.259375 0.06875000000000002
0 0.0875 0.004687500000000007 0.0265625 0.004687500000000002 0.026562500000000006 0.04843750000000001 0.0875 0.04843750000000001
0 0.2140625 0.2625 0.18437500000000004 0.2625 0.18437500000000004 0.30625 0.2140625 0.30625
0 0.15625 0.09531250000000002 0.1234375 0.09531250000000002 0.1234375 0.1515625 0.15625 0.1515625
0 0.56875 0.06406250000000006 0.5109375 0.06406250000000006 0.5109375 0.09687500000000007 0.56875 0.09687500000000007
0 0.6671875 0.05937500000000008 0.6125 0.05937500000000007 0.6125 0.09218750000000007 0.6671875 0.09218750000000009
0 0.5390625 0.4046875 0.4859375 0.4046875 0.4859375 0.45625 0.5390625 0.45625
0 0.70625 0.3984375000000001 0.6453125 0.3984375000000001 0.6453125 0.453125 0.70625 0.453125
0 0.4140625 0.5890625 0.3515625000000001 0.5890625 0.3515625000000001 0.646875 0.4140625 0.646875
0 0.18906250000000013 0.9546875 0.13750000000000012 0.9546875 0.13750000000000012 0.9890625 0.18906250000000013 0.9890625
0 0.5515625000000002 0.79375 0.5062500000000002 0.79375 0.5062500000000002 0.85 0.5515625000000002 0.85
0 0.6015625000000002 0.8390625 0.5468750000000002 0.8390625 0.5468750000000002 0.9046875 0.6015625000000002 0.9046875
0 0.6515625000000002 0.890625 0.5921875000000002 0.890625 0.5921875000000002 0.9578125 0.6515625000000002 0.9578125
0 0.7000000000000002 0.934375 0.6421875000000001 0.934375 0.6421875000000001 0.9984375 0.7000000000000002 0.9984375
0 0.8859375 0.42187500000000017 0.8578125 0.42187500000000017 0.8578125 0.4890625000000002 0.8859375 0.4890625000000002
0 0.8703125 0.6250000000000002 0.84375 0.6250000000000002 0.84375 0.6875000000000002 0.8703125 0.6875000000000002
0 0.8484375 0.7984375000000001 0.8203125 0.7984375000000001 0.8203125 0.86875 0.8484375 0.86875
0 0.9046875 0.6046875000000002 0.871875 0.6046875000000002 0.871875 0.6812500000000001 0.9046875 0.6812500000000001
0 0.9375 0.5843750000000002 0.9046875 0.5843750000000002 0.9046875 0.6640625000000002 0.9375 0.6640625000000002
0 0.9171875 0.7687500000000002 0.8890625 0.7687500000000002 0.8890625 0.840625 0.9171875 0.840625