0 0.3984375000000001 0.5453125 0.3453125000000001 0.5453125 0.3453125000000001 0.596875 0.3984375000000001 0.596875
0 0.3234375000000001 0.590625 0.2687500000000001 0.590625 0.2687500000000001 0.6390625 0.3234375000000001 0.6390625
0 0.3312500000000001 0.5296875 0.2671875000000001 0.5296875 0.2671875000000001 0.5859375 0.3312500000000001 0.5859375
0 0.334375 0.2890625 0.2953125 0.2890625 0.2953125 0.3546875 0.334375 0.3546875
0 0.2765625 0.228125 0.228125 0.228125 0.228125 0.303125 0.2765625 0.303125
0 0.2265625 0.13281250000000006 0.1875 0.13281250000000006 0.18750000000000003 0.2015625 0.2265625 0.2015625
0 0.2640625 2.975509019803335e-17 0.221875 2.71718508560819e-17 0.221875 0.06875000000000002 0.2640625 0.06875000000000002
0 0.0921875 0.0031250000000000075 0.0328125 0.003125000000000004 0.03281250000000001 0.05156250000000001 0.0921875 0.051562500000000025
0 0.21875 0.2625 0.18750000000000006 0.2625 0.18750000000000006 0.309375 0.21875 0.309375
0 0.1625 0.103125 0.1296875 0.103125 0.1296875 0.1515625 0.1625 0.1515625
0 0.571875 0.06406250000000006 0.5171875 0.06406250000000006 0.5171875 0.09843750000000007 0.571875 0.09843750000000007
0 0.671875 0.05937500000000008 0.6203125 0.05937500000000007 0.6203125 0.09218750000000007 0.671875 0.09218750000000009
0 0.83125 0.2453125000000001 0.7765625 0.2453125000000001 0.7765625 0.2968750000000001 0.83125 0.2968750000000001
0 0.4265625 0.58125 0.3656250000000001 0.58125 0.3656250000000001 0.6359375 0.4265625 0.6359375
0 0.1375000000000001 0.7375 0.0750000000000001 0.7375 0.0750000000000001 0.790625 0.1375000000000001 0.790625
0 0.19531250000000014 0.9546875 0.14218750000000013 0.9546875 0.14218750000000013 0.9921875 0.19531250000000014 0.9921875
0 0.5593750000000002 0.7953125 0.5093750000000001 0.7953125 0.5093750000000001 0.8515625 0.5593750000000002 0.8515625
0 0.6078125000000002 0.840625 0.5531250000000002 0.840625 0.5531250000000002 0.90625 0.6078125000000002 0.90625
0 0.6578125000000001 0.8921875 0.6000000000000002 0.8921875 0.6000000000000002 0.9546875 0.6578125000000001 0.9546875
0 0.7062500000000002 0.9359375 0.6500000000000001 0.9359375 0.6500000000000001 0.9984375 0.7062500000000002 0.9984375
0 0.89375 0.4234375000000002 0.865625 0.4234375000000002 0.865625 0.4890625000000002 0.89375 0.4890625000000002
0 0.884375 0.5328125000000001 0.85625 0.5328125000000001 0.85625 0.6062500000000002 0.884375 0.6062500000000002
0 0.8765625 0.6281250000000002 0.8484375 0.6281250000000002 0.8484375 0.6906250000000002 0.8765625 0.6906250000000002
0 0.8546875 0.8015625 0.825 0.8015625 0.825 0.871875 0.8546875 0.871875
0 0.9125 0.6171875000000002 0.875 0.6171875000000002 0.875 0.6968750000000001 0.9125 0.6968750000000001
0 0.9453125 0.5859375000000002 0.9125 0.5859375000000002 0.9125 0.6656250000000001 0.9453125 0.6656250000000001
0 0.925 0.7656250000000002 0.8953125 0.7656250000000002 0.8953125 0.840625 0.925 0.840625