0 0.4390625 0.2953125000000001 0.39375 0.2953125000000001 0.39375 0.3515625000000001 0.4390625 0.3515625000000001
0 0.153125 0.03437500000000002 0.096875 0.03437500000000001 0.096875 0.08906250000000002 0.153125 0.08906250000000002
0 0.31875 0.2515625 0.2546875 0.2515625 0.2546875 0.309375 0.31875 0.309375
0 0.2718750000000001 0.5328125 0.21875000000000008 0.5328125 0.21875000000000008 0.5953125 0.2718750000000001 0.5953125
0 0.2250000000000001 0.578125 0.16406250000000008 0.578125 0.16406250000000008 0.646875 0.2250000000000001 0.646875
0 0.17343750000000008 0.625 0.1140625000000001 0.625 0.1140625000000001 0.65 0.17343750000000008 0.65
0 0.640625 0.32500000000000007 0.6125 0.32500000000000007 0.6125 0.4 0.640625 0.4
0 0.6140625 0.08593750000000007 0.5890625 0.08593750000000007 0.5890625 0.1515625000000001 0.6140625 0.1515625000000001
0 0.7359375 0.21093750000000008 0.6984375 0.21093750000000008 0.6984375 0.2812500000000001 0.7359375 0.2812500000000001
0 0.796875 0.3109375000000001 0.7484375 0.3109375000000001 0.7484375 0.3687500000000001 0.796875 0.3687500000000001
0 0.915625 0.3703125000000001 0.871875 0.3703125000000001 0.871875 0.40937500000000016 0.915625 0.40937500000000016
0 0.95 0.49531250000000016 0.9015625 0.49531250000000016 0.9015625 0.5343750000000002 0.95 0.5343750000000002
0 0.88125 0.5000000000000002 0.834375 0.5000000000000002 0.834375 0.5359375000000002 0.88125 0.5359375000000002
0 1 0.4968750000000002 0.9640625 0.4968750000000002 0.9640625 0.5343750000000002 1 0.5343750000000002
0 1 0.4078125000000002 0.96875 0.4078125000000002 0.96875 0.4500000000000002 1 0.4500000000000002
2 1 0.5421875000000002 0.9234375 0.5421875000000002 0.9234375 0.6000000000000002 1 0.6000000000000002
2 0.8828125 0.5453125000000002 0.8375 0.5453125000000002 0.8375 0.5796875000000001 0.8828125 0.5796875000000001
2 0.9203125 0.5953125000000001 0.8703125 0.5953125000000001 0.8703125 0.6359375000000002 0.9203125 0.6359375000000002
0 0.7109375 0.023437500000000087 0.684375 0.023437500000000083 0.684375 0.0984375000000001 0.7109375 0.0984375000000001
0 0.98125 0.9359375 0.9453125 0.9359375 0.9453125 0.9890625 0.98125 0.9890625
0 0.984375 0.6500000000000001 0.9625 0.6500000000000001 0.9625 0.7078125000000002 0.984375 0.7078125000000002