0 0.39531250000000007 0.546875 0.34062500000000007 0.546875 0.34062500000000007 0.5984375 0.39531250000000007 0.5984375
0 0.32500000000000007 0.5890625 0.27031250000000007 0.5890625 0.27031250000000007 0.6375 0.32500000000000007 0.6375
0 0.2765625000000001 0.559375 0.21250000000000008 0.559375 0.21250000000000008 0.6171875 0.2765625000000001 0.6171875
0 0.3203125 0.25625 0.28125 0.25625 0.28125 0.3234375 0.3203125 0.3234375
0 0.2734375 0.23125 0.225 0.23125 0.225 0.3078125 0.2734375 0.3078125
0 0.2234375 0.13281250000000006 0.1828125 0.13281250000000006 0.18281250000000002 0.203125 0.2234375 0.203125
0 0.2609375 0.004687500000000029 0.21875 0.004687500000000027 0.21875 0.06875000000000002 0.2609375 0.06875000000000002
0 0.0875 0.004687500000000007 0.028125 0.004687500000000002 0.028125000000000004 0.053125 0.0875 0.053125
0 0.2140625 0.2671875 0.18437500000000004 0.2671875 0.18437500000000004 0.309375 0.2140625 0.309375
0 0.159375 0.103125 0.125 0.103125 0.125 0.1546875 0.159375 0.1546875
0 0.56875 0.06250000000000007 0.5125 0.06250000000000007 0.5125 0.10000000000000006 0.56875 0.10000000000000009
0 0.66875 0.06250000000000008 0.615625 0.06250000000000007 0.615625 0.09375000000000008 0.66875 0.09375000000000008
0 0.76875 0.2765625000000001 0.715625 0.2765625000000001 0.715625 0.3281250000000001 0.76875 0.3281250000000001
0 0.48125 0.5484375 0.4203125 0.5484375 0.4203125 0.603125 0.48125 0.603125
0 0.1906250000000001 0.7140625 0.1281250000000001 0.7140625 0.1281250000000001 0.765625 0.1906250000000001 0.765625
0 0.19218750000000012 0.9578125 0.13750000000000012 0.9578125 0.13750000000000012 0.9921875 0.19218750000000012 0.9921875
0 0.5531250000000002 0.7953125 0.5062500000000002 0.7953125 0.5062500000000002 0.853125 0.5531250000000002 0.853125
0 0.6046875000000002 0.840625 0.5468750000000002 0.840625 0.5468750000000002 0.909375 0.6046875000000002 0.909375
0 0.6531250000000002 0.8953125 0.5968750000000002 0.8953125 0.5968750000000002 0.9578125 0.6531250000000002 0.9578125
0 0.7015625000000002 0.9359375 0.6421875000000001 0.9359375 0.6421875000000001 1 0.7015625000000002 1
0 0.8890625 0.4265625000000002 0.8609375 0.4265625000000002 0.8609375 0.49218750000000017 0.8890625 0.49218750000000017
0 0.878125 0.5328125000000001 0.85 0.5328125000000001 0.85 0.6093750000000002 0.878125 0.6093750000000002
0 0.871875 0.6296875000000002 0.84375 0.6296875000000002 0.84375 0.6921875000000002 0.871875 0.6921875000000002
0 0.85 0.8046875 0.821875 0.8046875 0.821875 0.875 0.85 0.875
0 0.909375 0.6171875000000002 0.8703125 0.6171875000000002 0.8703125 0.6984375000000002 0.909375 0.6984375000000002
0 0.940625 0.5890625000000002 0.9078125 0.5890625000000002 0.9078125 0.6671875000000002 0.940625 0.6671875000000002
0 0.921875 0.7687500000000002 0.890625 0.7687500000000002 0.890625 0.8421875 0.921875 0.8421875