0 0.33125 0.14843750000000006 0.265625 0.14843750000000006 0.265625 0.2109375 0.33125 0.2109375
0 0.4015625 0.17031250000000003 0.3375 0.17031250000000003 0.3375 0.23281250000000003 0.4015625 0.2328125000000001
0 0.1546875 0.046875000000000014 0.0921875 0.046875000000000014 0.0921875 0.109375 0.1546875 0.109375
0 0.3296875 0.19531250000000006 0.25625 0.19531250000000006 0.25625 0.265625 0.3296875 0.265625
0 0.2250000000000001 0.4296875 0.16875000000000004 0.4296875 0.16875000000000004 0.4953125 0.2250000000000001 0.4953125
0 0.19531250000000006 0.48125 0.12812500000000004 0.48125 0.12812500000000004 0.5 0.19531250000000006 0.5
0 0.7953125 0.015625000000000094 0.7296875 0.01562500000000009 0.7296875 0.07968750000000009 0.7953125 0.07968750000000009
0 0.9109375 0.05156250000000011 0.8453125 0.05156250000000011 0.8453125 0.11406250000000011 0.9109375 0.11406250000000014
0 0.9796875 0.11250000000000013 0.9078125 0.11250000000000013 0.9078125 0.17656250000000012 0.9796875 0.17656250000000012
0 0.69375 0.2953125000000001 0.63125 0.2953125000000001 0.63125 0.3656250000000001 0.69375 0.3656250000000001
0 0.665625 0.34843750000000007 0.5921875 0.34843750000000007 0.5921875 0.4296875 0.665625 0.4296875
0 0.628125 0.4125 0.5578125 0.4125 0.5578125 0.4875 0.628125 0.4875
0 0.5859375 0.46875 0.5203125 0.46875 0.5203125 0.5 0.5859375 0.5
3 0.22031250000000008 0.5328125 0.17812500000000003 0.5328125 0.17812500000000006 0.5703125 0.22031250000000008 0.5703125
0 0.2921875000000001 0.5 0.2500000000000001 0.5 0.2500000000000001 0.51875 0.2921875000000001 0.51875
0 0.1546875000000001 0.5453125 0.1140625000000001 0.5453125 0.1140625000000001 0.5828125 0.1546875000000001 0.5828125
0 0.07812500000000007 0.5625 0.040625000000000064 0.5625 0.04062500000000007 0.5953125 0.07812500000000007 0.5953125
0 0.023437500000000076 0.5953125 7.290475476174086e-17 0.5953125 7.596637175960924e-17 0.6453125 0.023437500000000076 0.6453125
0 0.0062500000000000906 0.7078125 8.668203125214859e-17 0.7078125 9.031770143711729e-17 0.7671875 0.006250000000000094 0.7671875
0 0.01718750000000012 0.95625 1.1710685016846565e-16 0.95625 1.1978576504160047e-16 1 0.017187500000000123 1
0 0.034375000000000114 0.9109375 0.006250000000000111 0.9109375 0.006250000000000115 0.9734375 0.03437500000000012 0.9734375
0 0.7625000000000002 0.871875 0.7359375000000001 0.871875 0.7359375000000001 0.9125 0.7625000000000002 0.9125
0 0.4312500000000002 0.9328125 0.40937500000000016 0.9328125 0.40937500000000016 0.9765625 0.4312500000000002 0.9765625
0 0.9296875 0.5765625000000002 0.8984375 0.5765625000000002 0.8984375 0.6265625000000001 0.9296875 0.6265625000000001
0 0.9328125 0.6343750000000001 0.9046875 0.6343750000000001 0.9046875 0.6796875000000002 0.9328125 0.6796875000000002
0 0.95 0.6937500000000002 0.921875 0.6937500000000002 0.921875 0.7343750000000002 0.95 0.7343750000000002
0 0.9 0.6593750000000002 0.8765625 0.6593750000000002 0.8765625 0.6968750000000001 0.9 0.6968750000000001
0 0.9234375 0.7000000000000002 0.890625 0.7000000000000002 0.890625 0.7484375000000002 0.9234375 0.7484375000000002
0 0.8875 0.7187500000000002 0.859375 0.7187500000000002 0.859375 0.7593750000000001 0.8875 0.7593750000000001
0 0.8578125 0.7312500000000002 0.8328125 0.7312500000000002 0.8328125 0.7687500000000002 0.8578125 0.7687500000000002
0 0.875 0.6593750000000002 0.8421875 0.6593750000000002 0.8421875 0.7062500000000002 0.875 0.7062500000000002
0 0.83125 0.6046875000000002 0.8 0.6046875000000002 0.8 0.6531250000000002 0.83125 0.6531250000000002
0 0.7796875 0.6328125000000002 0.75 0.6328125000000002 0.75 0.6765625000000002 0.7796875 0.6765625000000002
0 0.7453125 0.6390625000000001 0.7109375 0.6390625 0.7109375 0.6921875000000001 0.7453125 0.6921875000000002
0 0.7171875 0.6546875 0.69375 0.6546875 0.69375 0.696875 0.7171875 0.696875
0 0.690625 0.6609375 0.6625 0.6609375 0.6625 0.7046875 0.690625 0.7046875
0 0.65 0.671875 0.6203125 0.671875 0.6203125 0.715625 0.65 0.715625
0 0.5140625 0.671875 0.4875 0.671875 0.4875 0.7078125 0.5140625 0.7078125
0 0.5328125 0.665625 0.5078125 0.665625 0.5078125 0.703125 0.5328125 0.703125
0 0.55625 0.6546875 0.5265625 0.6546875 0.5265625 0.6984375 0.55625 0.6984375
0 0.5796875 0.6515625 0.553125 0.6515625 0.553125 0.690625 0.5796875 0.690625
0 0.5953125 0.64375 0.5765625 0.64375 0.5765625 0.68125 0.5953125 0.68125
0 0.6171875 0.6359375 0.59375 0.6359375 0.59375 0.671875 0.6171875 0.671875
0 0.64375 0.6296875 0.615625 0.6296875 0.615625 0.66875 0.64375 0.66875
0 0.6703125 0.61875 0.64375 0.61875 0.64375 0.6578125 0.6703125 0.6578125
0 0.6921875 0.609375 0.665625 0.609375 0.665625 0.65 0.6921875 0.65
0 0.7140625 0.6046875 0.6890625 0.6046875 0.6890625 0.6421875 0.7140625 0.6421875
0 0.7359375 0.5953125000000001 0.7125 0.5953125 0.7125 0.6359375 0.7359375 0.6359375000000002
0 0.759375 0.5906250000000002 0.7328125 0.5906250000000002 0.7328125 0.6296875000000002 0.759375 0.6296875000000002
0 0.778125 0.5796875000000001 0.7546875 0.5796875000000001 0.7546875 0.6171875000000002 0.778125 0.6171875000000002
0 0.8015625 0.5734375000000002 0.7765625 0.5734375000000002 0.7765625 0.6125000000000002 0.8015625 0.6125000000000002
0 0.5656250000000002 0.9015625 0.5406250000000001 0.9015625 0.5406250000000001 0.94375 0.5656250000000002 0.94375
2 0.8984375 0.5671875000000002 0.8265625 0.5671875000000002 0.8265625 0.6515625000000002 0.8984375 0.6515625000000002