0 0.2484375 0.11406250000000004 0.1875 0.11406250000000004 0.1875 0.17187500000000006 0.2484375 0.17187500000000006
0 0.3171875 0.16875000000000004 0.25625 0.16875000000000004 0.25625 0.225 0.3171875 0.225
0 0.3265625 0.10781250000000005 0.2546875 0.10781250000000005 0.2546875 0.17343750000000005 0.3265625 0.17343750000000005
0 0.221875 0.1453125 0.1546875 0.1453125 0.15468750000000003 0.2078125 0.221875 0.2078125
0 0.45 0.3390625000000001 0.41875 0.3390625000000001 0.41875 0.4 0.45 0.4
0 0.050000000000000044 0.3375 4.133182947122317e-17 0.3375 4.525452624974203e-17 0.4015625 0.050000000000000044 0.4015625
0 0.6859375 0.44375 0.66875 0.44375 0.66875 0.45 0.6859375 0.45
0 0.6078125 0.24375000000000008 0.5875 0.24375000000000008 0.5875 0.2656250000000001 0.6078125 0.2656250000000001
0 0.6359375 0.1515625000000001 0.6140625 0.1515625000000001 0.6140625 0.1765625000000001 0.6359375 0.1765625000000001
0 0.6203125 0.13281250000000008 0.5984375 0.13281250000000008 0.5984375 0.15625000000000008 0.6203125 0.15625000000000008
0 0.6015625 0.11562500000000009 0.5828125 0.11562500000000009 0.5828125 0.1359375000000001 0.6015625 0.1359375000000001
0 0.5875 0.10000000000000009 0.5671875 0.10000000000000009 0.5671875 0.1218750000000001 0.5875 0.1218750000000001
0 0.5609375 0.07343750000000007 0.5375 0.07343750000000007 0.5375 0.09687500000000007 0.5609375 0.09687500000000007
0 0.83125 0.2156250000000001 0.8140625 0.2156250000000001 0.8140625 0.2406250000000001 0.83125 0.2406250000000001
0 0.803125 0.1375000000000001 0.790625 0.1375000000000001 0.790625 0.1609375000000001 0.803125 0.1609375000000001
0 0.8375 0.08906250000000011 0.821875 0.08906250000000011 0.821875 0.1140625000000001 0.8375 0.1140625000000001
0 0.846875 0.06718750000000011 0.83125 0.06718750000000011 0.83125 0.0953125000000001 0.846875 0.0953125000000001
0 0.85625 0.05312500000000011 0.8421875 0.05312500000000011 0.8421875 0.07656250000000012 0.85625 0.07656250000000012
0 0.921875 0.07500000000000011 0.903125 0.07500000000000011 0.903125 0.1031250000000001 0.921875 0.10312500000000013
3 0.8734375 0.03437500000000011 0.8484375 0.0343750000000001 0.8484375 0.07500000000000011 0.8734375 0.07500000000000011
0 0.8859375 0.010937500000000107 0.8671875 0.010937500000000105 0.8671875 0.034375000000000114 0.8859375 0.034375000000000114
0 0.890625 1.0801767470604389e-16 0.8734375 1.0696524386302664e-16 0.8734375 0.020312500000000108 0.890625 0.02031250000000011
1 0.9078125 1.094528076737947e-16 0.8796875 1.0773064811249373e-16 0.8796875 0.018750000000000107 0.9078125 0.01875000000000011
0 0.934375 1.1327982892113018e-16 0.915625 1.1213172254692953e-16 0.915625 0.020312500000000115 0.934375 0.020312500000000115
0 0.959375 0.10781250000000013 0.9421875 0.10781250000000013 0.9421875 0.13593750000000013 0.959375 0.13593750000000013
0 0.9671875 0.09687500000000011 0.95 0.09687500000000011 0.95 0.12500000000000014 0.9671875 0.12500000000000014
0 1 0.028125000000000122 0.9921875 0.028125000000000122 0.9921875 0.054687500000000125 1 0.05468750000000013
0 1 0.03593750000000012 0.98125 0.03593750000000012 0.98125 0.06875000000000012 1 0.06875000000000013
0 0.4500000000000002 0.7984375 0.4156250000000002 0.7984375 0.4156250000000002 0.86875 0.4500000000000002 0.86875
0 0.4015625 0.5703125 0.36406250000000007 0.5703125 0.36406250000000007 0.6203125 0.4015625 0.6203125
0 0.39531250000000007 0.5171875 0.3609375000000001 0.5171875 0.3609375000000001 0.5609375 0.39531250000000007 0.5609375
0 0.43125 0.5140625 0.4 0.5140625 0.4 0.5578125 0.43125 0.5578125
0 0.45 0.5078125 0.434375 0.5078125 0.434375 0.55625 0.45 0.55625
0 0.07812500000000007 0.540625 0.03750000000000007 0.540625 0.037500000000000075 0.5953125 0.07812500000000007 0.5953125
0 0.11718750000000007 0.528125 0.08281250000000007 0.528125 0.08281250000000007 0.5796875 0.11718750000000008 0.5796875
0 0.1828125000000001 0.59375 0.14843750000000008 0.59375 0.14843750000000008 0.6421875 0.1828125000000001 0.6421875
0 0.3062500000000001 0.6296875 0.27031250000000007 0.6296875 0.27031250000000007 0.678125 0.3062500000000001 0.678125
0 0.15781250000000008 0.5265625 0.12343750000000005 0.5265625 0.12343750000000006 0.575 0.15781250000000008 0.575
0 0.18750000000000006 0.53125 0.15781250000000005 0.53125 0.15781250000000008 0.5734375 0.18750000000000008 0.5734375
0 0.2234375000000001 0.53125 0.18750000000000006 0.53125 0.18750000000000006 0.575 0.2234375000000001 0.575
0 0.2687500000000001 0.5265625 0.23437500000000008 0.5265625 0.23437500000000008 0.5671875 0.2687500000000001 0.5671875
0 0.4265625000000002 0.9171875 0.3890625000000001 0.9171875 0.3890625000000001 0.9640625 0.4265625000000002 0.9640625
0 0.3921875000000001 0.909375 0.35625000000000007 0.909375 0.35625000000000007 0.953125 0.3921875000000001 0.953125
0 0.3312500000000001 0.8953125 0.2984375000000001 0.8953125 0.2984375000000001 0.940625 0.3312500000000001 0.940625
0 0.2984375000000001 0.8953125 0.2640625000000001 0.8953125 0.2640625000000001 0.940625 0.2984375000000001 0.940625
0 0.2593750000000001 0.8921875 0.22656250000000008 0.8921875 0.22656250000000008 0.940625 0.2593750000000001 0.940625
0 0.2218750000000001 0.8953125 0.18125000000000008 0.8953125 0.1812500000000001 0.946875 0.2218750000000001 0.946875
0 0.1828125000000001 0.9 0.15000000000000008 0.9 0.1500000000000001 0.95 0.18281250000000013 0.95
0 0.1406250000000001 0.90625 0.10781250000000009 0.90625 0.10781250000000012 0.946875 0.14062500000000014 0.946875
0 0.10781250000000012 0.9015625 0.08281250000000011 0.9015625 0.08281250000000011 0.9484375 0.10781250000000013 0.9484375
0 0.08593750000000011 0.9046875 0.04687500000000011 0.9046875 0.04687500000000011 0.9515625 0.08593750000000011 0.9515625
0 0.042187500000000114 0.90625 0.004687500000000111 0.90625 0.004687500000000114 0.9578125 0.04218750000000012 0.9578125
3 0.2984375000000001 0.69375 0.2562500000000001 0.69375 0.2562500000000001 0.753125 0.2984375000000001 0.753125
2 1 0.7359375000000001 0.9140625 0.7359375000000001 0.9140625 0.8171875 1 0.8171875
0 0.903125 0.7453125000000002 0.8515625 0.7453125000000002 0.8515625 0.7859375000000002 0.903125 0.7859375000000002
0 0.5453125000000002 0.9375 0.5062500000000002 0.9375 0.5062500000000002 1 0.5453125000000002 1