0 0.1359375 0.07812500000000001 0.071875 0.078125 0.07187500000000001 0.140625 0.1359375 0.140625
0 0.05156250000000008 0.6328125 7.749718025854345e-17 0.6328125 8.161122809942908e-17 0.7 0.05156250000000009 0.7
0 0.11562500000000009 0.6640625 0.04218750000000008 0.6640625 0.042187500000000086 0.7 0.11562500000000009 0.7
0 0.2921875 0.19375000000000003 0.2484375 0.19375000000000003 0.2484375 0.2640625 0.2921875 0.2640625
0 0.30937500000000007 0.3 0.2640625 0.3 0.26406250000000003 0.38125 0.30937500000000007 0.38125
0 0.3234375000000001 0.3953125 0.2812500000000001 0.3953125 0.2812500000000001 0.4625 0.3234375000000001 0.4625
0 0.3453125000000001 0.5703125 0.30156250000000007 0.5703125 0.30156250000000007 0.6453125 0.3453125000000001 0.6453125
0 0.3609375000000001 0.375 0.3046875000000001 0.375 0.3046875000000001 0.4625 0.3609375000000001 0.4625
0 0.384375 0.33906250000000004 0.3328125 0.3390625 0.33281250000000007 0.4234375 0.3843750000000001 0.4234375
0 0.3890625000000001 0.5171875 0.3593750000000001 0.5171875 0.3593750000000001 0.596875 0.3890625000000001 0.596875
2 0.41875 0.5984375 0.3890625000000001 0.5984375 0.3890625000000001 0.6625 0.41875 0.6625
2 0.5859375 0.5546875 0.5140625 0.5546875 0.5140625 0.7 0.5859375 0.7
2 0.9015625 0.39531250000000007 0.8078125 0.39531250000000007 0.8078125 0.44843750000000016 0.9015625 0.44843750000000016
0 0.48125 0.3812500000000001 0.4375 0.3812500000000001 0.4375 0.44375 0.48125 0.44375
0 0.521875 0.30937500000000007 0.4921875 0.30937500000000007 0.4921875 0.36406250000000007 0.521875 0.36406250000000007
0 0.578125 0.4046875 0.54375 0.4046875 0.54375 0.465625 0.578125 0.465625
0 0.5765625 0.5 0.5453125 0.5 0.5453125 0.565625 0.5765625 0.565625
0 0.640625 0.6703125 0.6046875 0.6703125 0.6046875 0.7 0.640625 0.7
0 0.4765625 0.19687500000000005 0.4453125 0.19687500000000005 0.4453125 0.2593750000000001 0.4765625 0.2593750000000001
0 0.453125 0.03593750000000005 0.41875 0.03593750000000005 0.41875 0.10312500000000005 0.453125 0.10312500000000005
0 0.5421875 0.2796875000000001 0.5109375 0.2796875000000001 0.5109375 0.3453125000000001 0.5421875 0.3453125000000001
0 0.5703125 0.2828125000000001 0.5375 0.2828125000000001 0.5375 0.34843750000000007 0.5703125 0.34843750000000007
3 0.41875 0.5625 0.3890625000000001 0.5625 0.3890625000000001 0.6046875 0.41875 0.6046875
0 0.753125 0.4015625000000001 0.7171875 0.4015625 0.7171875 0.4359375000000001 0.753125 0.4359375000000002
0 0.7484375 0.3671875000000001 0.709375 0.3671875000000001 0.709375 0.3984375000000001 0.7484375 0.3984375000000001
0 0.7890625 0.3546875000000001 0.75 0.3546875000000001 0.75 0.3921875000000001 0.7890625 0.3921875000000001
0 0.8296875 0.3453125000000001 0.7921875 0.3453125000000001 0.7921875 0.3750000000000001 0.8296875 0.3750000000000001
0 0.8703125 0.33281250000000007 0.828125 0.33281250000000007 0.828125 0.3687500000000001 0.8703125 0.3687500000000001
0 0.7640625 0.43437500000000007 0.725 0.434375 0.725 0.4703125000000001 0.7640625 0.4703125000000002
0 0.80625 0.4281250000000002 0.765625 0.4281250000000002 0.765625 0.4593750000000002 0.80625 0.4593750000000002
0 0.7875 0.5015625000000001 0.7453125 0.5015625000000001 0.7453125 0.5421875000000002 0.7875 0.5421875000000002
0 0.871875 0.3687500000000001 0.8328125 0.3687500000000001 0.8328125 0.4000000000000002 0.871875 0.4000000000000002
0 0.8296875 0.37968750000000007 0.7890625 0.37968750000000007 0.7890625 0.4125000000000002 0.8296875 0.4125000000000002
0 0.79375 0.38750000000000007 0.7546875 0.38750000000000007 0.7546875 0.42187500000000017 0.79375 0.42187500000000017
0 0.9140625 0.3515625000000001 0.871875 0.3515625000000001 0.871875 0.38750000000000007 0.9140625 0.38750000000000007
0 0.9609375 0.3359375000000001 0.9171875 0.3359375000000001 0.9171875 0.37187500000000007 0.9609375 0.37187500000000007
0 0.9359375 0.3812500000000001 0.8984375 0.3812500000000001 0.8984375 0.4187500000000002 0.9359375 0.4187500000000002
0 0.9796875 0.3703125000000001 0.9390625 0.3703125000000001 0.9390625 0.40156250000000016 0.9796875 0.40156250000000016
0 0.809375 0.840625 0.8015625 0.840625 0.8015625 0.853125 0.809375 0.853125
0 0.8078125 0.8046875 0.8015625 0.8046875 0.8015625 0.815625 0.8078125 0.815625
0 0.7890625000000002 0.7859375000000002 0.7828125000000001 0.7859375000000002 0.7828125000000001 0.7953125000000002 0.7890625000000002 0.7953125000000002