0 0.30625 0.3421875 0.246875 0.3421875 0.24687500000000004 0.3984375 0.3062500000000001 0.3984375
0 0.3921875000000001 0.40625 0.3343750000000001 0.40625 0.3343750000000001 0.459375 0.3921875000000001 0.459375
0 0.2875 0.2640625 0.21875 0.2640625 0.21875 0.3296875 0.2875 0.3296875
0 0.35625 0.14062500000000006 0.3 0.14062500000000006 0.3 0.2078125 0.35625 0.2078125
0 0.4484375 0.03750000000000005 0.396875 0.03750000000000005 0.396875 0.11718750000000004 0.4484375 0.11718750000000004
0 0.4984375 5.817072295949927e-17 0.4515625 5.5300457023997667e-17 0.4515625 0.01875000000000006 0.4984375 0.018750000000000062
0 0.4859375 0.07500000000000005 0.4515625 0.07500000000000004 0.4515625 0.12500000000000006 0.4859375 0.12500000000000006
0 0.3921875000000001 0.4546875 0.3281250000000001 0.4546875 0.3281250000000001 0.509375 0.3921875000000001 0.509375
0 0.11875000000000009 0.575 0.06562500000000007 0.575 0.06562500000000007 0.5890625 0.11875000000000009 0.5890625
0 0.865625 0.3078125000000001 0.796875 0.3078125000000001 0.796875 0.3734375000000001 0.865625 0.3734375000000001
0 0.6140625 0.22656250000000008 0.55 0.22656250000000008 0.55 0.28593750000000007 0.6140625 0.28593750000000007
0 0.9421875 0.01875000000000011 0.8828125 0.018750000000000107 0.8828125 0.06093750000000011 0.9421875 0.06093750000000011
0 0.8390625 0.0093750000000001 0.784375 0.009375000000000097 0.784375 0.0468750000000001 0.8390625 0.0468750000000001
0 0.5625 0.34843750000000007 0.5390625 0.34843750000000007 0.5390625 0.41875 0.5625 0.41875
0 0.565625 0.4578125 0.5390625 0.4578125 0.5390625 0.5375 0.565625 0.5375
0 0.5640625 0.5546875 0.5390625 0.5546875 0.5390625 0.5890625 0.5640625 0.5890625
0 0.8484375 0.6390625000000002 0.8171875 0.6390625000000002 0.8171875 0.6953125000000002 0.8484375 0.6953125000000002
0 0.81875 0.6968750000000001 0.7828125 0.6968750000000001 0.7828125000000001 0.7609375000000002 0.81875 0.7609375000000002