0 0.29375000000000007 0.6265625 0.2375000000000001 0.6265625 0.2375000000000001 0.65 0.29375000000000007 0.65
0 0.8515625 0.40937500000000016 0.815625 0.40937500000000016 0.815625 0.4343750000000002 0.8515625 0.4343750000000002
0 0.775 0.41718750000000016 0.7359375 0.41718750000000016 0.7359375 0.44531250000000017 0.775 0.44531250000000017
0 0.81875 0.4437500000000002 0.7828125 0.4437500000000002 0.7828125 0.4734375000000002 0.81875 0.4734375000000002
0 0.675 0.459375 0.640625 0.459375 0.640625 0.4890625 0.675 0.4890625
0 0.7 0.425 0.6640625 0.425 0.6640625 0.453125 0.7 0.453125
0 0.6140625 0.428125 0.5796875 0.428125 0.5796875 0.45625 0.6140625 0.45625
0 0.65 0.29375000000000007 0.6171875 0.29375000000000007 0.6171875 0.3218750000000001 0.65 0.3218750000000001
0 0.49375 0.2453125000000001 0.459375 0.2453125000000001 0.459375 0.2750000000000001 0.49375 0.2750000000000001
0 0.5109375 0.3031250000000001 0.48125 0.3031250000000001 0.48125 0.3437500000000001 0.5109375 0.3437500000000001
3 0.525 0.2796875000000001 0.4890625 0.2796875000000001 0.4890625 0.3125000000000001 0.525 0.3125000000000001
3 0.459375 0.40625 0.41875 0.40625 0.41875 0.44375 0.459375 0.44375
2 0.4703125 0.3343750000000001 0.3671875 0.3343750000000001 0.36718750000000006 0.3859375000000001 0.4703125 0.3859375000000001
0 0.534375 0.425 0.5046875 0.425 0.5046875 0.4515625 0.534375 0.4515625
0 0.5984375 0.5140625 0.565625 0.5140625 0.565625 0.5671875 0.5984375 0.5671875
0 0.5125 0.55625 0.4890625 0.55625 0.4890625 0.6109375 0.5125 0.6109375
0 0.4828125 0.4890625 0.453125 0.4890625 0.453125 0.534375 0.4828125 0.534375
0 0.5453125 0.6265625 0.5265625 0.6265625 0.5265625 0.65 0.5453125 0.65
0 0.01562500000000011 0.8875 1.086874034243276e-16 0.8875 1.1079226511036212e-16 0.921875 0.01562500000000011 0.921875
2 0.06093750000000011 0.921875 1.1289712679639661e-16 0.921875 1.158630682630816e-16 0.9703125 0.06093750000000011 0.9703125
0 1 0.6500000000000001 0.95625 0.6500000000000001 0.95625 0.6750000000000002 1 0.6750000000000002
0 0.603125 0.65 0.559375 0.65 0.559375 0.6875 0.603125 0.6875