0 0.3453125 0.08125000000000004 0.2796875 0.08125000000000004 0.2796875 0.14375000000000004 0.3453125 0.14375000000000004
0 0.2703125 0.10937500000000004 0.2078125 0.10937500000000004 0.2078125 0.16875000000000004 0.2703125 0.16875000000000004
0 0.1703125 0.08906250000000002 0.096875 0.08906250000000002 0.09687500000000002 0.1578125 0.1703125 0.1578125
0 0.4921875 0.07500000000000005 0.4234375 0.07500000000000004 0.4234375 0.13906250000000003 0.4921875 0.13906250000000003
0 0.17343750000000005 0.190625 0.10156250000000004 0.190625 0.10156250000000004 0.2546875 0.17343750000000005 0.2546875
0 0.453125 0.3578125000000001 0.39375 0.3578125000000001 0.39375000000000004 0.37968750000000007 0.453125 0.37968750000000007
0 0.6765625 8.180257916179587e-17 0.659375 8.075014831877861e-17 0.659375 0.04218750000000008 0.6765625 0.04218750000000008
0 0.7859375 9.32836429038023e-17 0.7375 9.031770143711729e-17 0.7375 0.01718750000000009 0.7859375 0.017187500000000095
0 0.3921875000000001 0.37968750000000007 0.37968750000000007 0.37968750000000007 0.37968750000000007 0.4 0.3921875000000001 0.4
0 0.3828125000000001 0.45 0.3687500000000001 0.45 0.3687500000000001 0.478125 0.3828125000000001 0.478125
0 0.3765625000000001 0.484375 0.36406250000000007 0.484375 0.36406250000000007 0.5109375 0.3765625000000001 0.5109375
0 0.3703125000000001 0.521875 0.35625000000000007 0.521875 0.35625000000000007 0.55 0.3703125000000001 0.55
0 0.2796875000000001 0.4390625 0.2593750000000001 0.4390625 0.2593750000000001 0.453125 0.2796875000000001 0.453125
0 0.27812500000000007 0.4484375 0.2578125000000001 0.4484375 0.2578125000000001 0.465625 0.27812500000000007 0.465625
0 0.2734375000000001 0.4640625 0.2562500000000001 0.4640625 0.2562500000000001 0.478125 0.2734375000000001 0.478125
0 0.2734375000000001 0.4765625 0.2531250000000001 0.4765625 0.2531250000000001 0.490625 0.2734375000000001 0.490625
0 0.27031250000000007 0.490625 0.2500000000000001 0.490625 0.2500000000000001 0.50625 0.27031250000000007 0.50625
0 0.2687500000000001 0.5046875 0.2484375000000001 0.5046875 0.2484375000000001 0.5171875 0.2687500000000001 0.5171875
0 0.2671875000000001 0.51875 0.2468750000000001 0.51875 0.2468750000000001 0.5328125 0.2671875000000001 0.5328125
0 0.2687500000000001 0.5328125 0.2484375000000001 0.5328125 0.2484375000000001 0.55 0.2687500000000001 0.55
0 0.35625000000000007 0.6234375 0.34062500000000007 0.6234375 0.34062500000000007 0.65 0.35625000000000007 0.65
0 0.3312500000000001 0.7796875 0.31718750000000007 0.7796875 0.31718750000000007 0.809375 0.3312500000000001 0.809375
0 0.3265625000000001 0.8171875 0.3109375000000001 0.8171875 0.3109375000000001 0.846875 0.3265625000000001 0.846875
3 0.31718750000000007 0.890625 0.3000000000000001 0.890625 0.3000000000000001 0.9265625 0.31718750000000007 0.9265625
0 0.2968750000000001 0.95625 0.2812500000000001 0.95625 0.2812500000000001 0.9875 0.2968750000000001 0.9875
0 0.2468750000000001 0.9375 0.2328125000000001 0.9375 0.2328125000000001 0.965625 0.2468750000000001 0.965625
0 0.4828125000000002 0.978125 0.4625000000000002 0.978125 0.4625000000000002 1 0.4828125000000002 1
0 0.765625 0.4734375000000002 0.7265625 0.4734375000000002 0.7265625 0.5312500000000002 0.765625 0.5312500000000002