0 0.2500000000000001 0.3796875 0.18750000000000006 0.3796875 0.18750000000000006 0.440625 0.2500000000000001 0.440625
0 0.26875 0.004687500000000031 0.2359375 0.004687500000000029 0.2359375 0.07812500000000003 0.26875 0.07812500000000003
0 0.04687500000000004 0.334375 4.0949127346489623e-17 0.334375 4.4967499656191874e-17 0.4 0.04687500000000004 0.4
0 0.690625 0.403125 0.6625 0.403125 0.6625 0.4671875 0.690625 0.4671875
0 0.4640625 0.415625 0.434375 0.415625 0.434375 0.4609375 0.4640625 0.4609375
0 0.3859375000000001 0.4796875 0.3578125000000001 0.4796875 0.3578125000000001 0.525 0.3859375000000001 0.525
0 0.834375 0.12343750000000009 0.80625 0.12343750000000009 0.80625 0.1750000000000001 0.834375 0.1750000000000001
0 0.4 0.48125 0.3843750000000001 0.48125 0.3843750000000001 0.515625 0.4 0.515625
0 0.8328125 0.1781250000000001 0.8078125 0.1781250000000001 0.8078125 0.2296875000000001 0.8328125 0.2296875000000001
0 0.8453125 0.2406250000000001 0.8203125 0.2406250000000001 0.8203125 0.2828125000000001 0.8453125 0.2828125000000001
0 0.8 0.20312500000000008 0.778125 0.20312500000000008 0.778125 0.2453125000000001 0.8 0.2453125000000001
0 0.8171875 0.2453125000000001 0.7875 0.2453125000000001 0.7875 0.2953125000000001 0.8171875 0.2953125000000001
0 0.7828125 0.2640625000000001 0.75625 0.2640625000000001 0.75625 0.3062500000000001 0.7828125 0.3062500000000001
0 0.7515625 0.2734375000000001 0.728125 0.2734375000000001 0.728125 0.3156250000000001 0.7515625 0.3156250000000001
0 0.7734375 0.20312500000000008 0.74375 0.20312500000000008 0.74375 0.2500000000000001 0.7734375 0.2500000000000001
0 0.7359375 0.1468750000000001 0.7078125 0.1468750000000001 0.7078125 0.1984375000000001 0.7359375 0.1984375000000001
0 0.68125 0.17187500000000008 0.65625 0.17187500000000008 0.65625 0.2140625000000001 0.68125 0.2140625000000001
0 0.6453125 0.17343750000000008 0.615625 0.17343750000000008 0.615625 0.2250000000000001 0.6453125 0.2250000000000001
0 0.61875 0.1906250000000001 0.5984375 0.1906250000000001 0.5984375 0.2296875000000001 0.61875 0.2296875000000001
0 0.590625 0.19687500000000008 0.565625 0.19687500000000008 0.565625 0.2390625000000001 0.590625 0.2390625000000001
0 0.55 0.20468750000000008 0.5234375 0.20468750000000008 0.5234375 0.2468750000000001 0.55 0.2468750000000001
0 0.4015625 0.528125 0.37968750000000007 0.528125 0.37968750000000007 0.5671875 0.4015625 0.5671875
0 0.3812500000000001 0.5328125 0.3578125000000001 0.5328125 0.3578125000000001 0.571875 0.3812500000000001 0.571875
0 0.35625000000000007 0.534375 0.3343750000000001 0.534375 0.3343750000000001 0.578125 0.35625000000000007 0.578125
0 0.3281250000000001 0.5390625 0.30156250000000007 0.5390625 0.30156250000000007 0.58125 0.3281250000000001 0.58125
0 0.30156250000000007 0.5484375 0.2765625000000001 0.5484375 0.2765625000000001 0.5890625 0.30156250000000007 0.5890625
0 0.27812500000000007 0.55625 0.2687500000000001 0.55625 0.2687500000000001 0.5890625 0.27812500000000007 0.5890625
0 0.275 0.2171875 0.26875 0.2171875 0.26875 0.25625 0.275 0.25625
0 0.415625 0.19375000000000003 0.3921875 0.19375000000000003 0.3921875 0.2328125000000001 0.415625 0.2328125000000001
0 0.4328125 0.19062500000000004 0.4109375 0.19062500000000004 0.4109375 0.2296875000000001 0.4328125 0.2296875000000001
0 0.4578125 0.17812500000000003 0.43125 0.17812500000000003 0.43125 0.2250000000000001 0.4578125 0.2250000000000001
0 0.4828125 0.17968750000000006 0.45625 0.17968750000000006 0.45625 0.22031250000000008 0.4828125 0.22031250000000008
0 0.5 0.17187500000000006 0.48125 0.17187500000000006 0.48125 0.21093750000000008 0.5 0.21093750000000008
0 0.521875 0.16562500000000005 0.5 0.16562500000000005 0.5 0.20312500000000008 0.521875 0.20312500000000008
0 0.546875 0.15781250000000008 0.521875 0.15781250000000005 0.521875 0.19843750000000007 0.546875 0.1984375000000001
0 0.5734375 0.1515625000000001 0.5484375 0.1515625000000001 0.5484375 0.1921875000000001 0.5734375 0.1921875000000001
0 0.5984375 0.1468750000000001 0.5734375 0.1468750000000001 0.5734375 0.1843750000000001 0.5984375 0.1843750000000001
0 0.61875 0.1375000000000001 0.596875 0.1375000000000001 0.596875 0.17968750000000008 0.61875 0.17968750000000008
0 0.640625 0.1312500000000001 0.6203125 0.1312500000000001 0.6203125 0.17343750000000008 0.640625 0.17343750000000008
0 0.665625 0.12343750000000009 0.6421875 0.12343750000000009 0.6421875 0.16562500000000008 0.665625 0.16562500000000008
0 0.6859375 0.11875000000000009 0.665625 0.11875000000000009 0.665625 0.15781250000000008 0.6859375 0.15781250000000008
0 0.7078125 0.11093750000000009 0.6859375 0.11093750000000009 0.6859375 0.1531250000000001 0.7078125 0.1531250000000001
0 0.5796875 0.4 0.5578125 0.4 0.5578125 0.4421875 0.5796875 0.4421875
2 0.8015625 0.10468750000000009 0.734375 0.10468750000000009 0.734375 0.19531250000000008 0.8015625 0.19531250000000008
0 0.6953125 0.5890625 0.66875 0.5890625 0.66875 0.634375 0.6953125 0.634375
0 0.7187500000000002 0.7296875 0.6953125000000002 0.7296875 0.6953125000000002 0.7921875 0.7187500000000002 0.7921875
0 0.659375 0.6546875 0.6375 0.6546875 0.6375 0.7078125 0.659375 0.7078125
0 0.6703125000000002 0.7453125 0.6484375000000002 0.7453125 0.6484375000000002 0.803125 0.6703125000000002 0.803125
0 0.6781250000000002 0.8234375 0.6562500000000002 0.8234375 0.6562500000000002 0.8890625 0.6781250000000002 0.8890625
0 0.6921875000000002 0.909375 0.6625000000000002 0.909375 0.6625000000000002 0.9953125 0.6921875000000002 0.9953125