0 0.3984375000000001 0.54375 0.3437500000000001 0.54375 0.3437500000000001 0.5953125 0.3984375000000001 0.5953125
0 0.3046875000000001 0.6 0.2515625000000001 0.6 0.2515625000000001 0.6484375 0.3046875000000001 0.6484375
0 0.4328125 0.46875 0.3687500000000001 0.46875 0.3687500000000001 0.5296875 0.4328125 0.5296875
0 0.3609375 0.3390625 0.3109375 0.3390625 0.31093750000000003 0.4015625 0.3609375000000001 0.4015625
0 0.2734375 0.228125 0.228125 0.228125 0.228125 0.3046875 0.2734375 0.3046875
0 0.2265625 0.13281250000000006 0.1859375 0.13281250000000006 0.18593750000000003 0.2015625 0.2265625 0.2015625
0 0.2640625 0.0015625000000000298 0.2203125 0.001562500000000027 0.2203125 0.06562500000000002 0.2640625 0.06562500000000002
0 0.0921875 0.0031250000000000075 0.03125 0.003125000000000004 0.03125000000000001 0.05156250000000001 0.0921875 0.051562500000000025
0 0.2171875 0.2609375 0.18750000000000006 0.2609375 0.18750000000000006 0.3078125 0.2171875 0.3078125
0 0.1625 0.1015625 0.128125 0.1015625 0.128125 0.153125 0.1625 0.153125
0 0.5703125 0.06093750000000007 0.515625 0.06093750000000007 0.515625 0.09843750000000007 0.5703125 0.09843750000000007
0 0.671875 0.05937500000000008 0.61875 0.05937500000000007 0.61875 0.09218750000000007 0.671875 0.09218750000000009
0 0.9484375 0.1890625000000001 0.8921875 0.18906250000000008 0.8921875 0.24218750000000008 0.9484375 0.24218750000000008
0 0.3078125000000001 0.6484375 0.2468750000000001 0.6484375 0.2468750000000001 0.6984375 0.3078125000000001 0.6984375
0 0.19375000000000014 0.95625 0.14218750000000013 0.95625 0.14218750000000013 0.990625 0.19375000000000014 0.990625
0 0.5578125000000002 0.7921875 0.5093750000000001 0.7921875 0.5093750000000001 0.8515625 0.5578125000000002 0.8515625
0 0.6078125000000002 0.8390625 0.5515625000000002 0.8390625 0.5515625000000002 0.90625 0.6078125000000002 0.90625
0 0.6562500000000002 0.8921875 0.6000000000000002 0.8921875 0.6000000000000002 0.9546875 0.6562500000000002 0.9546875
0 0.7046875000000001 0.9375 0.6515625000000002 0.9375 0.6515625000000002 0.9984375 0.7046875000000001 0.9984375
0 0.89375 0.4234375000000002 0.865625 0.4234375000000002 0.865625 0.4890625000000002 0.89375 0.4890625000000002
0 0.8828125 0.5312500000000002 0.8546875 0.5312500000000002 0.8546875 0.6062500000000002 0.8828125 0.6062500000000002
0 0.875 0.6296875000000002 0.846875 0.6296875000000002 0.846875 0.6921875000000002 0.875 0.6921875000000002
0 0.8546875 0.7968750000000002 0.8234375 0.7968750000000002 0.8234375 0.871875 0.8546875 0.871875
0 0.9109375 0.6203125000000002 0.8734375 0.6203125000000002 0.8734375 0.7000000000000002 0.9109375 0.7000000000000002
0 0.94375 0.5875000000000001 0.9140625 0.5875000000000001 0.9140625 0.6640625000000002 0.94375 0.6640625000000002
0 0.925 0.7687500000000002 0.8953125 0.7687500000000002 0.8953125 0.8421875 0.925 0.8421875