0 0.3984375000000001 0.5453125 0.3437500000000001 0.5453125 0.3437500000000001 0.59375 0.3984375000000001 0.59375
0 0.3156250000000001 0.5921875 0.2609375000000001 0.5921875 0.2609375000000001 0.64375 0.3156250000000001 0.64375
0 0.3812500000000001 0.4984375 0.3187500000000001 0.4984375 0.3187500000000001 0.55625 0.3812500000000001 0.55625
0 0.34843750000000007 0.3140625 0.303125 0.3140625 0.30312500000000003 0.378125 0.34843750000000007 0.378125
0 0.2765625 0.228125 0.2296875 0.228125 0.2296875 0.303125 0.2765625 0.303125
0 0.2265625 0.13125000000000003 0.1859375 0.13125000000000003 0.18593750000000003 0.2 0.2265625 0.2
0 0.2640625 0.0015625000000000298 0.221875 0.001562500000000027 0.221875 0.06562500000000002 0.2640625 0.06562500000000002
0 0.0921875 0.0031250000000000075 0.03125 0.003125000000000004 0.03125000000000001 0.05156250000000001 0.0921875 0.051562500000000025
0 0.21875 0.2609375 0.18750000000000006 0.2609375 0.18750000000000006 0.309375 0.21875 0.309375
0 0.1625 0.1015625 0.1296875 0.1015625 0.1296875 0.15 0.1625 0.15
0 0.571875 0.06093750000000007 0.5171875 0.06093750000000007 0.5171875 0.09843750000000007 0.571875 0.09843750000000007
0 0.671875 0.05937500000000008 0.6203125 0.05937500000000007 0.6203125 0.09375000000000008 0.671875 0.09375000000000008
0 0.8890625 0.2171875000000001 0.834375 0.2171875000000001 0.834375 0.2656250000000001 0.8890625 0.2656250000000001
0 0.3671875000000001 0.615625 0.3062500000000001 0.615625 0.3062500000000001 0.66875 0.3671875000000001 0.66875
0 0.07968750000000009 0.765625 0.017187500000000095 0.765625 0.0171875000000001 0.8140625 0.07968750000000009 0.8140625
0 0.19531250000000014 0.9546875 0.14062500000000014 0.9546875 0.14062500000000014 0.990625 0.19531250000000014 0.990625
0 0.5578125000000002 0.7921875 0.5078125000000002 0.7921875 0.5078125000000002 0.8515625 0.5578125000000002 0.8515625
0 0.6078125000000002 0.8375 0.5500000000000002 0.8375 0.5500000000000002 0.90625 0.6078125000000002 0.90625
0 0.6562500000000002 0.8921875 0.5984375000000002 0.8921875 0.5984375000000002 0.95625 0.6562500000000002 0.95625
0 0.7062500000000002 0.934375 0.6484375000000002 0.934375 0.6484375000000002 0.996875 0.7062500000000002 0.996875
0 0.89375 0.4234375000000002 0.865625 0.4234375000000002 0.865625 0.4890625000000002 0.89375 0.4890625000000002
0 0.8828125 0.5296875000000002 0.8546875 0.5296875000000002 0.8546875 0.6062500000000002 0.8828125 0.6062500000000002
0 0.8765625 0.6281250000000002 0.8484375 0.6281250000000002 0.8484375 0.6875000000000002 0.8765625 0.6875000000000002
0 0.853125 0.7984375000000001 0.825 0.7984375000000001 0.825 0.86875 0.853125 0.86875
0 0.9109375 0.6171875000000002 0.8734375 0.6171875000000002 0.8734375 0.6984375000000002 0.9109375 0.6984375000000002
0 0.9453125 0.5843750000000002 0.9109375 0.5843750000000002 0.9109375 0.6656250000000001 0.9453125 0.6656250000000001
0 0.9265625 0.7656250000000002 0.89375 0.7656250000000002 0.89375 0.840625 0.9265625 0.840625