0 0.3968750000000001 0.5421875 0.34062500000000007 0.5421875 0.34062500000000007 0.5953125 0.3968750000000001 0.5953125
0 0.3281250000000001 0.584375 0.2734375000000001 0.584375 0.2734375000000001 0.6328125 0.3281250000000001 0.6328125
0 0.22656250000000008 0.584375 0.1625000000000001 0.584375 0.1625000000000001 0.640625 0.22656250000000008 0.640625
0 0.309375 0.2140625 0.2703125 0.2140625 0.2703125 0.2828125 0.309375 0.2828125
0 0.2734375 0.228125 0.2265625 0.228125 0.2265625 0.303125 0.2734375 0.303125
0 0.225 0.12968750000000004 0.184375 0.12968750000000004 0.184375 0.2 0.225 0.2
0 0.2625 0.0015625000000000296 0.2203125 0.001562500000000027 0.2203125 0.06562500000000002 0.2625 0.06562500000000002
0 0.0890625 0.004687500000000008 0.03125 0.004687500000000004 0.03125000000000001 0.04843750000000001 0.0890625 0.04843750000000001
0 0.215625 0.2609375 0.18437500000000004 0.2609375 0.18437500000000004 0.3078125 0.215625 0.3078125
0 0.159375 0.103125 0.1265625 0.103125 0.1265625 0.1515625 0.159375 0.1515625
0 0.5703125 0.06093750000000007 0.5140625 0.06093750000000007 0.5140625 0.09843750000000007 0.5703125 0.09843750000000007
0 0.66875 0.05937500000000008 0.615625 0.05937500000000007 0.615625 0.09062500000000008 0.66875 0.0906250000000001
0 0.7125 0.3031250000000001 0.6609375 0.3031250000000001 0.6609375 0.3546875000000001 0.7125 0.3546875000000001
0 0.5390625 0.509375 0.4796875 0.509375 0.4796875 0.5625 0.5390625 0.5625
0 0.2484375000000001 0.6828125 0.1859375000000001 0.6828125 0.1859375000000001 0.7359375 0.2484375000000001 0.7359375
0 0.19218750000000012 0.953125 0.13750000000000012 0.953125 0.13750000000000012 0.990625 0.19218750000000012 0.990625
0 0.5546875000000002 0.7921875 0.5062500000000002 0.7921875 0.5062500000000002 0.85 0.5546875000000002 0.85
0 0.6062500000000002 0.840625 0.5500000000000002 0.840625 0.5500000000000002 0.90625 0.6062500000000002 0.90625
0 0.6531250000000002 0.8921875 0.5984375000000002 0.8921875 0.5984375000000002 0.953125 0.6531250000000002 0.953125
0 0.7031250000000002 0.9359375 0.6453125000000002 0.9359375 0.6453125000000002 0.9984375 0.7031250000000002 0.9984375
0 0.890625 0.4234375000000002 0.8625 0.4234375000000002 0.8625 0.4890625000000002 0.890625 0.4890625000000002
0 0.88125 0.5296875000000002 0.8515625 0.5296875000000002 0.8515625 0.6046875000000002 0.88125 0.6046875000000002
0 0.871875 0.6265625000000001 0.84375 0.6265625000000001 0.84375 0.6906250000000002 0.871875 0.6906250000000002
0 0.8515625 0.8 0.8234375 0.8 0.8234375 0.8671875 0.8515625 0.8671875
0 0.909375 0.6125000000000002 0.871875 0.6125000000000002 0.871875 0.6921875000000002 0.909375 0.6921875000000002
0 0.9421875 0.5843750000000002 0.909375 0.5843750000000002 0.909375 0.6640625000000002 0.9421875 0.6640625000000002
0 0.921875 0.7656250000000002 0.8921875 0.7656250000000002 0.8921875 0.8390625 0.921875 0.8390625