0 0.51875 0.07500000000000007 0.4578125 0.07500000000000007 0.4578125 0.13125000000000003 0.51875 0.13125000000000003
0 0.59375 0.13281250000000006 0.5328125 0.13281250000000006 0.5328125 0.19062500000000007 0.59375 0.1906250000000001
0 0.55 0.02968750000000006 0.4796875 0.029687500000000054 0.4796875 0.09687500000000007 0.55 0.09687500000000007
0 0.546875 0.14843750000000006 0.4796875 0.14843750000000006 0.4796875 0.2093750000000001 0.546875 0.2093750000000001
0 0.321875 0.296875 0.2640625 0.296875 0.2640625 0.3625 0.321875 0.3625
0 0.27343750000000006 0.334375 0.20625 0.334375 0.20625000000000004 0.3890625 0.2734375000000001 0.3890625
0 0.014062500000000006 8.61079780650483e-19 0 0 4.305398903252414e-18 0.0703125 0.01406250000000001 0.0703125
0 0.007812500000000038 0.2609375 3.195562741525125e-17 0.2609375 3.654805291205382e-17 0.3359375 0.007812500000000042 0.3359375
2 0.42187500000000017 0.728125 0.2812500000000001 0.728125 0.2812500000000001 0.809375 0.42187500000000017 0.809375
0 0.553125 0.6734375 0.503125 0.6734375 0.503125 0.715625 0.553125 0.715625
0 0.484375 0.6625 0.4328125 0.6625 0.4328125 0.7078125 0.484375 0.7078125
0 0.4875000000000001 0.7125 0.4390625 0.7125 0.4390625000000001 0.759375 0.48750000000000016 0.759375
0 0.5531250000000001 0.7203125 0.5078125 0.7203125 0.5078125000000001 0.759375 0.5531250000000002 0.759375
0 0.07343750000000009 0.64375 0.02187500000000008 0.64375 0.021875000000000082 0.7015625 0.07343750000000009 0.7015625
0 0.3312500000000001 0.3890625 0.2984375000000001 0.3890625 0.2984375000000001 0.4546875 0.3312500000000001 0.4546875
0 0.2921875000000001 0.4609375 0.26250000000000007 0.4609375 0.26250000000000007 0.53125 0.2921875000000001 0.53125
0 0.2453125000000001 0.5171875 0.2156250000000001 0.5171875 0.2156250000000001 0.5921875 0.2453125000000001 0.5921875
0 0.2296875000000001 0.73125 0.2015625000000001 0.73125 0.2015625000000001 0.8 0.2296875000000001 0.8
0 0.17500000000000004 0.4453125 0.12187500000000004 0.4453125 0.12187500000000004 0.5015625 0.17500000000000004 0.5015625
0 0.1109375000000001 0.8609375 0.07656250000000012 0.8609375 0.07656250000000012 0.9375 0.11093750000000013 0.9375
0 0.17656250000000012 0.971875 0.14375000000000013 0.971875 0.14375000000000013 1 0.17656250000000012 1
0 0.01875000000000007 0.540625 6.620746757890377e-17 0.540625 6.831232926493829e-17 0.575 0.018750000000000072 0.575
0 0.03593750000000006 0.4921875 6.027558464553379e-17 0.4921875 6.276314845630185e-17 0.5328125 0.03593750000000007 0.5328125
0 1 0.8078125 0.9734375 0.8078125 0.9734375 0.9046875 1 0.9046875
0 0.94375 0.6218750000000002 0.9078125 0.6218750000000002 0.9078125 0.7359375000000001 0.94375 0.7359375000000001
0 0.825 0.7843750000000002 0.7812500000000002 0.7843750000000002 0.7812500000000002 0.8546875 0.825 0.8546875
0 0.765625 0.5546875000000002 0.728125 0.5546875000000002 0.728125 0.6046875000000002 0.765625 0.6046875000000002
0 0.759375 0.5015625000000001 0.725 0.5015625 0.725 0.5453125000000001 0.759375 0.5453125000000002
0 0.7953125 0.4984375000000002 0.7640625 0.4984375000000002 0.7640625 0.5421875000000002 0.7953125 0.5421875000000002
0 0.8359375 0.4937500000000002 0.8 0.4937500000000002 0.8 0.5421875000000002 0.8359375 0.5421875000000002
0 0.7906250000000001 0.9015625 0.7531250000000002 0.9015625 0.7531250000000002 0.9484375 0.7906250000000001 0.9484375
0 0.7562500000000002 0.89375 0.7203125000000001 0.89375 0.7203125000000001 0.9375 0.7562500000000002 0.9375