0 0.3109375 0.2625 0.2578125 0.2625 0.2578125 0.309375 0.3109375 0.309375
0 0.3796875 0.24843750000000003 0.325 0.2484375 0.325 0.30468750000000006 0.3796875 0.3046875000000001
0 0.3625 0.007812500000000042 0.321875 0.007812500000000038 0.321875 0.07343750000000004 0.3625 0.07343750000000004
0 0.3437500000000001 0.640625 0.3062500000000001 0.640625 0.3062500000000001 0.675 0.3437500000000001 0.675
0 0.32500000000000007 0.5828125 0.2875000000000001 0.5828125 0.2875000000000001 0.6203125 0.32500000000000007 0.6203125
0 0.3218750000000001 0.5375 0.2812500000000001 0.5375 0.2812500000000001 0.5734375 0.3218750000000001 0.5734375
0 0.25468750000000007 0.5546875 0.2171875000000001 0.5546875 0.2171875000000001 0.5921875 0.25468750000000007 0.5921875
0 0.17343750000000008 0.7671875 0.13281250000000008 0.7671875 0.13281250000000008 0.8046875 0.17343750000000008 0.8046875
0 0.15000000000000008 0.6265625 0.11250000000000009 0.6265625 0.11250000000000009 0.6640625 0.15000000000000008 0.6640625
0 0.22812500000000008 0.6578125 0.18906250000000008 0.6578125 0.18906250000000008 0.6953125 0.22812500000000008 0.6953125
0 0.28593750000000007 0.6484375 0.2453125000000001 0.6484375 0.2453125000000001 0.6859375 0.28593750000000007 0.6859375
0 0.2796875000000001 0.5953125 0.23593750000000008 0.5953125 0.23593750000000008 0.6328125 0.2796875000000001 0.6328125
0 0.20312500000000008 0.5640625 0.1625000000000001 0.5640625 0.1625000000000001 0.6015625 0.20312500000000008 0.6015625
0 0.05625000000000009 0.64375 0.015625000000000076 0.64375 0.01562500000000008 0.68125 0.05625000000000009 0.68125
0 0.012500000000000075 0.6078125 7.443556326067507e-17 0.6078125 7.673177600907635e-17 0.6453125 0.012500000000000077 0.6453125
1 0.37968750000000007 0.6796875 0.3203125000000001 0.6796875 0.3203125000000001 0.725 0.37968750000000007 0.725
3 0.1375000000000001 0.5546875 0.07500000000000007 0.5546875 0.07500000000000007 0.6171875 0.1375000000000001 0.6171875
0 0.22656250000000008 0.6109375 0.1828125000000001 0.6109375 0.1828125000000001 0.646875 0.22656250000000008 0.646875
0 0.9203125 0.4546875000000002 0.903125 0.4546875000000002 0.903125 0.5500000000000002 0.9203125 0.5500000000000002
0 0.8265625 0.4734375000000002 0.80625 0.4734375000000002 0.80625 0.5859375000000002 0.8265625 0.5859375000000002
0 0.7546875 0.5468750000000001 0.71875 0.546875 0.71875 0.6265625000000001 0.7546875 0.6265625000000001
0 0.925 0.8828125 0.909375 0.8828125 0.909375 0.9703125 0.925 0.9703125
0 0.634375 0.3234375000000001 0.603125 0.3234375000000001 0.603125 0.3656250000000001 0.634375 0.3656250000000001
0 0.4125 0.3765625000000001 0.3828125000000001 0.3765625000000001 0.3828125000000001 0.4234375 0.4125 0.4234375
0 0.54375 0.39531250000000007 0.5125 0.39531250000000007 0.5125 0.4375 0.54375 0.4375
0 0.3984375 0.30937500000000007 0.3796875 0.30937500000000007 0.3796875 0.3500000000000001 0.3984375 0.3500000000000001
0 0.428125 0.30937500000000007 0.403125 0.30937500000000007 0.403125 0.3468750000000001 0.428125 0.3468750000000001
0 0.4625 0.30937500000000007 0.4328125 0.30937500000000007 0.4328125 0.3437500000000001 0.4625 0.3437500000000001
0 0.5078125 0.30937500000000007 0.4796875 0.30937500000000007 0.4796875 0.33281250000000007 0.5078125 0.33281250000000007
0 0.7203125 0.6546875 0.6890625 0.6546875 0.6890625 0.7 0.7203125 0.7
0 0.684375 0.65625 0.653125 0.65625 0.653125 0.69375 0.684375 0.69375
0 0.621875 0.6484375 0.59375 0.6484375 0.59375 0.690625 0.621875 0.690625
0 0.5890625 0.653125 0.5609375 0.653125 0.5609375 0.69375 0.5890625 0.69375
0 0.55 0.659375 0.525 0.659375 0.525 0.7015625 0.55 0.7015625
0 0.5125 0.665625 0.48125 0.665625 0.48125 0.7125 0.5125 0.7125
0 0.475 0.678125 0.45 0.678125 0.45 0.7203125 0.475 0.7203125
0 0.434375 0.684375 0.40625 0.684375 0.40625 0.725 0.434375 0.725
0 0.4015625000000001 0.68125 0.3828125000000001 0.68125 0.3828125000000001 0.728125 0.40156250000000016 0.728125
3 0.5390625 0.459375 0.503125 0.459375 0.503125 0.515625 0.5390625 0.515625