0 0.446875 0.4328125 0.3812500000000001 0.4328125 0.3812500000000001 0.4953125 0.446875 0.4953125
0 0.5171875 0.4546875 0.453125 0.4546875 0.453125 0.5171875 0.5171875 0.5171875
0 0.75 0.47187500000000016 0.7265625 0.47187500000000016 0.7265625 0.5375000000000002 0.75 0.5375000000000002
0 0.4703125 5.3960999587430256e-17 0.4109375 5.032532940246154e-17 0.4109375 0.039062500000000056 0.4703125 0.039062500000000056
0 0.4921875 0.10000000000000005 0.43125 0.10000000000000005 0.43125 0.18281250000000004 0.4921875 0.18281250000000004
0 0.5109375 5.922315380251653e-17 0.45625 5.587451021109799e-17 0.45625 0.07187500000000006 0.5109375 0.07187500000000006
0 0.53125 0.12343750000000005 0.4921875 0.12343750000000005 0.4921875 0.17343750000000005 0.53125 0.17343750000000005
0 0.165625 0.004687500000000016 0.103125 0.004687500000000013 0.103125 0.050000000000000024 0.165625 0.050000000000000024
0 0.065625 0.021875000000000002 0.004687500000000002 0.021875 0.004687500000000006 0.065625 0.065625 0.065625
0 0.27031250000000007 0.33125 0.2078125 0.33125 0.20781250000000004 0.39375 0.27031250000000007 0.39375
0 0.11406250000000004 0.359375 0.043750000000000046 0.359375 0.04375000000000005 0.4265625 0.11406250000000004 0.4265625
0 0.4453125 0.4796875 0.37187500000000007 0.4796875 0.37187500000000007 0.55 0.4453125 0.55
0 0.93125 0.5093750000000001 0.878125 0.5093750000000001 0.878125 0.5843750000000002 0.93125 0.5843750000000002
0 0.8671875 0.46406250000000016 0.8265625 0.46406250000000016 0.8265625 0.5234375000000002 0.8671875 0.5234375000000002
0 1 0.46875000000000017 0.98125 0.46875000000000017 0.98125 0.5265625000000002 1 0.5265625000000002
2 0.5109375 0.684375 0.3625000000000001 0.684375 0.3625000000000001 0.9265625 0.5109375000000002 0.9265625
2 0.7265625000000002 0.7718750000000001 0.6062500000000002 0.771875 0.6062500000000002 0.875 0.7265625000000002 0.875
0 0.0953125000000001 0.8859375 0.05156250000000011 0.8859375 0.05156250000000011 0.925 0.0953125000000001 0.925
0 0.1296875000000001 0.771875 0.08437500000000009 0.771875 0.08437500000000009 0.815625 0.1296875000000001 0.815625
0 0.1390625000000001 0.71875 0.09531250000000009 0.71875 0.09531250000000009 0.7546875 0.1390625000000001 0.7546875
0 0.08437500000000009 0.740625 0.03750000000000009 0.740625 0.037500000000000096 0.78125 0.08437500000000009 0.78125
0 0.035937500000000094 0.765625 9.376202055971923e-17 0.765625 9.61539088393039e-17 0.8046875 0.0359375000000001 0.8046875
0 0.6984375000000002 0.7546875 0.6531250000000002 0.7546875 0.6531250000000002 0.7984375 0.6984375000000002 0.7984375
0 0.6375000000000002 0.740625 0.5953125000000001 0.740625 0.5953125000000001 0.7828125 0.6375000000000002 0.7828125
0 1 0.85 0.9859375 0.85 0.9859375 0.8875 1 0.8875
0 0.996875 0.9109375 0.9671875 0.9109375 0.9671875 0.9515625 0.996875 0.9515625
0 0.9640625 0.9203125 0.9390625 0.9203125 0.9390625 0.9625 0.9640625 0.9625
0 0.9828125 0.85 0.95 0.85 0.95 0.896875 0.9828125 0.896875
0 0.9390625 0.8 0.909375 0.8 0.909375 0.84375 0.9390625 0.84375
0 0.8859375 0.821875 0.8578125 0.821875 0.8578125 0.865625 0.8859375 0.865625
0 0.8515625 0.8328125 0.81875 0.8328125 0.81875 0.8796875 0.8515625 0.8796875
0 0.8234375 0.84375 0.8 0.84375 0.8 0.8875 0.8234375 0.8875
0 0.7968750000000002 0.8515625 0.7687500000000002 0.8515625 0.7687500000000002 0.8921875 0.7968750000000002 0.8921875
0 0.7562500000000002 0.859375 0.7500000000000002 0.859375 0.7500000000000002 0.903125 0.7562500000000002 0.903125
0 0.7750000000000001 0.8078125 0.7500000000000002 0.8078125 0.7500000000000002 0.846875 0.7750000000000001 0.846875
0 0.7984375000000001 0.8 0.7734375000000002 0.8 0.7734375000000002 0.8390625 0.7984375000000001 0.8390625
0 0.8203125 0.7968750000000002 0.7968750000000002 0.7968750000000002 0.7968750000000002 0.8328125 0.8203125 0.8328125
0 0.840625 0.7875000000000002 0.81875 0.7875000000000002 0.81875 0.8234375 0.840625 0.8234375
0 0.8640625 0.7812500000000002 0.8390625 0.7812500000000002 0.8390625 0.8171875 0.8640625 0.8171875
0 0.884375 0.7734375000000002 0.8625 0.7734375000000002 0.8625 0.809375 0.884375 0.809375
0 0.9078125 0.7640625000000002 0.8828125 0.7640625000000002 0.8828125 0.803125 0.9078125 0.803125
2 1 0.7640625000000002 0.9328125 0.7640625000000002 0.9328125 0.8453125 1 0.8453125