0 0.45 0.44375 0.3812500000000001 0.44375 0.3812500000000001 0.509375 0.45 0.509375
0 0.496875 0.3078125000000001 0.440625 0.3078125000000001 0.440625 0.3750000000000001 0.496875 0.3750000000000001
0 0.5703125 0.19062500000000007 0.51875 0.19062500000000004 0.51875 0.27031250000000007 0.5703125 0.27031250000000007
0 0.603125 0.09218750000000006 0.55625 0.09218750000000006 0.55625 0.16562500000000008 0.603125 0.16562500000000008
0 0.55625 6.515503673588654e-17 0.5078125 6.218909526920153e-17 0.5078125 0.032812500000000064 0.55625 0.032812500000000064
0 0.6109375 0.22031250000000008 0.5765625 0.22031250000000008 0.5765625 0.27031250000000007 0.6109375 0.27031250000000007
0 0.65625 0.05625000000000008 0.61875 0.056250000000000064 0.61875 0.11093750000000009 0.65625 0.11093750000000009
0 0.265625 0.050000000000000024 0.2078125 0.050000000000000024 0.2078125 0.09218750000000002 0.265625 0.09218750000000002
0 0.1625 0.05625000000000002 0.10625 0.05625000000000002 0.10625 0.09375000000000003 0.1625 0.09375000000000003
0 1 0.4468750000000002 0.990625 0.4468750000000002 0.990625 0.47656250000000017 1 0.47656250000000017
0 1 0.2234375000000001 0.971875 0.2234375000000001 0.971875 0.2468750000000001 1 0.2468750000000001
0 1 0.24375000000000008 0.978125 0.24375000000000008 0.978125 0.2718750000000001 1 0.2718750000000001
0 0.884375 0.38750000000000007 0.8515625 0.38750000000000007 0.8515625 0.41406250000000017 0.884375 0.41406250000000017
0 0.875 0.4281250000000002 0.8421875 0.4281250000000002 0.8421875 0.45312500000000017 0.875 0.45312500000000017
0 0.5312500000000002 0.859375 0.5109375000000002 0.859375 0.5109375000000002 0.928125 0.5312500000000002 0.928125
0 0.4984375000000002 0.9140625 0.4750000000000002 0.9140625 0.4750000000000002 0.984375 0.4984375000000002 0.984375
0 0.5640625000000001 0.971875 0.5406250000000001 0.971875 0.5406250000000001 1 0.5640625000000001 1
0 0.5437500000000001 0.7203125 0.521875 0.7203125 0.5218750000000001 0.7875 0.5437500000000002 0.7875
0 0.5171875000000001 0.6859375 0.49375 0.6859375 0.4937500000000001 0.7515625 0.5171875000000001 0.7515625
0 0.47343750000000007 0.6625 0.4515625 0.6625 0.4515625000000001 0.73125 0.4734375000000002 0.73125
0 0.55 0.51875 0.5265625 0.51875 0.5265625 0.571875 0.55 0.571875
0 0.2750000000000001 0.934375 0.2328125000000001 0.934375 0.2328125000000001 0.9703125 0.2750000000000001 0.9703125
0 0.2140625000000001 0.9484375 0.17343750000000013 0.9484375 0.17343750000000013 0.984375 0.2140625000000001 0.984375
0 0.27031250000000007 0.9828125 0.2312500000000001 0.9828125 0.2312500000000001 1 0.27031250000000007 1
0 0.12031250000000013 0.9328125 0.0796875000000001 0.9328125 0.0796875000000001 0.9703125 0.12031250000000013 0.9703125
0 0.07343750000000011 0.946875 0.03593750000000011 0.946875 0.035937500000000115 0.9796875 0.07343750000000011 0.9796875
0 0.14375000000000013 0.971875 0.10781250000000013 0.971875 0.10781250000000013 1 0.14375000000000013 1
3 0.015625000000000104 0.8375 1.0256416942859082e-16 0.8375 1.0505173323935891e-16 0.878125 0.015625000000000104 0.878125
3 0.2828125000000001 0.884375 0.2234375000000001 0.884375 0.2234375000000001 0.9265625 0.2828125000000001 0.9265625
2 0.4562500000000001 0.7078125 0.4109375 0.7078125 0.41093750000000007 0.9609375 0.45625000000000016 0.9609375
2 0.2234375000000001 0.8875 0.12031250000000009 0.8875 0.12031250000000011 0.9546875 0.2234375000000001 0.9546875
0 1 0.9078125 0.9703125 0.9078125 0.9703125 0.9453125 1 0.9453125