0 0.3984375000000001 0.5421875 0.34062500000000007 0.5421875 0.34062500000000007 0.5953125 0.3984375000000001 0.5953125
0 0.3281250000000001 0.5828125 0.2750000000000001 0.5828125 0.2750000000000001 0.634375 0.3281250000000001 0.634375
0 0.2703125 0.228125 0.2234375 0.228125 0.2234375 0.303125 0.2703125 0.303125
0 0.2234375 0.1296875 0.18125 0.1296875 0.18125000000000002 0.2 0.2234375 0.2
0 0.259375 2.918103701093302e-17 0.2171875 2.659779766898158e-17 0.2171875 0.06562500000000002 0.259375 0.06562500000000002
0 0.0859375 0.003125000000000007 0.0265625 0.0031250000000000028 0.026562500000000006 0.05 0.0859375 0.05
0 0.2140625 0.2625 0.18281250000000004 0.2625 0.18281250000000004 0.309375 0.2140625 0.309375
0 0.56875 0.06406250000000006 0.5109375 0.06406250000000006 0.5109375 0.09843750000000007 0.56875 0.09843750000000007
0 0.6640625 0.05937500000000008 0.6140625 0.05937500000000007 0.6140625 0.09062500000000008 0.6640625 0.0906250000000001
0 0.425 0.4734375 0.3734375000000001 0.4734375 0.3734375000000001 0.525 0.425 0.525
0 0.81875 0.3234375000000001 0.7578125 0.3234375000000001 0.7578125 0.37968750000000007 0.81875 0.37968750000000007
0 0.525 0.525 0.4625 0.525 0.4625 0.5796875 0.525 0.5796875
0 0.19062500000000013 0.95625 0.13750000000000012 0.95625 0.13750000000000012 0.990625 0.19062500000000013 0.990625
0 0.5515625000000002 0.79375 0.5062500000000002 0.79375 0.5062500000000002 0.8515625 0.5515625000000002 0.8515625
0 0.6000000000000002 0.840625 0.5484375000000001 0.840625 0.5484375000000001 0.9046875 0.6000000000000002 0.9046875
0 0.6500000000000001 0.8890625 0.5921875000000002 0.8890625 0.5921875000000002 0.9578125 0.6500000000000001 0.9578125
0 0.6984375000000002 0.934375 0.6406250000000002 0.934375 0.6406250000000002 1 0.6984375000000002 1
0 0.8859375 0.42500000000000016 0.859375 0.42500000000000016 0.859375 0.4890625000000002 0.8859375 0.4890625000000002
0 0.8703125 0.6234375000000002 0.840625 0.6234375000000002 0.840625 0.6890625000000001 0.8703125 0.6890625000000001
0 0.85 0.7968750000000002 0.8203125 0.7968750000000002 0.8203125 0.8703125 0.85 0.8703125
0 0.903125 0.5921875000000002 0.875 0.5921875000000002 0.875 0.6687500000000002 0.903125 0.6687500000000002
0 0.934375 0.5890625000000002 0.903125 0.5890625000000002 0.903125 0.6687500000000002 0.934375 0.6687500000000002
0 0.915625 0.7703125000000002 0.8875 0.7703125000000002 0.8875 0.84375 0.915625 0.84375