0 0.278125 0.2640625 0.21875 0.2640625 0.21875 0.3359375 0.278125 0.3359375
0 0.3453125 0.3359375 0.2859375 0.3359375 0.28593750000000007 0.3921875 0.3453125000000001 0.3921875
0 0.4375 5.003830280891139e-17 0.3796875 4.649830815512607e-17 0.3796875 0.07031250000000004 0.4375 0.07031250000000004
0 0.471875 0.03593750000000005 0.4375 0.03593750000000005 0.4375 0.08281250000000005 0.471875 0.08281250000000007
0 0.36875 0.29687500000000006 0.3109375 0.296875 0.3109375 0.353125 0.36875 0.3531250000000001
0 0.07187500000000002 0.165625 0.003125000000000021 0.165625 0.003125000000000025 0.2328125 0.07187500000000002 0.2328125
0 0.896875 0.3968750000000001 0.825 0.3968750000000001 0.825 0.46406250000000016 0.896875 0.46406250000000016
0 1 0.3296875000000001 0.9453125 0.3296875000000001 0.9453125 0.3859375000000001 1 0.3859375000000001
0 0.8515625 0.009375000000000102 0.7921875 0.009375000000000097 0.7921875 0.0500000000000001 0.8515625 0.050000000000000114
0 0.75 8.840419081344957e-17 0.69375 8.495987169084762e-17 0.69375 0.02968750000000009 0.75 0.02968750000000009
3 0.4578125 0.515625 0.3859375000000001 0.515625 0.3859375000000001 0.625 0.4578125 0.625
0 0.5671875000000002 0.778125 0.5171875000000001 0.778125 0.5171875000000001 0.8203125 0.5671875000000002 0.8203125
0 0.609375 0.5875 0.5796875 0.5875 0.5796875 0.659375 0.609375 0.659375
0 1 0.6203125000000002 0.9734375 0.6203125000000002 0.9734375 0.6640625000000002 1 0.6640625000000002
0 0.971875 0.6156250000000002 0.9390625 0.6156250000000002 0.9390625 0.6687500000000002 0.971875 0.6687500000000002
0 0.93125 0.6218750000000002 0.8921875 0.6218750000000002 0.8921875 0.6718750000000002 0.93125 0.6718750000000002
0 0.89375 0.6250000000000002 0.8609375 0.6250000000000002 0.8609375 0.6750000000000002 0.89375 0.6750000000000002
0 0.85 0.6265625000000001 0.8171875 0.6265625000000001 0.8171875 0.6718750000000002 0.85 0.6718750000000002
0 0.81875 0.6281250000000002 0.79375 0.6281250000000002 0.79375 0.6718750000000002 0.81875 0.6718750000000002
0 0.796875 0.6281250000000002 0.7578125 0.6281250000000002 0.7578125 0.6781250000000002 0.796875 0.6781250000000002
0 0.753125 0.6328125000000001 0.7171875 0.6328125 0.7171875 0.6843750000000001 0.753125 0.6843750000000002
0 0.678125 0.6375 0.646875 0.6375 0.646875 0.6875 0.678125 0.6875