0 0.5296875 0.023437500000000062 0.46875 0.023437500000000056 0.46875 0.06250000000000007 0.5296875 0.06250000000000007
0 0.428125 0.010937500000000048 0.3734375 0.010937500000000044 0.3734375 0.04843750000000005 0.428125 0.04843750000000006
0 0.10468750000000002 0.1484375 0.042187500000000024 0.1484375 0.042187500000000024 0.2046875 0.10468750000000004 0.2046875
0 0.3843750000000001 0.36562500000000003 0.3187500000000001 0.365625 0.3187500000000001 0.428125 0.3843750000000001 0.428125
0 0.15156250000000004 0.35625 0.11875000000000005 0.35625 0.11875000000000005 0.4234375 0.15156250000000004 0.4234375
0 0.7140625 0.04375000000000009 0.6921875 0.04375000000000009 0.6921875 0.10937500000000008 0.7140625 0.10937500000000008
0 0.765625 9.25182386543352e-17 0.7453125 9.127445674895118e-17 0.7453125 0.01718750000000009 0.765625 0.017187500000000095
0 0.8328125 1.0026795668018954e-16 0.8046875 9.854579711888858e-17 0.8046875 0.0515625000000001 0.8328125 0.05156250000000011
0 0.775 0.10937500000000008 0.753125 0.10937500000000008 0.753125 0.1703125000000001 0.775 0.1703125000000001
0 0.74375 0.21250000000000008 0.721875 0.21250000000000008 0.721875 0.27812500000000007 0.74375 0.27812500000000007
0 0.6828125 0.3234375000000001 0.6609375 0.3234375000000001 0.6609375 0.3812500000000001 0.6828125 0.3812500000000001
0 0.7484375 0.3609375000000001 0.7265625 0.3609375000000001 0.7265625 0.4281250000000002 0.7484375 0.4281250000000002
0 0.9296875 0.1500000000000001 0.890625 0.15000000000000008 0.890625 0.1906250000000001 0.9296875 0.19062500000000013
0 0.95625 0.27812500000000007 0.915625 0.27812500000000007 0.915625 0.31718750000000007 0.95625 0.31718750000000007
0 0.95 0.3281250000000001 0.909375 0.3281250000000001 0.909375 0.36406250000000007 0.95 0.36406250000000007
3 1 0.3468750000000001 0.9546875 0.3468750000000001 0.9546875 0.40156250000000016 1 0.40156250000000016
3 0.5046875000000002 0.7609375 0.4359375000000002 0.7609375 0.4359375000000002 0.8390625 0.5046875000000002 0.8390625
0 0.5796875000000001 0.971875 0.5484375000000001 0.971875 0.5484375000000001 1 0.5796875000000001 1
0 0.3781250000000001 0.45 0.3515625000000001 0.45 0.3515625000000001 0.5 0.3781250000000001 0.5
0 0.9109375 0.6046875000000002 0.84375 0.6046875000000002 0.84375 0.6687500000000002 0.9109375 0.6687500000000002
0 0.9453125 0.9484375 0.8921875 0.9484375 0.8921875 1 0.9453125 1
0 0.628125 0.553125 0.59375 0.553125 0.59375 0.6203125 0.628125 0.6203125
0 0.6234375000000002 0.7515625 0.5906250000000002 0.7515625 0.5906250000000002 0.815625 0.6234375000000002 0.815625
0 0.6296875000000002 0.928125 0.5953125000000001 0.928125 0.5953125000000001 1 0.6296875000000002 1
0 0.5937500000000001 0.703125 0.5796875 0.703125 0.5796875000000001 0.78125 0.5937500000000002 0.78125