0 0.4 0.50625 0.35625000000000007 0.50625 0.35625000000000007 0.5765625 0.4 0.5765625
0 0.3296875000000001 0.5828125 0.2750000000000001 0.5828125 0.2750000000000001 0.634375 0.3296875000000001 0.634375
0 0.2671875 0.2296875 0.221875 0.2296875 0.221875 0.3046875 0.2671875 0.3046875
0 0.2203125 0.13281250000000003 0.178125 0.1328125 0.17812500000000003 0.2015625 0.2203125 0.2015625
0 0.25625 0.004687500000000029 0.2125 0.004687500000000027 0.2125 0.07031250000000003 0.25625 0.07031250000000003
0 0.0796875 0.010937500000000006 0.025 0.010937500000000003 0.025000000000000005 0.0546875 0.0796875 0.0546875
0 0.209375 0.265625 0.17812500000000003 0.265625 0.17812500000000003 0.3109375 0.209375 0.3109375
0 0.5640625 0.06562500000000007 0.50625 0.06562500000000007 0.50625 0.10000000000000006 0.5640625 0.10000000000000009
0 0.6609375 0.06250000000000008 0.6078125 0.06250000000000007 0.6078125 0.09531250000000008 0.6609375 0.09531250000000009
0 0.2453125000000001 0.5765625 0.1937500000000001 0.5765625 0.1937500000000001 0.628125 0.2453125000000001 0.628125
0 0.9765625 0.22812500000000008 0.91875 0.22812500000000008 0.91875 0.2796875000000001 0.9765625 0.2796875000000001
0 0.68125 0.4203125 0.6203125 0.4203125 0.6203125 0.4765625 0.68125 0.4765625
0 0.1687500000000001 0.7234375 0.1140625000000001 0.7234375 0.1140625000000001 0.7703125 0.1687500000000001 0.7703125
0 0.18437500000000012 0.959375 0.13437500000000013 0.959375 0.13437500000000013 0.99375 0.18437500000000012 0.99375
0 0.5500000000000002 0.796875 0.5031250000000002 0.796875 0.5031250000000002 0.8546875 0.5500000000000002 0.8546875
0 0.5953125000000001 0.840625 0.5421875000000002 0.840625 0.5421875000000002 0.9078125 0.5953125000000001 0.9078125
0 0.6484375000000002 0.8921875 0.5890625000000002 0.8921875 0.5890625000000002 0.959375 0.6484375000000002 0.959375
0 0.6953125000000002 0.9375 0.6390625000000002 0.9375 0.6390625000000002 1 0.6953125000000002 1
0 0.8796875 0.4281250000000002 0.853125 0.4281250000000002 0.853125 0.4937500000000002 0.8796875 0.4937500000000002
0 0.865625 0.6250000000000002 0.8375 0.6250000000000002 0.8375 0.6890625000000001 0.865625 0.6890625000000001
0 0.84375 0.8 0.8140625 0.8 0.8140625 0.8734375 0.84375 0.8734375
0 0.9 0.5703125000000002 0.871875 0.5703125000000002 0.871875 0.6484375000000002 0.9 0.6484375000000002
0 0.93125 0.5890625000000002 0.9 0.5890625000000002 0.9 0.6687500000000002 0.93125 0.6687500000000002
0 0.9109375 0.7703125000000002 0.8828125 0.7703125000000002 0.8828125 0.84375 0.9109375 0.84375