0 0.3937500000000001 0.5265625 0.3421875000000001 0.5265625 0.3421875000000001 0.5921875 0.3937500000000001 0.5921875
0 0.3187500000000001 0.5875 0.2656250000000001 0.5875 0.2656250000000001 0.6359375 0.3187500000000001 0.6359375
0 0.2703125 0.23125 0.2234375 0.23125 0.2234375 0.3078125 0.2703125 0.3078125
0 0.221875 0.13437500000000002 0.1796875 0.134375 0.17968750000000003 0.203125 0.221875 0.203125
0 0.2578125 0.006250000000000029 0.215625 0.006250000000000028 0.215625 0.07031250000000003 0.2578125 0.07031250000000003
0 0.0828125 0.007812500000000007 0.0265625 0.007812500000000003 0.026562500000000006 0.053125 0.0828125 0.053125
0 0.2109375 0.26875 0.18281250000000004 0.26875 0.18281250000000004 0.3125 0.2109375 0.3125
0 0.5578125 0.07031250000000007 0.5 0.07031250000000007 0.5 0.10312500000000006 0.5578125 0.10312500000000009
0 0.6546875 0.06406250000000008 0.6015625 0.06406250000000006 0.6015625 0.09687500000000007 0.6546875 0.09687500000000009
0 0.2984375000000001 0.5453125 0.2484375000000001 0.5453125 0.2484375000000001 0.5953125 0.2984375000000001 0.5953125
0 0.915625 0.2609375000000001 0.85625 0.2609375000000001 0.85625 0.3156250000000001 0.915625 0.3156250000000001
0 0.6203125 0.459375 0.559375 0.459375 0.559375 0.5171875 0.6203125 0.5171875
0 0.12031250000000009 0.75 0.06250000000000008 0.75 0.06250000000000008 0.796875 0.12031250000000009 0.796875
0 0.18750000000000014 0.959375 0.13750000000000012 0.959375 0.13750000000000012 0.9953125 0.18750000000000014 0.9953125
0 0.5437500000000002 0.796875 0.49531250000000016 0.796875 0.49531250000000016 0.85625 0.5437500000000002 0.85625
0 0.5921875000000002 0.84375 0.5359375000000002 0.84375 0.5359375000000002 0.9109375 0.5921875000000002 0.9109375
0 0.6406250000000002 0.89375 0.5812500000000002 0.89375 0.5812500000000002 0.9625 0.6406250000000002 0.9625
0 0.6875000000000002 0.9390625 0.6312500000000002 0.9390625 0.6312500000000002 1 0.6875000000000002 1
0 0.875 0.42968750000000017 0.846875 0.42968750000000017 0.846875 0.49531250000000016 0.875 0.49531250000000016
0 0.8609375 0.6265625000000001 0.8328125 0.6265625000000001 0.8328125 0.6890625000000001 0.8609375 0.6890625000000001
0 0.8390625 0.803125 0.8109375 0.803125 0.8109375 0.8734375 0.8390625 0.8734375
0 0.89375 0.5812500000000002 0.865625 0.5812500000000002 0.865625 0.6578125000000001 0.89375 0.6578125000000001
0 0.9265625 0.5906250000000002 0.89375 0.5906250000000002 0.89375 0.6703125000000002 0.9265625 0.6703125000000002
0 0.9078125 0.7734375000000002 0.8765625 0.7734375000000002 0.8765625 0.84375 0.9078125 0.84375