0 0.2 0.07968750000000002 0.1328125 0.07968750000000002 0.1328125 0.14375000000000002 0.2 0.14375000000000004
0 0.08750000000000005 0.409375 0.03281250000000006 0.409375 0.03281250000000006 0.4734375 0.08750000000000006 0.4734375
0 0.13125000000000003 0.459375 0.06718750000000007 0.459375 0.06718750000000007 0.4796875 0.13125000000000003 0.4796875
0 0.4546875 0.07968750000000005 0.4203125 0.07968750000000005 0.4203125 0.14843750000000006 0.4546875 0.14843750000000006
0 0.4203125 0.2750000000000001 0.3859375 0.2750000000000001 0.3859375 0.34062500000000007 0.4203125 0.34062500000000007
0 0.37968750000000007 0.4484375 0.3437500000000001 0.4484375 0.3437500000000001 0.4796875 0.37968750000000007 0.4796875
0 0.4578125 0.2328125000000001 0.421875 0.2328125000000001 0.421875 0.3125000000000001 0.4578125 0.3125000000000001
0 0.490625 0.2468750000000001 0.45 0.2468750000000001 0.45 0.3281250000000001 0.490625 0.3281250000000001
0 0.4515625 0.425 0.4140625 0.425 0.4140625 0.4796875 0.4515625 0.4796875
3 0.9625 0.2687500000000001 0.928125 0.2687500000000001 0.928125 0.3125000000000001 0.9625 0.3125000000000001
3 0.9078125 0.44531250000000017 0.8828125 0.44531250000000017 0.8828125 0.47968750000000016 0.9078125 0.47968750000000016
0 0.10000000000000009 0.7859375 0.07187500000000009 0.7859375 0.0718750000000001 0.8296875 0.10000000000000009 0.8296875
0 0.1859375000000001 0.85 0.1593750000000001 0.85 0.1593750000000001 0.89375 0.1859375000000001 0.89375
0 0.1593750000000001 0.8515625 0.1437500000000001 0.8515625 0.1437500000000001 0.8875 0.1593750000000001 0.8875
0 0.021875000000000075 0.56875 6.965178670150572e-17 0.56875 7.290475476174086e-17 0.621875 0.02187500000000008 0.621875
0 0.03906250000000007 0.5859375 0.020312500000000074 0.5859375 0.020312500000000074 0.6265625 0.039062500000000076 0.6265625
0 0.07187500000000006 0.5890625 0.04687500000000007 0.5890625 0.04687500000000007 0.63125 0.07187500000000006 0.63125
0 0.11562500000000009 0.5984375 0.08906250000000007 0.5984375 0.08906250000000007 0.6421875 0.11562500000000009 0.6421875
0 0.27031250000000007 0.9125 0.2484375000000001 0.9125 0.2484375000000001 0.9546875 0.27031250000000007 0.9546875
0 0.2921875000000001 0.9171875 0.27031250000000007 0.9171875 0.27031250000000007 0.95625 0.2921875000000001 0.95625
0 0.3156250000000001 0.91875 0.2953125000000001 0.91875 0.2953125000000001 0.9640625 0.3156250000000001 0.9640625
0 0.34843750000000007 0.9234375 0.3218750000000001 0.9234375 0.3218750000000001 0.9671875 0.34843750000000007 0.9671875
0 0.3734375000000001 0.93125 0.34843750000000007 0.93125 0.34843750000000007 0.9734375 0.3734375000000001 0.9734375
0 0.3937500000000001 0.940625 0.37187500000000007 0.940625 0.37187500000000007 0.9828125 0.3937500000000001 0.9828125
0 0.5187500000000002 0.9671875 0.5000000000000002 0.9671875 0.5000000000000002 1 0.5187500000000002 1
0 0.51875 0.6359375 0.509375 0.6359375 0.509375 0.675 0.51875 0.675
0 0.509375 0.625 0.4828125 0.625 0.4828125 0.6734375 0.509375 0.6734375
0 0.478125 0.6234375 0.45625 0.6234375 0.45625 0.665625 0.478125 0.665625
0 0.4515625 0.6171875 0.4265625 0.6171875 0.4265625 0.659375 0.4515625 0.659375
0 0.3859375000000001 0.6015625 0.3625000000000001 0.6015625 0.3625000000000001 0.64375 0.3859375000000001 0.64375
0 0.2468750000000001 0.584375 0.2234375000000001 0.584375 0.2234375000000001 0.6234375 0.2468750000000001 0.6234375
0 0.22656250000000008 0.58125 0.2062500000000001 0.58125 0.2062500000000001 0.621875 0.22656250000000008 0.621875
0 0.2062500000000001 0.565625 0.17968750000000008 0.565625 0.17968750000000008 0.6171875 0.2062500000000001 0.6171875
0 0.17968750000000008 0.571875 0.1546875000000001 0.571875 0.1546875000000001 0.6109375 0.17968750000000008 0.6109375
0 0.1546875000000001 0.5625 0.1390625000000001 0.5625 0.1390625000000001 0.603125 0.1546875000000001 0.603125
0 0.1359375000000001 0.5578125 0.11562500000000009 0.5578125 0.11562500000000009 0.596875 0.1359375000000001 0.596875
0 0.11562500000000009 0.55 0.09062500000000007 0.55 0.09062500000000007 0.59375 0.11562500000000009 0.59375
0 0.08750000000000006 0.54375 0.06406250000000006 0.54375 0.06406250000000006 0.5859375 0.08750000000000006 0.5859375
0 0.06406250000000006 0.5390625 0.040625000000000064 0.5390625 0.040625000000000064 0.58125 0.06406250000000006 0.58125
0 0.040625000000000064 0.53125 0.018750000000000065 0.53125 0.01875000000000007 0.575 0.040625000000000064 0.575
0 0.01406250000000007 0.528125 6.467665907996959e-17 0.528125 6.706854735955427e-17 0.5671875 0.014062500000000071 0.5671875
0 0.7312500000000002 0.9625 0.7031250000000002 0.9625 0.7031250000000002 1 0.7312500000000002 1