0 0.028125000000000018 0.1328125 1.6264840301175783e-17 0.1328125 2.1335643453895294e-17 0.215625 0.02812500000000002 0.215625
0 0.35625 0.03750000000000004 0.2921875 0.03750000000000003 0.2921875 0.08437500000000005 0.35625 0.08437500000000005
0 0.45 0.057812500000000044 0.3921875 0.057812500000000044 0.3921875 0.10156250000000004 0.45 0.10156250000000004
0 0.66875 0.2875000000000001 0.6515625 0.2875000000000001 0.6515625 0.3515625000000001 0.66875 0.3515625000000001
0 0.740625 0.2656250000000001 0.696875 0.2656250000000001 0.696875 0.3062500000000001 0.740625 0.3062500000000001
0 0.771875 0.21250000000000008 0.7265625 0.21250000000000008 0.7265625 0.2562500000000001 0.771875 0.2562500000000001
0 0.7875 0.1687500000000001 0.7390625 0.1687500000000001 0.7390625 0.21250000000000008 0.7875 0.21250000000000008
0 0.846875 0.2000000000000001 0.8015625 0.2000000000000001 0.8015625 0.2453125000000001 0.846875 0.2453125000000001
0 0.9328125 0.2953125000000001 0.8875 0.2953125000000001 0.8875 0.34062500000000007 0.9328125 0.34062500000000007
0 0.8515625 0.3062500000000001 0.8046875 0.3062500000000001 0.8046875 0.3515625000000001 0.8515625 0.3515625000000001
0 0.7984375 0.2843750000000001 0.7515625 0.2843750000000001 0.7515625 0.3312500000000001 0.7984375 0.3312500000000001
0 0.81875 0.23437500000000008 0.7671875 0.23437500000000008 0.7671875 0.2812500000000001 0.81875 0.2812500000000001
0 0.8984375 0.2218750000000001 0.85 0.2218750000000001 0.85 0.2671875000000001 0.8984375 0.2671875000000001
0 1 0.3312500000000001 0.9734375 0.3312500000000001 0.9734375 0.3687500000000001 1 0.3687500000000001
1 0.7171875 0.29375000000000007 0.66875 0.29375000000000007 0.66875 0.3515625000000001 0.7171875 0.3515625000000001
3 0.984375 0.22812500000000008 0.9109375 0.22812500000000008 0.9109375 0.3031250000000001 0.984375 0.3031250000000001
0 0.8671875 0.26250000000000007 0.8171875 0.26250000000000007 0.8171875 0.3078125000000001 0.8671875 0.3078125000000001
2 0.3109375000000001 0.4515625 0.24375000000000008 0.4515625 0.24375000000000008 0.6375 0.3109375000000001 0.6375
2 0.10468750000000009 0.65 7.960204194457795e-17 0.65 8.553392487794795e-17 0.746875 0.10468750000000009 0.746875
0 0.2000000000000001 0.778125 0.1546875000000001 0.778125 0.1546875000000001 0.8640625 0.2000000000000001 0.8640625
0 0.2515625000000001 0.715625 0.21093750000000008 0.715625 0.21093750000000008 0.7984375 0.2515625000000001 0.7984375
0 0.2812500000000001 0.803125 0.2390625000000001 0.803125 0.2390625000000001 0.8859375 0.2812500000000001 0.8859375
0 0.11250000000000013 0.91875 0.07500000000000011 0.91875 0.07500000000000012 1 0.11250000000000013 1
0 0.37187500000000007 0.4859375 0.3281250000000001 0.4859375 0.3281250000000001 0.5359375 0.37187500000000007 0.5359375
0 0.4671875 0.58125 0.4203125 0.58125 0.4203125 0.621875 0.4671875 0.621875
0 0.4375000000000001 0.7140625 0.3890625000000001 0.7140625 0.3890625000000001 0.75625 0.43750000000000017 0.75625
0 0.540625 0.5953125 0.4953125 0.5953125 0.4953125 0.634375 0.540625 0.634375
0 0.640625 0.609375 0.5921875 0.609375 0.5921875 0.65 0.640625 0.65
3 0.50625 0.55 0.4578125 0.55 0.4578125 0.5921875 0.50625 0.5921875
0 0.7234375 0.3687500000000001 0.6828125 0.3687500000000001 0.6828125 0.37968750000000007 0.7234375 0.37968750000000007
0 1 0.4109375000000002 0.9828125 0.4109375000000002 0.9828125 0.4703125000000002 1 0.4703125000000002
0 0.990625 0.3859375000000001 0.953125 0.3859375000000001 0.953125 0.4359375000000002 0.990625 0.4359375000000002
0 0.928125 0.4343750000000002 0.8890625 0.4343750000000002 0.8890625 0.48750000000000016 0.928125 0.48750000000000016
0 0.796875 0.42187500000000017 0.7578125 0.42187500000000017 0.7578125 0.4703125000000002 0.796875 0.4703125000000002
0 0.9546875 0.37187500000000007 0.9171875 0.37187500000000007 0.9171875 0.4187500000000002 0.9546875 0.4187500000000002
0 0.921875 0.3687500000000001 0.8890625 0.3687500000000001 0.8890625 0.40625000000000017 0.921875 0.40625000000000017
0 0.8921875 0.3687500000000001 0.8546875 0.3687500000000001 0.8546875 0.3968750000000001 0.8921875 0.3968750000000001
0 0.6921875 0.6640625 0.66875 0.6640625 0.66875 0.709375 0.6921875 0.709375
0 0.725 0.678125 0.690625 0.678125 0.690625 0.725 0.725 0.725
0 0.7671875000000001 0.6937500000000001 0.725 0.69375 0.7250000000000001 0.7468750000000001 0.7671875000000001 0.7468750000000002
0 0.7937500000000001 0.7125000000000001 0.759375 0.7125000000000001 0.7593750000000001 0.7593750000000001 0.7937500000000002 0.7593750000000001
0 0.8359375 0.7296875000000002 0.8 0.7296875000000002 0.8 0.7750000000000001 0.8359375 0.7750000000000001
0 0.859375 0.7328125000000002 0.8296875 0.7328125000000002 0.8296875 0.7843750000000002 0.859375 0.7843750000000002
0 0.8921875 0.7500000000000002 0.85 0.7500000000000002 0.85 0.7984375000000001 0.8921875 0.7984375000000001
0 0.9296875 0.7687500000000002 0.8875 0.7687500000000002 0.8875 0.821875 0.9296875 0.821875
0 0.990625 0.8015625 0.9578125 0.8015625 0.9578125 0.8453125 0.990625 0.8453125
3 0.7921875 0.48750000000000016 0.7453125 0.48750000000000016 0.7453125 0.5500000000000002 0.7921875 0.5500000000000002