0 0.2406250000000001 0.53125 0.18125000000000005 0.53125 0.18125000000000008 0.559375 0.2406250000000001 0.559375
0 0.12500000000000006 0.2140625 0.07500000000000002 0.2140625 0.07500000000000004 0.290625 0.12500000000000006 0.290625
0 0.07968750000000002 0.1140625 0.03437500000000001 0.1140625 0.03437500000000002 0.1859375 0.07968750000000002 0.1859375
0 0.1203125 1.2055116929106758e-17 0.0765625 9.376202055971923e-18 0.0765625 0.05312500000000001 0.1203125 0.05312500000000002
0 0.06718750000000004 0.246875 0.032812500000000036 0.246875 0.032812500000000036 0.2953125 0.06718750000000004 0.2953125
0 0.428125 0.059375000000000046 0.3703125 0.059375000000000046 0.3703125 0.09531250000000005 0.428125 0.09531250000000005
0 0.5234375 0.05937500000000007 0.471875 0.05937500000000007 0.471875 0.09218750000000006 0.5234375 0.09218750000000006
0 0.27031250000000007 0.4640625 0.2171875000000001 0.4640625 0.2171875000000001 0.5171875 0.27031250000000007 0.5171875
0 0.61875 0.3265625000000001 0.6046875 0.3265625000000001 0.6046875 0.3859375000000001 0.61875 0.3859375000000001
0 0.3671875000000001 0.51875 0.3031250000000001 0.51875 0.3031250000000001 0.559375 0.3671875000000001 0.559375
0 0.6359375 0.1531250000000001 0.61875 0.1531250000000001 0.61875 0.2250000000000001 0.6359375 0.2250000000000001
0 0.9375 0.2953125000000001 0.9015625 0.2953125000000001 0.9015625 0.3578125000000001 0.9375 0.3578125000000001
0 0.9765625 0.07031250000000011 0.9421875 0.07031250000000011 0.9421875 0.12500000000000014 0.9765625 0.12500000000000014
0 0.021875000000000113 0.9046875 1.1079226511036212e-16 0.9046875 1.130884778587634e-16 0.9421875 0.021875000000000117 0.9421875
0 0.050000000000000114 0.909375 0.03125000000000011 0.909375 0.03125000000000011 0.9453125 0.050000000000000114 0.9453125
0 0.028125000000000105 0.84375 0.004687500000000103 0.84375 0.004687500000000106 0.8859375 0.02812500000000011 0.8859375
0 0.0578125000000001 0.7828125 0.0343750000000001 0.7828125 0.0343750000000001 0.828125 0.057812500000000114 0.828125
0 0.1140625000000001 0.796875 0.09218750000000009 0.796875 0.0921875000000001 0.8390625 0.1140625000000001 0.8390625
0 0.1531250000000001 0.7984375 0.1281250000000001 0.7984375 0.1281250000000001 0.846875 0.1531250000000001 0.846875
0 0.17187500000000008 0.80625 0.15625000000000008 0.80625 0.15625000000000008 0.8484375 0.17187500000000008 0.8484375
0 0.20312500000000008 0.809375 0.1828125000000001 0.809375 0.1828125000000001 0.85 0.20312500000000008 0.85
0 0.2484375000000001 0.8140625 0.2250000000000001 0.8140625 0.2250000000000001 0.8546875 0.2484375000000001 0.8546875
0 0.5296875 0.559375 0.5078125 0.559375 0.5078125 0.5984375 0.5296875 0.5984375
0 0.6125000000000002 0.8125 0.5937500000000002 0.8125 0.5937500000000002 0.8484375 0.6125000000000002 0.8484375
0 0.5843750000000002 0.80625 0.5640625000000001 0.80625 0.5640625000000001 0.84375 0.5843750000000002 0.84375
0 0.5171875000000001 0.8015625 0.4984375000000002 0.8015625 0.4984375000000002 0.834375 0.5171875000000001 0.834375
0 0.3781250000000001 0.790625 0.3578125000000001 0.790625 0.3578125000000001 0.821875 0.3781250000000001 0.821875
0 0.3578125000000001 0.7890625 0.34062500000000007 0.7890625 0.34062500000000007 0.825 0.3578125000000001 0.825
0 0.3375000000000001 0.7828125 0.3156250000000001 0.7828125 0.3156250000000001 0.8234375 0.3375000000000001 0.8234375
0 0.3109375000000001 0.778125 0.2906250000000001 0.778125 0.2906250000000001 0.8140625 0.3109375000000001 0.8140625
0 0.28593750000000007 0.775 0.2718750000000001 0.775 0.2718750000000001 0.8078125 0.28593750000000007 0.8078125
0 0.2671875000000001 0.7703125 0.2500000000000001 0.7703125 0.2500000000000001 0.803125 0.2671875000000001 0.803125
0 0.24375000000000008 0.7671875 0.2218750000000001 0.7671875 0.2218750000000001 0.8046875 0.24375000000000008 0.8046875
0 0.2156250000000001 0.7625 0.19531250000000008 0.7625 0.19531250000000008 0.7984375 0.2156250000000001 0.7984375
0 0.1921875000000001 0.759375 0.17343750000000008 0.759375 0.17343750000000008 0.796875 0.1921875000000001 0.796875
0 0.1671875000000001 0.759375 0.15000000000000008 0.759375 0.15000000000000008 0.7953125 0.1671875000000001 0.7953125
0 0.1437500000000001 0.75625 0.12656250000000008 0.75625 0.12656250000000008 0.7921875 0.1437500000000001 0.7921875
0 0.12343750000000009 0.753125 0.10312500000000009 0.753125 0.10312500000000009 0.7890625 0.12343750000000009 0.7890625
0 0.0984375000000001 0.7484375 0.08125000000000009 0.7484375 0.08125000000000009 0.78125 0.0984375000000001 0.78125
0 0.07656250000000009 0.746875 0.057812500000000086 0.746875 0.057812500000000086 0.7796875 0.07656250000000009 0.7796875
2 0.029687500000000096 0.7578125 9.280526524788537e-17 0.7578125 9.720633968232116e-17 0.8296875 0.0296875000000001 0.8296875
0 0.846875 0.88125 0.815625 0.88125 0.815625 0.934375 0.846875 0.934375