0 0.3296875000000001 0.4421875 0.3046875000000001 0.4421875 0.3046875000000001 0.5140625 0.3296875000000001 0.5140625
0 0.3140625000000001 0.4828125 0.2453125000000001 0.4828125 0.2453125000000001 0.51875 0.3140625000000001 0.51875
0 0.1328125 1.3968627552774498e-17 0.0953125 1.1672414804373211e-17 0.0953125 0.050000000000000024 0.1328125 0.050000000000000024
0 0.11718750000000004 0.1828125 0.07656250000000002 0.1828125 0.07656250000000002 0.253125 0.11718750000000004 0.253125
0 0.10625000000000004 0.35625 0.06406250000000005 0.35625 0.06406250000000005 0.434375 0.10625000000000004 0.434375
0 0.08906250000000002 0.1453125 0.04843750000000002 0.1453125 0.04843750000000002 0.225 0.08906250000000002 0.225
0 0.06093750000000002 0.1375 0.017187500000000015 0.1375 0.017187500000000022 0.2203125 0.06093750000000002 0.2203125
0 0.04531250000000005 0.31875 0.004687500000000039 0.31875 0.004687500000000044 0.3953125 0.04531250000000005 0.3953125
0 0.9671875 0.4203125000000002 0.903125 0.4203125000000002 0.903125 0.4812500000000002 0.9671875 0.4812500000000002
0 1 0.46875000000000017 0.959375 0.46875000000000017 0.959375 0.5187500000000002 1 0.5187500000000002
0 0.79375 0.2140625000000001 0.7359375 0.2140625000000001 0.7359375 0.2718750000000001 0.79375 0.2718750000000001
0 0.7375 0.2656250000000001 0.66875 0.2656250000000001 0.66875 0.33281250000000007 0.7375 0.33281250000000007
0 0.99375 0.5031250000000002 0.9234375 0.5031250000000002 0.9234375 0.5187500000000002 0.99375 0.5187500000000002
0 0.475 0.2156250000000001 0.4359375 0.2156250000000001 0.4359375 0.2843750000000001 0.475 0.2843750000000001
0 0.46875 0.3218750000000001 0.425 0.3218750000000001 0.425 0.4015625 0.46875 0.4015625
0 0.4546875 0.4171875 0.4171875 0.4171875 0.4171875 0.484375 0.4546875 0.484375
0 0.43125 0.3937500000000001 0.3828125000000001 0.3937500000000001 0.3828125000000001 0.475 0.43125 0.475
0 0.4015625 0.36562500000000003 0.3546875000000001 0.365625 0.3546875000000001 0.45 0.4015625 0.45
2 0.3296875000000001 0.7890625 0.21093750000000008 0.7890625 0.21093750000000008 0.8625 0.3296875000000001 0.8625
0 0.1765625000000001 0.7859375 0.12656250000000008 0.7859375 0.12656250000000008 0.825 0.1765625000000001 0.825
0 0.18125000000000008 0.7390625 0.1296875000000001 0.7390625 0.1296875000000001 0.78125 0.18125000000000008 0.78125
0 0.2468750000000001 0.7421875 0.19531250000000008 0.7421875 0.19531250000000008 0.7875 0.2468750000000001 0.7875
0 0.3031250000000001 0.75 0.2578125000000001 0.75 0.2578125000000001 0.790625 0.3031250000000001 0.790625
3 0.2640625000000001 0.6578125 0.2062500000000001 0.6578125 0.2062500000000001 0.703125 0.2640625000000001 0.703125
0 0.1593750000000001 0.590625 0.11250000000000009 0.590625 0.11250000000000009 0.640625 0.1593750000000001 0.640625
0 0.07656250000000006 0.51875 0.028125000000000067 0.51875 0.028125000000000067 0.55 0.07656250000000006 0.55
0 0.2890625000000001 0.85 0.2375000000000001 0.85 0.2375000000000001 0.8921875 0.2890625000000001 0.8921875
0 1 0.9375 0.9625 0.9375 0.9625 0.978125 1 0.978125
0 1 0.990625 0.9515625 0.990625 0.9515625 1 1 1
0 0.7625000000000002 0.9859375 0.7140625000000002 0.9859375 0.7140625000000002 1 0.7625000000000002 1
0 0.8484375 0.984375 0.7984375000000001 0.984375 0.7984375000000001 1 0.8484375 1
0 0.7125000000000001 0.9390625 0.6687500000000002 0.9390625 0.6687500000000002 0.978125 0.7125000000000001 0.978125
0 0.6875000000000002 0.9859375 0.6390625000000002 0.9859375 0.6390625000000002 1 0.6875000000000002 1
0 0.6203125000000002 0.95 0.5765625000000002 0.95 0.5765625000000002 0.9921875 0.6203125000000002 0.9921875
0 0.6078125000000002 0.990625 0.5625000000000002 0.990625 0.5625000000000002 1 0.6078125000000002 1
3 0.8390625 0.9359375 0.7703125000000002 0.9359375 0.7703125000000002 0.9859375 0.8390625 0.9859375
3 0.5421875000000002 0.946875 0.4906250000000002 0.946875 0.4906250000000002 0.9984375 0.5421875000000002 0.9984375
3 0.47656250000000017 0.95 0.4046875000000002 0.95 0.4046875000000002 1 0.47656250000000017 1