0 0.615625 0.5109375 0.584375 0.5109375 0.584375 0.55625 0.615625 0.55625
0 0.1281250000000001 0.8359375 0.11562500000000009 0.8359375 0.11562500000000012 0.925 0.12812500000000013 0.925
0 0.09531250000000002 0.1390625 0.07187500000000002 0.1390625 0.07187500000000002 0.234375 0.09531250000000002 0.234375
0 0.03593750000000006 0.4859375 0.007812500000000059 0.4859375 0.00781250000000006 0.5265625 0.03593750000000007 0.5265625
0 0.2234375000000001 0.3796875 0.2078125000000001 0.3796875 0.2078125000000001 0.4671875 0.2234375000000001 0.4671875
0 0.2578125000000001 0.8359375 0.24375000000000008 0.8359375 0.24375000000000008 0.934375 0.2578125000000001 0.934375
0 0.24218750000000008 0.896875 0.22656250000000008 0.896875 0.22656250000000008 0.9921875 0.24218750000000008 0.9921875
0 0.35625 0.2578125 0.325 0.2578125 0.325 0.3 0.35625 0.3
0 0.43125 0.21093750000000008 0.4 0.21093750000000008 0.4 0.2578125000000001 0.43125 0.2578125000000001
0 0.3921875 0.2078125000000001 0.3671875 0.2078125000000001 0.3671875 0.2500000000000001 0.3921875 0.2500000000000001
0 0.35625 0.2 0.328125 0.2 0.328125 0.2421875 0.35625 0.2421875
0 0.74375 0.2843750000000001 0.7109375 0.2843750000000001 0.7109375 0.3343750000000001 0.74375 0.3343750000000001
0 0.7015625 0.2640625000000001 0.675 0.2640625000000001 0.675 0.3109375000000001 0.7015625 0.3109375000000001
0 0.4453125 0.2765625000000001 0.4171875 0.2765625000000001 0.4171875 0.3218750000000001 0.4453125 0.3218750000000001
0 0.3875 0.31562500000000004 0.3578125 0.315625 0.3578125 0.35468750000000004 0.3875 0.3546875000000001
0 0.6625 0.2609375000000001 0.6359375 0.2609375000000001 0.6359375 0.3031250000000001 0.6625 0.3031250000000001
0 0.6296875 0.25468750000000007 0.6046875 0.25468750000000007 0.6046875 0.3000000000000001 0.6296875 0.3000000000000001
0 0.6015625 0.2531250000000001 0.5703125 0.2531250000000001 0.5703125 0.2953125000000001 0.6015625 0.2953125000000001
0 0.5546875 0.24218750000000008 0.525 0.24218750000000008 0.525 0.2843750000000001 0.5546875 0.2843750000000001
0 0.8921875 0.15625000000000008 0.88125 0.15625000000000008 0.88125 0.24375000000000008 0.8921875 0.24375000000000008
0 0.8953125 0.0640625000000001 0.8828125 0.0640625000000001 0.8828125 0.1437500000000001 0.8953125 0.1437500000000001
0 0.8375 0.10781250000000009 0.825 0.10781250000000009 0.825 0.2000000000000001 0.8375 0.2000000000000001
0 0.74375 0.4015625000000001 0.7109375 0.4015625 0.7109375 0.45781250000000007 0.74375 0.4578125000000002
0 0.846875 0.4593750000000002 0.8203125 0.4593750000000002 0.8203125 0.5093750000000001 0.846875 0.5093750000000001
0 0.9578125 0.5078125000000002 0.921875 0.5078125000000002 0.921875 0.5671875000000002 0.9578125 0.5671875000000002
0 0.884375 0.6390625000000002 0.8546875 0.6390625000000002 0.8546875 0.7156250000000002 0.884375 0.7156250000000002
0 0.3468750000000001 0.6078125 0.31718750000000007 0.6078125 0.31718750000000007 0.653125 0.3468750000000001 0.653125
0 0.3828125000000001 0.60625 0.3546875000000001 0.60625 0.3546875000000001 0.6484375 0.3828125000000001 0.6484375
0 0.440625 0.6 0.415625 0.6 0.415625 0.6453125 0.440625 0.6453125
0 0.475 0.6046875 0.4484375 0.6046875 0.4484375 0.646875 0.475 0.646875
0 0.5125 0.6078125 0.4859375 0.6078125 0.4859375 0.653125 0.5125 0.653125
0 0.5546875 0.61875 0.5234375 0.61875 0.5234375 0.6640625 0.5546875 0.6640625
0 0.5859375 0.6265625 0.5625 0.6265625 0.5625 0.671875 0.5859375 0.671875
0 0.6296875 0.6328125 0.603125 0.6328125 0.603125 0.675 0.6296875 0.675
0 0.653125 0.6375 0.634375 0.6375 0.634375 0.675 0.653125 0.675
0 0.6875 0.6453125 0.6578125 0.6453125 0.6578125 0.684375 0.6875 0.684375
0 0.728125 0.6546875000000001 0.696875 0.6546875 0.696875 0.7000000000000001 0.728125 0.7000000000000002
0 0.796875 0.6671875000000002 0.771875 0.6671875000000002 0.771875 0.7125000000000001 0.796875 0.7125000000000001
3 0.3609375000000001 0.36875 0.32500000000000007 0.36875 0.32500000000000007 0.425 0.3609375000000001 0.425