0 0.065625 5.931882933369992e-18 0.03125 3.827021247335479e-18 0.03125 0.018750000000000006 0.065625 0.018750000000000006
0 0.012500000000000002 0.0171875 2.1048616860345133e-18 0.0171875 4.7837765591693494e-18 0.0609375 0.012500000000000006 0.0609375
0 0.014062500000000042 0.3109375 3.807886141098801e-17 0.3109375 4.104480287767301e-17 0.359375 0.014062500000000044 0.359375
0 0.050000000000000044 0.30625 0.015625000000000038 0.30625 0.01562500000000004 0.3515625 0.050000000000000044 0.3515625
0 0.10781250000000005 0.290625 0.07656250000000005 0.290625 0.07656250000000005 0.3390625 0.10781250000000005 0.3390625
0 0.14062500000000006 0.2921875 0.10937500000000004 0.2921875 0.10937500000000004 0.3375 0.14062500000000006 0.3375
0 0.17812500000000003 0.2890625 0.14687500000000003 0.2890625 0.14687500000000003 0.3375 0.17812500000000003 0.3375
0 0.21875 0.2921875 0.18437500000000004 0.2921875 0.18437500000000004 0.3421875 0.21875 0.3421875
0 0.715625 0.2578125000000001 0.6859375 0.2578125000000001 0.6859375 0.3343750000000001 0.715625 0.3343750000000001
0 0.7265625 0.13437500000000008 0.696875 0.13437500000000008 0.696875 0.2140625000000001 0.7265625 0.2140625000000001
0 0.846875 0.2453125000000001 0.803125 0.2453125000000001 0.803125 0.2984375000000001 0.846875 0.2984375000000001
0 0.9765625 0.2734375000000001 0.93125 0.2734375000000001 0.93125 0.31718750000000007 0.9765625 0.31718750000000007
0 0.9796875 0.3140625000000001 0.934375 0.3140625000000001 0.934375 0.3531250000000001 0.9796875 0.3531250000000001
0 1 0.2609375000000001 0.9890625 0.2609375000000001 0.9890625 0.2968750000000001 1 0.2968750000000001
0 0.996875 0.35625000000000007 0.95 0.35625000000000007 0.95 0.3968750000000001 0.996875 0.3968750000000001
0 0.2000000000000001 0.8375 0.15000000000000008 0.8375 0.15000000000000008 0.88125 0.2000000000000001 0.88125
0 0.2093750000000001 0.8859375 0.15781250000000008 0.8859375 0.1578125000000001 0.9265625 0.2093750000000001 0.9265625
0 0.21875000000000008 0.8265625 0.2093750000000001 0.8265625 0.2093750000000001 0.8640625 0.21875000000000008 0.8640625
0 0.3203125000000001 0.828125 0.2921875000000001 0.828125 0.2921875000000001 0.878125 0.3203125000000001 0.878125
0 0.3343750000000001 0.8828125 0.3078125000000001 0.8828125 0.3078125000000001 0.93125 0.3343750000000001 0.93125
0 0.3375000000000001 0.94375 0.3125000000000001 0.94375 0.3125000000000001 0.9859375 0.3375000000000001 0.9859375
0 0.3671875000000001 0.89375 0.3453125000000001 0.89375 0.3453125000000001 0.9375 0.3671875000000001 0.9375
0 0.3703125000000001 0.940625 0.34062500000000007 0.940625 0.34062500000000007 0.990625 0.3703125000000001 0.990625
0 0.40625000000000017 0.9515625 0.37968750000000007 0.9515625 0.37968750000000007 0.9921875 0.40625000000000017 0.9921875
0 0.43281250000000016 0.9484375 0.40937500000000016 0.9484375 0.40937500000000016 0.9921875 0.43281250000000016 0.9921875
0 0.40156250000000016 0.8859375 0.37187500000000007 0.8859375 0.37187500000000007 0.9359375 0.40156250000000016 0.9359375
0 0.4203125000000002 0.8203125 0.3921875000000001 0.8203125 0.3921875000000001 0.8734375 0.4203125000000002 0.8734375
0 0.4781250000000002 0.83125 0.4515625000000002 0.83125 0.4515625000000002 0.878125 0.4781250000000002 0.878125
0 0.5171875000000001 0.825 0.48750000000000016 0.825 0.48750000000000016 0.878125 0.5171875000000001 0.878125
0 0.5359375000000002 0.8359375 0.5156250000000002 0.8359375 0.5156250000000002 0.875 0.5359375000000002 0.875
0 0.5687500000000002 0.83125 0.5437500000000002 0.83125 0.5437500000000002 0.8734375 0.5687500000000002 0.8734375
0 0.6125000000000002 0.8265625 0.5843750000000002 0.8265625 0.5843750000000002 0.8734375 0.6125000000000002 0.8734375
0 0.7515625 0.4593750000000002 0.7328125 0.4593750000000002 0.7328125 0.5000000000000002 0.7515625 0.5000000000000002
0 0.8453125 0.4984375000000002 0.8171875 0.4984375000000002 0.8171875 0.5750000000000002 0.8453125 0.5750000000000002
0 1 0.7562500000000002 0.9734375 0.7562500000000002 0.9734375 0.80625 1 0.80625
0 0.9703125 0.7640625000000002 0.9484375 0.7640625000000002 0.9484375 0.80625 0.9703125 0.80625
0 0.9421875 0.7640625000000002 0.9171875 0.7640625000000002 0.9171875 0.8046875 0.9421875 0.8046875
0 0.8765625 0.7656250000000002 0.853125 0.7656250000000002 0.853125 0.8046875 0.8765625 0.8046875
0 0.7359375000000001 0.7812500000000001 0.7125000000000001 0.78125 0.7125000000000001 0.81875 0.7359375000000001 0.81875
0 0.7156250000000002 0.784375 0.6937500000000002 0.784375 0.6937500000000002 0.8234375 0.7156250000000002 0.8234375
0 0.6953125000000002 0.775 0.6671875000000002 0.775 0.6671875000000002 0.825 0.6953125000000002 0.825
0 0.6687500000000002 0.7875 0.6437500000000002 0.7875 0.6437500000000002 0.825 0.6687500000000002 0.825
0 0.6437500000000002 0.784375 0.6250000000000002 0.784375 0.6250000000000002 0.8234375 0.6437500000000002 0.8234375
0 0.6234375000000002 0.7828125 0.6015625000000002 0.7828125 0.6015625000000002 0.821875 0.6234375000000002 0.821875
0 0.6015625000000002 0.7828125 0.5750000000000002 0.7828125 0.5750000000000002 0.828125 0.6015625000000002 0.828125
0 0.5718750000000001 0.7859375 0.5484375000000001 0.7859375 0.5484375000000001 0.8234375 0.5718750000000001 0.8234375
0 0.5468750000000002 0.784375 0.5234375000000002 0.784375 0.5234375000000002 0.8234375 0.5468750000000002 0.8234375
0 0.5234375000000002 0.7859375 0.5015625000000001 0.7859375 0.5015625000000001 0.825 0.5234375000000002 0.825
0 0.4984375000000002 0.784375 0.4781250000000002 0.784375 0.4781250000000002 0.8265625 0.4984375000000002 0.8265625
0 0.4781250000000002 0.7875 0.4546875000000002 0.7875 0.4546875000000002 0.8265625 0.4781250000000002 0.8265625
0 0.4515625000000002 0.7828125 0.4312500000000002 0.7828125 0.4312500000000002 0.825 0.4515625000000002 0.825
0 0.4312500000000002 0.7828125 0.40937500000000016 0.7828125 0.40937500000000016 0.825 0.4312500000000002 0.825
2 0.3906250000000001 0.7921875 0.3218750000000001 0.7921875 0.3218750000000001 0.8859375 0.3906250000000001 0.8859375