0 0.4453125 0.4953125 0.4125 0.4953125 0.4125 0.540625 0.4453125 0.540625
0 0.12968750000000012 0.8390625 0.11718750000000008 0.8390625 0.11718750000000011 0.9265625 0.12968750000000012 0.9265625
0 0.103125 0.05000000000000001 0.0890625 0.05 0.08906250000000002 0.1484375 0.103125 0.1484375
0 0.03750000000000006 0.4875 0.006250000000000061 0.4875 0.006250000000000063 0.5296875 0.03750000000000007 0.5296875
0 0.2296875000000001 0.5078125 0.2156250000000001 0.5078125 0.2156250000000001 0.5984375 0.2296875000000001 0.5984375
0 0.2453125000000001 0.9328125 0.2296875000000001 0.9328125 0.2296875000000001 0.9984375 0.2453125000000001 0.9984375
0 0.38125 0.26250000000000007 0.35 0.2625 0.35 0.30468750000000006 0.38125 0.3046875000000001
0 0.434375 0.2140625000000001 0.4046875 0.2140625000000001 0.4046875 0.2609375000000001 0.434375 0.2609375000000001
0 0.3953125 0.2093750000000001 0.3703125 0.2093750000000001 0.3703125 0.2515625000000001 0.3953125 0.2515625000000001
0 0.3609375 0.19687500000000005 0.33125 0.19687500000000005 0.33125 0.246875 0.3609375 0.246875
0 0.75 0.28593750000000007 0.715625 0.28593750000000007 0.715625 0.3375000000000001 0.75 0.3375000000000001
0 0.70625 0.2656250000000001 0.678125 0.2656250000000001 0.678125 0.31718750000000007 0.70625 0.31718750000000007
0 0.5390625 0.2921875000000001 0.509375 0.2921875000000001 0.509375 0.3390625000000001 0.5390625 0.3390625000000001
0 0.4375 0.32500000000000007 0.40625 0.32500000000000007 0.40625 0.3703125000000001 0.4375 0.3703125000000001
0 0.6671875 0.2609375000000001 0.6390625 0.2609375000000001 0.6390625 0.3062500000000001 0.6671875 0.3062500000000001
0 0.634375 0.2578125000000001 0.609375 0.2578125000000001 0.609375 0.3000000000000001 0.634375 0.3000000000000001
0 0.60625 0.25468750000000007 0.5765625 0.25468750000000007 0.5765625 0.2968750000000001 0.60625 0.2968750000000001
0 0.5578125 0.24375000000000008 0.5296875 0.24375000000000008 0.5296875 0.2843750000000001 0.5578125 0.2843750000000001
0 0.9 0.15625000000000008 0.8859375 0.15625000000000008 0.8859375 0.2500000000000001 0.9 0.2500000000000001
0 0.9015625 0.0640625000000001 0.8875 0.0640625000000001 0.8875 0.1453125000000001 0.9015625 0.1453125000000001
0 0.84375 0.10312500000000009 0.8296875 0.10312500000000009 0.8296875 0.20468750000000008 0.84375 0.20468750000000008
0 0.84375 0.004687500000000103 0.834375 0.004687500000000103 0.834375 0.07343750000000011 0.84375 0.07343750000000011
0 0.94375 0.5031250000000002 0.9109375 0.5031250000000002 0.9109375 0.5562500000000001 0.94375 0.5562500000000001
0 0.8828125 0.6328125000000002 0.853125 0.6328125000000002 0.853125 0.7046875000000001 0.8828125 0.7046875000000001
0 0.3515625000000001 0.609375 0.3203125000000001 0.609375 0.3203125000000001 0.6546875 0.3515625000000001 0.6546875
0 0.3859375000000001 0.609375 0.35625000000000007 0.609375 0.35625000000000007 0.6484375 0.3859375000000001 0.6484375
0 0.4453125 0.6015625 0.41875 0.6015625 0.41875 0.6421875 0.4453125 0.6421875
0 0.478125 0.6078125 0.4515625 0.6078125 0.4515625 0.646875 0.478125 0.646875
0 0.515625 0.609375 0.4890625 0.609375 0.4890625 0.65625 0.515625 0.65625
0 0.559375 0.61875 0.5265625 0.61875 0.5265625 0.6671875 0.559375 0.6671875
0 0.590625 0.6265625 0.565625 0.6265625 0.565625 0.6734375 0.590625 0.6734375
0 0.634375 0.634375 0.60625 0.634375 0.60625 0.6765625 0.634375 0.6765625
0 0.65625 0.6390625 0.6375 0.6390625 0.6375 0.6796875 0.65625 0.6796875
0 0.6921875 0.6453125 0.659375 0.6453125 0.659375 0.69375 0.6921875 0.69375
0 0.73125 0.6531250000000001 0.703125 0.653125 0.703125 0.7015625000000001 0.73125 0.7015625000000002
0 0.7984375 0.6718750000000002 0.775 0.6718750000000002 0.775 0.7171875000000002 0.7984375 0.7171875000000002
3 0.4171875 0.3812500000000001 0.3828125000000001 0.3812500000000001 0.3828125000000001 0.440625 0.4171875 0.440625