0 0.6796875 0.5140625 0.646875 0.5140625 0.646875 0.565625 0.6796875 0.565625
0 0.1281250000000001 0.8375 0.11562500000000009 0.8375 0.11562500000000012 0.9265625 0.12812500000000013 0.9265625
0 0.08125000000000002 0.1890625 0.05468750000000002 0.1890625 0.05468750000000002 0.26875 0.08125000000000002 0.26875
0 0.10625 0.003125000000000012 0.09375 0.003125000000000011 0.09375000000000001 0.09531250000000002 0.10625 0.09531250000000002
0 0.03750000000000006 0.4890625 0.00781250000000006 0.4890625 0.007812500000000062 0.5296875 0.03750000000000007 0.5296875
0 0.2140625 0.17343750000000005 0.1984375 0.17343750000000005 0.19843750000000002 0.2609375 0.2140625 0.2609375
0 0.25468750000000007 0.7328125 0.24218750000000008 0.7328125 0.24218750000000008 0.83125 0.25468750000000007 0.83125
0 0.23437500000000008 0.6875 0.21875000000000008 0.6875 0.21875000000000008 0.7859375 0.23437500000000008 0.7859375
0 0.3546875 0.25625 0.3234375 0.25625 0.3234375 0.3015625 0.3546875 0.3015625
0 0.43125 0.2140625000000001 0.4 0.2140625000000001 0.4 0.2593750000000001 0.43125 0.2593750000000001
0 0.3921875 0.2078125000000001 0.365625 0.2078125000000001 0.365625 0.2531250000000001 0.3921875 0.2531250000000001
0 0.35625 0.2 0.328125 0.2 0.328125 0.2453125 0.35625 0.2453125
0 0.74375 0.2812500000000001 0.7109375 0.2812500000000001 0.7109375 0.3343750000000001 0.74375 0.3343750000000001
0 0.7 0.2671875000000001 0.6734375 0.2671875000000001 0.6734375 0.3125000000000001 0.7 0.3125000000000001
0 0.421875 0.2718750000000001 0.39375 0.2718750000000001 0.39375 0.31718750000000007 0.421875 0.31718750000000007
0 0.378125 0.3140625 0.35 0.3140625 0.35 0.35625000000000007 0.378125 0.35625000000000007
0 0.6609375 0.2609375000000001 0.6359375 0.2609375000000001 0.6359375 0.3031250000000001 0.6609375 0.3031250000000001
0 0.6296875 0.2562500000000001 0.6046875 0.2562500000000001 0.6046875 0.2984375000000001 0.6296875 0.2984375000000001
0 0.6 0.2531250000000001 0.5703125 0.2531250000000001 0.5703125 0.29375000000000007 0.6 0.29375000000000007
0 0.5546875 0.24218750000000008 0.525 0.24218750000000008 0.525 0.2828125000000001 0.5546875 0.2828125000000001
0 0.8921875 0.15625000000000008 0.8796875 0.15625000000000008 0.8796875 0.24375000000000008 0.8921875 0.24375000000000008
0 0.89375 0.0640625000000001 0.88125 0.0640625000000001 0.88125 0.1437500000000001 0.89375 0.1437500000000001
0 0.8375 0.11250000000000009 0.825 0.11250000000000009 0.825 0.2000000000000001 0.8375 0.2000000000000001
0 0.684375 0.37968750000000007 0.653125 0.37968750000000007 0.653125 0.434375 0.684375 0.434375
0 0.7890625 0.43281250000000016 0.7625 0.43281250000000016 0.7625 0.4781250000000002 0.7890625 0.4781250000000002
0 0.896875 0.47656250000000017 0.8609375 0.47656250000000017 0.8609375 0.5359375000000002 0.896875 0.5359375000000002
0 0.884375 0.6390625000000002 0.8546875 0.6390625000000002 0.8546875 0.7140625000000002 0.884375 0.7140625000000002
0 0.34843750000000007 0.609375 0.31718750000000007 0.609375 0.31718750000000007 0.6515625 0.34843750000000007 0.6515625
0 0.3828125000000001 0.60625 0.3546875000000001 0.60625 0.3546875000000001 0.6453125 0.3828125000000001 0.6453125
0 0.4421875 0.6 0.415625 0.6 0.415625 0.6421875 0.4421875 0.6421875
0 0.475 0.603125 0.446875 0.603125 0.446875 0.6484375 0.475 0.6484375
0 0.5109375 0.6109375 0.4859375 0.6109375 0.4859375 0.653125 0.5109375 0.653125
0 0.5546875 0.6203125 0.5234375 0.6203125 0.5234375 0.665625 0.5546875 0.665625
0 0.5859375 0.6265625 0.5609375 0.6265625 0.5609375 0.6734375 0.5859375 0.6734375
0 0.6296875 0.63125 0.603125 0.63125 0.603125 0.6765625 0.6296875 0.6765625
0 0.653125 0.6375 0.634375 0.6375 0.634375 0.678125 0.653125 0.678125
0 0.6875 0.6453125 0.6578125 0.6453125 0.6578125 0.6875 0.6875 0.6875
0 0.7296875 0.6531250000000001 0.696875 0.653125 0.696875 0.7015625000000001 0.7296875 0.7015625000000002
0 0.796875 0.6703125000000002 0.7734375 0.6703125000000002 0.7734375 0.7171875000000002 0.796875 0.7171875000000002
3 0.3500000000000001 0.365625 0.31718750000000007 0.365625 0.31718750000000007 0.425 0.3500000000000001 0.425