0 0.09531250000000006 0.459375 0.06250000000000007 0.459375 0.06250000000000007 0.50625 0.09531250000000006 0.50625
0 0.4875 0.04843750000000006 0.4703125 0.04843750000000006 0.4703125 0.14218750000000005 0.4875 0.14218750000000005
0 0.5390625 0.4609375 0.5203125 0.4609375 0.5203125 0.5046875 0.5390625 0.5046875
0 0.3640625 0.23437500000000006 0.3453125 0.234375 0.3453125 0.321875 0.3640625 0.3218750000000001
0 0.23125 0.228125 0.19843750000000004 0.228125 0.19843750000000004 0.271875 0.23125 0.271875
0 0.16718750000000002 0.1765625 0.134375 0.1765625 0.13437500000000002 0.225 0.16718750000000004 0.225
0 0.203125 0.17187500000000003 0.175 0.171875 0.17500000000000002 0.21875 0.203125 0.21875
0 0.240625 0.16250000000000003 0.209375 0.16250000000000003 0.209375 0.2109375 0.240625 0.2109375
0 0.09062500000000004 0.2515625 0.06093750000000002 0.2515625 0.06093750000000003 0.2953125 0.09062500000000004 0.2953125
0 0.18125000000000005 0.284375 0.15000000000000005 0.284375 0.15000000000000005 0.33125 0.18125000000000005 0.33125
0 0.04062500000000003 0.2015625 0.009375000000000026 0.2015625 0.009375000000000027 0.2453125 0.040625000000000036 0.2453125
3 0.20625000000000004 0.3390625 0.17031250000000003 0.3390625 0.17031250000000003 0.3984375 0.2062500000000001 0.3984375
0 0.8234375 0.0171875000000001 0.8 0.0171875000000001 0.8 0.12031250000000009 0.8234375 0.12031250000000009
0 0.665625 0.4265625 0.6296875 0.4265625 0.6296875 0.475 0.665625 0.475
0 0.9359375 1.1356685551468033e-16 0.91875 1.1251442467166307e-16 0.91875 0.05937500000000011 0.9359375 0.05937500000000011
0 1 0.4343750000000002 0.96875 0.4343750000000002 0.96875 0.4781250000000002 1 0.4781250000000002
0 0.6421875 0.20312500000000008 0.609375 0.20312500000000008 0.609375 0.2500000000000001 0.6421875 0.2500000000000001
0 0.6109375 0.1531250000000001 0.578125 0.1531250000000001 0.578125 0.19687500000000008 0.6109375 0.19687500000000008
0 0.646875 0.1453125000000001 0.61875 0.1453125000000001 0.61875 0.18906250000000008 0.646875 0.18906250000000008
0 0.6859375 0.1390625000000001 0.6546875 0.1390625000000001 0.6546875 0.18750000000000008 0.6859375 0.18750000000000008
0 0.565625 0.2718750000000001 0.5390625 0.2718750000000001 0.5390625 0.3125000000000001 0.565625 0.3125000000000001
3 0.5765625 0.3312500000000001 0.540625 0.3312500000000001 0.540625 0.3906250000000001 0.5765625 0.3906250000000001
0 0.2593750000000001 0.51875 0.22812500000000008 0.51875 0.22812500000000008 0.53125 0.2593750000000001 0.53125
0 0.403125 0.51875 0.3703125000000001 0.51875 0.3703125000000001 0.540625 0.403125 0.540625
0 0.1296875000000001 0.7359375 0.09687500000000009 0.7359375 0.09687500000000009 0.7828125 0.1296875000000001 0.7828125
0 0.5078125000000002 0.75 0.47968750000000016 0.75 0.47968750000000016 0.7859375 0.5078125000000002 0.7859375
0 0.4750000000000002 0.75 0.44531250000000017 0.75 0.44531250000000017 0.790625 0.4750000000000002 0.790625
0 0.4390625000000002 0.7546875 0.40937500000000016 0.7546875 0.40937500000000016 0.7984375 0.4390625000000002 0.7984375
0 0.4000000000000002 0.7640625 0.3656250000000001 0.7640625 0.3656250000000001 0.8109375 0.4000000000000002 0.8109375
0 0.3625000000000001 0.7671875 0.33281250000000007 0.7671875 0.33281250000000007 0.8140625 0.3625000000000001 0.8140625
0 0.3187500000000001 0.7765625 0.2906250000000001 0.7765625 0.2906250000000001 0.8171875 0.3187500000000001 0.8171875
0 0.2890625000000001 0.771875 0.2671875000000001 0.771875 0.2671875000000001 0.8203125 0.2890625000000001 0.8203125
0 0.2671875000000001 0.7828125 0.2312500000000001 0.7828125 0.2312500000000001 0.8265625 0.2671875000000001 0.8265625
0 0.2218750000000001 0.7921875 0.18906250000000008 0.7921875 0.18906250000000008 0.8359375 0.2218750000000001 0.8359375
0 0.14843750000000008 0.80625 0.12343750000000009 0.80625 0.12343750000000009 0.85 0.14843750000000008 0.85
3 0.3812500000000001 0.5671875 0.3437500000000001 0.5671875 0.3437500000000001 0.6265625 0.3812500000000001 0.6265625
0 0.66875 0.56875 0.6125 0.56875 0.6125 0.6203125 0.66875 0.6203125
0 0.75 0.6187500000000001 0.69375 0.61875 0.69375 0.6718750000000001 0.75 0.6718750000000002
0 0.6953125 0.5234375 0.63125 0.5234375 0.63125 0.584375 0.6953125 0.584375
0 0.7046875 0.640625 0.6421875 0.640625 0.6421875 0.6953125 0.7046875 0.6953125
0 0.9875 0.8 0.9234375 0.8 0.9234375 0.8515625 0.9875 0.8515625
0 0.85625 0.984375 0.8015625 0.984375 0.8015625 1 0.85625 1