0 0.15468750000000006 0.5359375 0.12187500000000004 0.5359375 0.12187500000000007 0.56875 0.1546875000000001 0.56875
0 0.13281250000000006 0.290625 0.10000000000000005 0.290625 0.10000000000000005 0.3390625 0.13281250000000006 0.3390625
0 0.09062500000000004 0.2703125 0.06250000000000003 0.2703125 0.06250000000000003 0.31875 0.09062500000000004 0.31875
0 0.05312500000000003 0.259375 0.025000000000000033 0.259375 0.025000000000000033 0.30625 0.05312500000000005 0.30625
0 0.020312500000000035 0.2546875 3.119022316578415e-17 0.2546875 3.386913803891899e-17 0.2984375 0.02031250000000004 0.2984375
0 0.2859375 0.16406250000000006 0.2703125 0.16406250000000006 0.2703125 0.2546875 0.2859375 0.2546875
0 0.2921875 0.07343750000000004 0.2765625 0.07343750000000004 0.2765625 0.15312500000000004 0.2921875 0.15312500000000004
0 0.09843750000000004 0.4046875 0.07031250000000004 0.4046875 0.07031250000000004 0.4484375 0.09843750000000004 0.4484375
0 0.2000000000000001 0.44375 0.16250000000000003 0.44375 0.16250000000000003 0.503125 0.2000000000000001 0.503125
0 0.3140625000000001 0.51875 0.2796875000000001 0.51875 0.2796875000000001 0.56875 0.3140625000000001 0.56875
0 0.5578125 0.4875 0.5390625 0.4875 0.5390625 0.525 0.5578125 0.525
0 0.9234375 0.48437500000000017 0.8984375 0.48437500000000017 0.8984375 0.5250000000000001 0.9234375 0.5250000000000001
0 0.9765625 0.5406250000000001 0.953125 0.5406250000000001 0.953125 0.5687500000000002 0.9765625 0.5687500000000002
0 0.9515625 0.5437500000000002 0.9390625 0.5437500000000002 0.9390625 0.5687500000000002 0.9515625 0.5687500000000002
0 0.371875 0.29375000000000007 0.353125 0.29375 0.353125 0.3296875 0.371875 0.3296875000000001
0 0.36406250000000007 0.34062500000000007 0.340625 0.340625 0.34062500000000007 0.38593750000000004 0.36406250000000007 0.3859375000000001
0 0.39843750000000006 0.3531250000000001 0.3765625 0.3531250000000001 0.3765625 0.3906250000000001 0.3984375000000001 0.3906250000000001
0 0.4265625 0.3578125000000001 0.4078125 0.3578125000000001 0.4078125 0.3937500000000001 0.4265625 0.3937500000000001
0 0.4046875 0.2906250000000001 0.3796875 0.2906250000000001 0.3796875 0.3343750000000001 0.4046875 0.3343750000000001
0 0.434375 0.2312500000000001 0.4125 0.2312500000000001 0.4125 0.2734375000000001 0.434375 0.2734375000000001
0 0.4890625 0.25468750000000007 0.4671875 0.25468750000000007 0.4671875 0.2921875000000001 0.4890625 0.2921875000000001
0 0.528125 0.25468750000000007 0.503125 0.25468750000000007 0.503125 0.30156250000000007 0.528125 0.30156250000000007
0 0.546875 0.26250000000000007 0.53125 0.26250000000000007 0.53125 0.3031250000000001 0.546875 0.3031250000000001
0 0.5796875 0.2640625000000001 0.559375 0.2640625000000001 0.559375 0.3046875000000001 0.5796875 0.3046875000000001
0 0.6234375 0.2671875000000001 0.6 0.2671875000000001 0.6 0.3078125000000001 0.6234375 0.3078125000000001
0 0.90625 1.0964415873616147e-16 0.884375 1.0830470129959405e-16 0.884375 0.050000000000000114 0.90625 0.050000000000000114
0 1 0.2578125000000001 0.9953125 0.2578125000000001 0.9953125 0.2984375000000001 1 0.2984375000000001
0 0.9875 0.2609375000000001 0.9703125 0.2609375000000001 0.9703125 0.2968750000000001 0.9875 0.2968750000000001
0 0.9609375 0.2562500000000001 0.9390625 0.2562500000000001 0.9390625 0.29375000000000007 0.9609375 0.29375000000000007
0 0.89375 0.2500000000000001 0.875 0.2500000000000001 0.875 0.28593750000000007 0.89375 0.28593750000000007
0 0.753125 0.24218750000000008 0.7328125 0.24218750000000008 0.7328125 0.2750000000000001 0.753125 0.2750000000000001
0 0.734375 0.2406250000000001 0.715625 0.2406250000000001 0.715625 0.2765625000000001 0.734375 0.2765625000000001
0 0.7140625 0.2312500000000001 0.6921875 0.2312500000000001 0.6921875 0.2734375000000001 0.7140625 0.2734375000000001
0 0.6859375 0.2328125000000001 0.665625 0.2328125000000001 0.665625 0.2687500000000001 0.6859375 0.2687500000000001
0 0.6625 0.22812500000000008 0.6484375 0.22812500000000008 0.6484375 0.2640625000000001 0.6625 0.2640625000000001
0 0.6421875 0.22656250000000008 0.625 0.22656250000000008 0.625 0.2593750000000001 0.6421875 0.2593750000000001
0 0.61875 0.2234375000000001 0.5984375 0.2234375000000001 0.5984375 0.2593750000000001 0.61875 0.2593750000000001
0 0.590625 0.22031250000000008 0.5703125 0.22031250000000008 0.5703125 0.2562500000000001 0.590625 0.2562500000000001
0 0.5671875 0.2156250000000001 0.546875 0.2156250000000001 0.546875 0.2515625000000001 0.5671875 0.2515625000000001
0 0.54375 0.2140625000000001 0.525 0.2140625000000001 0.525 0.2500000000000001 0.54375 0.2500000000000001
0 0.5203125 0.2093750000000001 0.503125 0.2093750000000001 0.503125 0.2468750000000001 0.5203125 0.2468750000000001
0 0.4984375 0.2062500000000001 0.4796875 0.2062500000000001 0.4796875 0.24375000000000008 0.4984375 0.24375000000000008
0 0.4734375 0.2015625000000001 0.4578125 0.2015625000000001 0.4578125 0.2375000000000001 0.4734375 0.2375000000000001
0 0.453125 0.19843750000000004 0.434375 0.19843750000000004 0.434375 0.23437500000000008 0.453125 0.23437500000000008
0 0.775 0.47968750000000016 0.75625 0.47968750000000016 0.75625 0.5171875000000001 0.775 0.5171875000000001
2 0.4046875 0.20156250000000003 0.3453125 0.2015625 0.3453125 0.275 0.4046875 0.2750000000000001
0 0.06875000000000012 0.86875 0.02968750000000011 0.86875 0.02968750000000011 0.91875 0.06875000000000012 0.91875
0 0.19375000000000014 0.9203125 0.15156250000000013 0.9203125 0.15156250000000013 0.959375 0.19375000000000014 0.959375
0 0.19062500000000013 0.959375 0.14843750000000014 0.959375 0.14843750000000014 0.9953125 0.19062500000000013 0.9953125
0 0.25468750000000007 0.9609375 0.21250000000000008 0.9609375 0.21250000000000008 0.99375 0.25468750000000007 0.99375
0 0.25468750000000007 0.91875 0.21250000000000008 0.91875 0.21250000000000008 0.95 0.25468750000000007 0.95
0 0.32500000000000007 0.953125 0.2796875000000001 0.953125 0.2796875000000001 0.9890625 0.32500000000000007 0.9890625
0 0.3515625000000001 0.9359375 0.3390625000000001 0.9359375 0.3390625000000001 0.9828125 0.3515625000000001 0.9828125
0 0.4546875000000002 0.946875 0.43281250000000016 0.946875 0.43281250000000016 0.9890625 0.4546875000000002 0.9890625
0 0.5093750000000001 0.96875 0.48750000000000016 0.96875 0.48750000000000016 1 0.5093750000000001 1
0 0.5468750000000002 0.96875 0.5218750000000002 0.96875 0.5218750000000002 1 0.5468750000000002 1
0 0.5671875000000002 0.9765625 0.5515625000000002 0.9765625 0.5515625000000002 1 0.5671875000000002 1
0 0.5984375000000002 0.978125 0.5781250000000002 0.978125 0.5781250000000002 1 0.5984375000000002 1
0 0.6437500000000002 0.98125 0.6203125000000002 0.98125 0.6203125000000002 1 0.6437500000000002 1
0 0.8484375 0.6000000000000002 0.8359375 0.6000000000000002 0.8359375 0.6718750000000002 0.8484375 0.6718750000000002
0 0.9265625 0.6875000000000002 0.9046875 0.6875000000000002 0.9046875 0.7671875000000001 0.9265625 0.7671875000000001
0 1 0.975 0.9890625 0.975 0.9890625 1 1 1
0 0.98125 0.9703125 0.959375 0.9703125 0.959375 1 0.98125 1
0 0.9125 0.9640625 0.89375 0.9640625 0.89375 1 0.9125 1
0 0.7734375000000002 0.9578125 0.7531250000000002 0.9578125 0.7531250000000002 0.990625 0.7734375000000002 0.990625
0 0.7546875000000002 0.95625 0.7359375000000001 0.95625 0.7359375000000001 0.9921875 0.7546875000000002 0.9921875
0 0.7343750000000002 0.946875 0.7125000000000001 0.946875 0.7125000000000001 0.9890625 0.7343750000000002 0.9890625
0 0.7062500000000002 0.9484375 0.6859375000000002 0.9484375 0.6859375000000002 0.984375 0.7062500000000002 0.984375
0 0.6828125000000002 0.94375 0.6687500000000002 0.94375 0.6687500000000002 0.9796875 0.6828125000000002 0.9796875
0 0.6625000000000002 0.9421875 0.6453125000000002 0.9421875 0.6453125000000002 0.975 0.6625000000000002 0.975
0 0.6390625000000002 0.9390625 0.6187500000000001 0.9390625 0.6187500000000001 0.975 0.6390625000000002 0.975
0 0.6109375000000001 0.9359375 0.5906250000000002 0.9359375 0.5906250000000002 0.971875 0.6109375000000001 0.971875
0 0.5875000000000001 0.93125 0.5671875000000002 0.93125 0.5671875000000002 0.9671875 0.5875000000000001 0.9671875
0 0.5640625000000001 0.9296875 0.5453125000000002 0.9296875 0.5453125000000002 0.965625 0.5640625000000001 0.965625
0 0.5406250000000001 0.925 0.5234375000000002 0.925 0.5234375000000002 0.9625 0.5406250000000001 0.9625
0 0.5187500000000002 0.921875 0.5000000000000002 0.921875 0.5000000000000002 0.959375 0.5187500000000002 0.959375
0 0.4937500000000002 0.9171875 0.4781250000000002 0.9171875 0.4781250000000002 0.953125 0.4937500000000002 0.953125
0 0.4734375000000002 0.9140625 0.4546875000000002 0.9140625 0.4546875000000002 0.95 0.4734375000000002 0.95
2 0.42500000000000016 0.9171875 0.3656250000000001 0.9171875 0.3656250000000001 0.990625 0.42500000000000016 0.990625