0 0.18125000000000005 0.3609375 0.14218750000000005 0.3609375 0.14218750000000005 0.4125 0.18125000000000005 0.4125
0 0.51875 0.2921875000000001 0.49375 0.2921875000000001 0.49375 0.3750000000000001 0.51875 0.3750000000000001
0 0.36875 0.08593750000000004 0.3328125 0.08593750000000004 0.3328125 0.12968750000000004 0.36875 0.12968750000000004
0 0.290625 0.05000000000000003 0.2515625 0.050000000000000024 0.2515625 0.10156250000000004 0.290625 0.10156250000000004
0 0.3234375 0.03906250000000004 0.2921875 0.039062500000000035 0.2921875 0.08906250000000004 0.3234375 0.08906250000000004
0 0.3609375 0.028125000000000046 0.325 0.028125000000000046 0.325 0.07656250000000005 0.3609375 0.07656250000000005
0 0.025000000000000022 0.1421875 1.741294667537643e-17 0.1421875 2.0378888142061426e-17 0.190625 0.025000000000000022 0.190625
0 0.2703125 0.12031250000000004 0.2359375 0.12031250000000004 0.2359375 0.16875000000000004 0.2703125 0.16875000000000004
0 0.3421875 0.14843750000000006 0.3078125 0.14843750000000006 0.3078125 0.19375000000000003 0.3421875 0.19375000000000003
0 0.06406250000000002 0.1296875 0.031250000000000014 0.1296875 0.031250000000000014 0.175 0.06406250000000002 0.175
0 0.09375000000000003 0.1234375 0.06250000000000003 0.1234375 0.06250000000000003 0.16875 0.09375000000000003 0.16875
0 0.1265625 0.1171875 0.09218750000000002 0.1171875 0.09218750000000002 0.1578125 0.1265625 0.1578125
0 0.1703125 0.09843750000000002 0.134375 0.09843750000000002 0.134375 0.14375 0.1703125 0.14375
0 0.428125 0.4296875 0.3906250000000001 0.4296875 0.3906250000000001 0.4765625 0.428125 0.4765625
0 0.3906250000000001 0.434375 0.35625000000000007 0.434375 0.35625000000000007 0.4796875 0.3906250000000001 0.4796875
0 0.3281250000000001 0.4375 0.2984375000000001 0.4375 0.2984375000000001 0.4796875 0.3281250000000001 0.4796875
0 0.2953125000000001 0.446875 0.2640625000000001 0.446875 0.2640625000000001 0.4796875 0.2953125000000001 0.4796875
0 0.2593750000000001 0.4546875 0.22656250000000008 0.4546875 0.22656250000000008 0.4796875 0.2593750000000001 0.4796875
0 0.2250000000000001 0.4671875 0.18750000000000006 0.4671875 0.18750000000000006 0.4796875 0.2250000000000001 0.4796875
3 0.3828125 0.19843750000000004 0.3421875 0.19843750000000004 0.3421875 0.26093750000000004 0.3828125 0.2609375000000001
0 0.753125 0.2765625000000001 0.7265625 0.2765625000000001 0.7265625 0.3281250000000001 0.753125 0.3281250000000001
0 0.9046875 1.0897443001787776e-16 0.875 1.0715659492539341e-16 0.875 0.050000000000000114 0.9046875 0.050000000000000114
0 0.903125 0.05625000000000011 0.8796875 0.05625000000000011 0.8796875 0.10000000000000009 0.903125 0.10000000000000009
0 0.915625 0.11718750000000011 0.890625 0.11718750000000008 0.890625 0.1578125000000001 0.915625 0.15781250000000013
0 0.8703125 0.0796875000000001 0.8484375 0.0796875000000001 0.8484375 0.11875000000000009 0.8703125 0.11875000000000009
0 0.8890625 0.1218750000000001 0.859375 0.1218750000000001 0.859375 0.17187500000000008 0.8890625 0.17187500000000008
0 0.853125 0.1390625000000001 0.8265625 0.1390625000000001 0.8265625 0.1843750000000001 0.853125 0.1843750000000001
0 0.8234375 0.14843750000000008 0.8 0.14843750000000008 0.8 0.18750000000000008 0.8234375 0.18750000000000008
0 0.84375 0.0765625000000001 0.8125 0.07656250000000009 0.8125 0.12656250000000008 0.84375 0.12656250000000008
0 0.80625 0.020312500000000098 0.778125 0.020312500000000094 0.778125 0.07031250000000008 0.80625 0.07031250000000008
0 0.7515625 0.04375000000000009 0.725 0.04375000000000009 0.725 0.0906250000000001 0.7515625 0.0906250000000001
0 0.7171875 0.04843750000000009 0.6875 0.04843750000000009 0.6875 0.10156250000000008 0.7171875 0.10156250000000008
0 0.6890625 0.06406250000000009 0.66875 0.06406250000000009 0.66875 0.10312500000000009 0.6890625 0.10312500000000009
0 0.6625 0.0671875000000001 0.6375 0.0671875000000001 0.6375 0.10781250000000009 0.6625 0.10781250000000009
0 0.6203125 0.07812500000000007 0.59375 0.07812500000000007 0.59375 0.12343750000000009 0.6203125 0.12343750000000009
0 0.5265625 0.048437500000000064 0.51875 0.048437500000000064 0.51875 0.09531250000000006 0.5265625 0.09531250000000006
0 0.553125 0.05156250000000007 0.528125 0.05156250000000007 0.528125 0.09218750000000006 0.553125 0.09218750000000006
0 0.56875 0.04687500000000007 0.5515625 0.04687500000000007 0.5515625 0.08281250000000007 0.56875 0.08281250000000007
0 0.59375 0.03906250000000007 0.571875 0.03906250000000007 0.571875 0.07812500000000007 0.59375 0.07812500000000007
0 0.61875 0.031250000000000076 0.59375 0.031250000000000076 0.59375 0.07187500000000006 0.61875 0.07187500000000006
0 0.6453125 0.02656250000000008 0.6203125 0.02656250000000008 0.6203125 0.06406250000000008 0.6453125 0.06406250000000009
0 0.66875 0.01875000000000008 0.6453125 0.01875000000000008 0.6453125 0.057812500000000086 0.66875 0.057812500000000086
0 0.6890625 0.012500000000000084 0.6671875 0.012500000000000084 0.6671875 0.05156250000000009 0.6890625 0.05156250000000009
0 0.7125 0.007812500000000087 0.6921875 0.007812500000000087 0.6921875 0.04687500000000009 0.7125 0.04687500000000009
0 0.7359375 8.869121740699972e-17 0.7125 8.725608443924891e-17 0.7125 0.04062500000000009 0.7359375 0.04062500000000009
0 0.7546875 9.117878121776779e-17 0.734375 8.993499931238375e-17 0.734375 0.03281250000000009 0.7546875 0.03281250000000009
0 0.7796875 9.40490471532694e-17 0.75625 9.26139141855186e-17 0.75625 0.023437500000000094 0.7796875 0.023437500000000094
0 0.6234375 0.2812500000000001 0.6015625 0.2812500000000001 0.6015625 0.3203125000000001 0.6234375 0.3203125000000001
2 0.871875 1.0265984495977421e-16 0.8046875 9.854579711888858e-17 0.8046875 0.0671875000000001 0.871875 0.06718750000000011
0 0.5187500000000002 0.9328125 0.4812500000000002 0.9328125 0.4812500000000002 0.971875 0.5187500000000002 0.971875
0 0.4734375000000002 0.946875 0.4265625000000002 0.946875 0.4265625000000002 0.9859375 0.4734375000000002 0.9859375
0 0.2078125000000001 0.80625 0.1781250000000001 0.80625 0.1781250000000001 0.8828125 0.2078125000000001 0.8828125
0 0.16406250000000008 0.690625 0.13437500000000008 0.690625 0.13437500000000008 0.7703125 0.16406250000000008 0.7703125
0 0.08906250000000011 0.828125 0.0453125000000001 0.828125 0.0453125000000001 0.88125 0.08906250000000011 0.88125
0 0.7890625 0.5000000000000002 0.740625 0.5000000000000002 0.740625 0.5484375000000001 0.7890625 0.5484375000000001
0 0.70625 0.58125 0.653125 0.58125 0.653125 0.6515625 0.70625 0.6515625
0 0.875 0.6125000000000002 0.8265625 0.6125000000000002 0.8265625 0.6500000000000001 0.875 0.6500000000000001
0 0.875 0.6578125000000001 0.8296875 0.6578125000000001 0.8296875 0.6984375000000002 0.875 0.6984375000000002
0 0.6953125000000002 0.91875 0.6562500000000002 0.91875 0.6562500000000002 0.99375 0.6953125000000002 0.99375