0 0.378125 0.30625 0.3359375 0.30625 0.3359375 0.35781250000000003 0.378125 0.3578125000000001
0 0.16718750000000004 0.271875 0.13125000000000003 0.271875 0.13125000000000003 0.3625 0.16718750000000004 0.3625
0 0.3734375 0.06562500000000004 0.3328125 0.06562500000000004 0.3328125 0.11406250000000004 0.3734375 0.11406250000000004
0 0.4375 0.03281250000000005 0.396875 0.03281250000000004 0.396875 0.08593750000000004 0.4375 0.08593750000000004
0 0.4 0.018750000000000048 0.365625 0.018750000000000044 0.365625 0.06562500000000004 0.4 0.06562500000000004
0 0.36875 4.267128690779059e-17 0.328125 4.0183723097022526e-17 0.328125 0.05312500000000005 0.36875 0.05312500000000005
0 0.4890625 0.13281250000000006 0.478125 0.13281250000000006 0.478125 0.18593750000000003 0.4890625 0.18593750000000003
0 0.4125 0.14062500000000006 0.371875 0.14062500000000006 0.371875 0.19218750000000004 0.4125 0.19218750000000004
0 0.2609375000000001 0.3953125 0.22031250000000008 0.3953125 0.22031250000000008 0.446875 0.2609375000000001 0.446875
0 0.2953125000000001 0.4046875 0.2562500000000001 0.4046875 0.2562500000000001 0.45 0.2953125000000001 0.45
0 0.3531250000000001 0.4125 0.31718750000000007 0.4125 0.31718750000000007 0.4578125 0.3531250000000001 0.4578125
0 0.3843750000000001 0.425 0.34843750000000007 0.425 0.34843750000000007 0.4703125 0.3843750000000001 0.4703125
0 0.4203125 0.4359375 0.3843750000000001 0.4359375 0.3843750000000001 0.4890625 0.4203125 0.4890625
0 0.4609375 0.4546875 0.4171875 0.4546875 0.4171875 0.509375 0.4609375 0.509375
0 0.4875 0.4703125 0.4515625 0.4703125 0.4515625 0.51875 0.4875 0.51875
3 0.378125 0.18906250000000005 0.33125 0.18906250000000005 0.33125 0.25468750000000007 0.378125 0.25468750000000007
1 0.8203125 9.261391418551857e-17 0.6921875 8.476852062848085e-17 0.6921875 0.035937500000000094 0.8203125 0.0359375000000001
0 0.7203125 0.1593750000000001 0.665625 0.1593750000000001 0.665625 0.2218750000000001 0.7203125 0.2218750000000001
0 0.890625 0.1390625000000001 0.846875 0.1390625000000001 0.846875 0.19687500000000008 0.890625 0.19687500000000008
0 0.9609375 1.1519333954479792e-16 0.9203125 1.1270577573402985e-16 0.9203125 0.025000000000000116 0.9609375 0.025000000000000123
0 0.528125 0.2609375000000001 0.4890625 0.2609375000000001 0.4890625 0.3234375000000001 0.528125 0.3234375000000001
3 0.35625000000000007 0.9671875 0.31718750000000007 0.9671875 0.31718750000000007 1 0.35625000000000007 1
0 0.4234375000000002 0.9625 0.4078125000000002 0.9625 0.4078125000000002 0.9890625 0.4234375000000002 0.9890625
0 0.4390625000000002 0.9484375 0.42500000000000016 0.9484375 0.42500000000000016 0.9734375 0.4390625000000002 0.9734375
0 0.42968750000000017 0.9859375 0.41406250000000017 0.9859375 0.41406250000000017 1 0.42968750000000017 1
0 0.42968750000000017 0.8296875 0.41718750000000016 0.8296875 0.41718750000000016 0.8515625 0.42968750000000017 0.8515625
0 0.43750000000000017 0.853125 0.4234375000000002 0.853125 0.4234375000000002 0.8765625 0.43750000000000017 0.8765625
0 0.4234375000000002 0.8515625 0.40937500000000016 0.8515625 0.40937500000000016 0.875 0.4234375000000002 0.875
0 0.5312500000000002 0.8703125 0.4968750000000002 0.8703125 0.4968750000000002 0.9265625 0.5312500000000002 0.9265625
0 0.5031250000000002 0.8765625 0.4890625000000002 0.8765625 0.4890625000000002 0.9203125 0.5031250000000002 0.9203125
0 0.509375 0.6171875 0.4890625 0.6171875 0.4890625 0.665625 0.509375 0.665625
0 0.5484375 0.6234375 0.5125 0.6234375 0.5125 0.6828125 0.5484375 0.6828125
0 0.565625 0.6453125 0.540625 0.6453125 0.540625 0.6875 0.565625 0.6875
0 0.5953125 0.65 0.565625 0.65 0.565625 0.6984375 0.5953125 0.6984375
0 0.6375 0.665625 0.6046875 0.665625 0.6046875 0.7171875 0.6375 0.7171875
0 0.9671875 0.5187500000000002 0.93125 0.5187500000000002 0.93125 0.5359375000000002 0.9671875 0.5359375000000002
0 1 0.7531250000000002 0.9859375 0.7531250000000002 0.9859375 0.8078125 1 0.8078125
0 0.990625 0.7468750000000002 0.9625 0.7468750000000002 0.9625 0.7937500000000002 0.990625 0.7937500000000002
0 0.965625 0.7375000000000002 0.9359375 0.7375000000000002 0.9359375 0.7828125000000001 0.965625 0.7828125000000001
0 0.9015625 0.7125000000000001 0.8734375 0.7125000000000001 0.8734375 0.7593750000000001 0.9015625 0.7593750000000001
0 0.76875 0.6734375000000001 0.740625 0.6734375000000001 0.740625 0.7171875000000002 0.76875 0.7171875000000002
0 0.746875 0.6703125000000001 0.7234375 0.6703125 0.7234375 0.7125000000000001 0.746875 0.7125000000000001
0 0.73125 0.6515625 0.6984375 0.6515625 0.6984375 0.70625 0.73125 0.7062500000000002
0 0.7046875 0.653125 0.675 0.653125 0.675 0.696875 0.7046875 0.696875
0 0.68125 0.640625 0.6578125 0.640625 0.6578125 0.6875 0.68125 0.6875
0 0.6625 0.6359375 0.6375 0.6359375 0.6375 0.6734375 0.6625 0.6734375
0 0.64375 0.6171875 0.6125 0.6171875 0.6125 0.6671875 0.64375 0.6671875
0 0.6171875 0.6078125 0.5875 0.6078125 0.5875 0.65625 0.6171875 0.65625
0 0.59375 0.5984375 0.5640625 0.5984375 0.5640625 0.646875 0.59375 0.646875
0 0.571875 0.5875 0.54375 0.5875 0.54375 0.6375 0.571875 0.6375
0 0.5484375 0.5796875 0.521875 0.5796875 0.521875 0.6265625 0.5484375 0.6265625
0 0.528125 0.5703125 0.5 0.5703125 0.5 0.615625 0.528125 0.615625
0 0.50625 0.559375 0.4890625 0.559375 0.4890625 0.60625 0.50625 0.60625