0 0.07812500000000006 0.440625 0.037500000000000054 0.440625 0.037500000000000054 0.496875 0.07812500000000007 0.496875
0 0.2140625 0.2328125 0.17187500000000006 0.2328125 0.17187500000000006 0.29375 0.2140625 0.29375
0 0.17343750000000005 0.2125 0.14062500000000006 0.2125 0.14062500000000006 0.2609375 0.17343750000000005 0.2609375
0 0.13593750000000004 0.1984375 0.10312500000000005 0.1984375 0.10312500000000005 0.2453125 0.13593750000000004 0.2453125
0 0.10625000000000004 0.1890625 0.07343750000000002 0.1890625 0.07343750000000002 0.2375 0.10625000000000004 0.2375
0 0.07812500000000003 0.18125 0.042187500000000024 0.18125 0.04218750000000003 0.228125 0.07812500000000003 0.228125
0 0.034375000000000024 0.1625 1.990051048614449e-17 0.1625 2.2770776421646097e-17 0.209375 0.034375000000000024 0.209375
0 0.3828125 0.13906250000000003 0.3546875 0.13906250000000003 0.3546875 0.22968750000000004 0.3828125 0.2296875000000001
0 0.4 0.04687500000000004 0.375 0.04687500000000004 0.375 0.12812500000000004 0.4 0.12812500000000004
0 0.3359375 0.08281250000000004 0.3078125 0.08281250000000004 0.3078125 0.17343750000000005 0.3359375 0.17343750000000005
0 0.16406250000000006 0.3359375 0.12343750000000005 0.3359375 0.12343750000000005 0.3921875 0.16406250000000006 0.3921875
0 0.2578125000000001 0.40625 0.2234375000000001 0.40625 0.2234375000000001 0.4609375 0.2578125000000001 0.4609375
0 0.3578125000000001 0.4703125 0.3125000000000001 0.4703125 0.3125000000000001 0.5390625 0.3578125000000001 0.5390625
0 0.2875000000000001 0.609375 0.2468750000000001 0.609375 0.2468750000000001 0.65 0.2875000000000001 0.65
0 0.04062500000000007 0.5609375 0.00781250000000007 0.5609375 0.007812500000000073 0.60625 0.04062500000000008 0.60625
0 0.06250000000000007 0.5703125 0.03906250000000007 0.5703125 0.03906250000000007 0.6125 0.06250000000000007 0.6125
0 0.09687500000000007 0.5796875 0.05937500000000007 0.5796875 0.05937500000000007 0.6296875 0.09687500000000007 0.6296875
0 0.13437500000000008 0.596875 0.09687500000000007 0.596875 0.09687500000000007 0.646875 0.13437500000000008 0.646875
0 0.19687500000000008 0.625 0.16562500000000008 0.625 0.16562500000000008 0.65 0.19687500000000008 0.65
0 0.5515625 0.2156250000000001 0.4875 0.2156250000000001 0.4875 0.27812500000000007 0.5515625 0.27812500000000007
0 0.4765625 0.24375000000000008 0.4296875 0.24375000000000008 0.4296875 0.3000000000000001 0.4765625 0.3000000000000001
0 0.8421875 0.0578125000000001 0.78125 0.057812500000000086 0.78125 0.11875000000000009 0.8421875 0.11875000000000009
0 0.7609375 0.1765625000000001 0.6921875 0.1765625000000001 0.6921875 0.24375000000000008 0.7609375 0.24375000000000008
0 0.6625 0.4921875 0.6078125 0.4921875 0.6078125 0.5546875 0.6625 0.5546875
0 0.7046875 0.54375 0.6375 0.54375 0.6375 0.6203125 0.7046875 0.6203125
0 0.74375 0.6015625000000001 0.675 0.6015625 0.675 0.6500000000000001 0.74375 0.6500000000000001
0 1 0.2890625000000001 0.984375 0.2890625000000001 0.984375 0.3687500000000001 1 0.3687500000000001
0 1 0.3828125000000001 0.9671875 0.3828125000000001 0.9671875 0.4500000000000002 1 0.4500000000000002
0 0.9546875 0.5500000000000002 0.9140625 0.5500000000000002 0.9140625 0.6250000000000002 0.9546875 0.6250000000000002
0 1 0.5296875000000002 0.984375 0.5296875000000002 0.984375 0.6093750000000002 1 0.6093750000000002
0 0.1218750000000001 0.65 0.09531250000000009 0.65 0.09531250000000009 0.6890625 0.1218750000000001 0.6890625
0 0.10156250000000008 0.7828125 0.07343750000000009 0.7828125 0.0734375000000001 0.85 0.10156250000000008 0.85
0 0.1296875000000001 0.74375 0.10156250000000008 0.74375 0.10156250000000008 0.8109375 0.1296875000000001 0.8109375
0 0.1656250000000001 0.8671875 0.13281250000000008 0.8671875 0.1328125000000001 0.94375 0.16562500000000013 0.94375
2 0.0406250000000001 0.7890625 9.663228649522084e-17 0.7890625 1.0084200986728988e-16 0.8578125 0.0406250000000001 0.8578125
2 0.08281250000000012 0.9375 0.021875000000000117 0.9375 0.02187500000000012 1 0.08281250000000014 1
0 0.4265625 0.6828125 0.3843750000000001 0.6828125 0.3843750000000001 0.7203125 0.4265625 0.7203125
0 0.4578125000000002 0.8203125 0.42968750000000017 0.8203125 0.42968750000000017 0.878125 0.4578125000000002 0.878125
0 0.5078125000000002 0.85625 0.47968750000000016 0.85625 0.47968750000000016 0.903125 0.5078125000000002 0.903125
0 0.5484375000000001 0.8609375 0.5156250000000002 0.8609375 0.5156250000000002 0.9171875 0.5484375000000001 0.9171875
0 0.5640625000000001 0.8765625 0.5421875000000002 0.8765625 0.5421875000000002 0.91875 0.5640625000000001 0.91875
0 0.5968750000000002 0.8828125 0.5703125000000002 0.8828125 0.5703125000000002 0.9296875 0.5968750000000002 0.9296875
0 0.6390625000000002 0.896875 0.6093750000000002 0.896875 0.6093750000000002 0.946875 0.6390625000000002 0.946875
0 0.95625 0.6640625000000002 0.925 0.6640625000000002 0.925 0.7421875000000002 0.95625 0.7421875000000002
0 0.996875 0.9515625 0.971875 0.9515625 0.971875 0.9984375 0.996875 0.9984375
0 0.971875 0.94375 0.94375 0.94375 0.94375 0.990625 0.971875 0.990625
0 0.9078125 0.9203125 0.88125 0.9203125 0.88125 0.9703125 0.9078125 0.9703125
0 0.7703125000000002 0.89375 0.7453125000000002 0.89375 0.7453125000000002 0.9359375 0.7703125000000002 0.9359375
0 0.7500000000000002 0.8890625 0.7265625000000002 0.8890625 0.7265625000000002 0.9359375 0.7500000000000002 0.9359375
0 0.7328125000000002 0.8703125 0.7015625000000002 0.8703125 0.7015625000000002 0.9265625 0.7328125000000002 0.9265625
0 0.7046875000000001 0.878125 0.6796875000000002 0.878125 0.6796875000000002 0.91875 0.7046875000000001 0.91875
0 0.6812500000000001 0.86875 0.6609375000000002 0.86875 0.6609375000000002 0.9125 0.6812500000000001 0.9125
0 0.6625000000000002 0.8609375 0.6390625000000002 0.8609375 0.6390625000000002 0.903125 0.6625000000000002 0.903125
0 0.6421875000000001 0.846875 0.6125000000000002 0.846875 0.6125000000000002 0.8984375 0.6421875000000001 0.8984375
0 0.6156250000000002 0.8359375 0.5875000000000001 0.8359375 0.5875000000000001 0.8859375 0.6156250000000002 0.8859375
0 0.5906250000000002 0.83125 0.5640625000000001 0.83125 0.5640625000000001 0.8765625 0.5906250000000002 0.8765625
0 0.5687500000000002 0.8234375 0.5437500000000002 0.8234375 0.5437500000000002 0.8703125 0.5687500000000002 0.8703125
0 0.5453125000000002 0.8140625 0.5203125000000002 0.8140625 0.5203125000000002 0.8625 0.5453125000000002 0.8625
0 0.5234375000000002 0.8078125 0.4984375000000002 0.8078125 0.4984375000000002 0.853125 0.5234375000000002 0.853125
0 0.5015625000000001 0.7984375 0.4781250000000002 0.7984375 0.4781250000000002 0.8453125 0.5015625000000001 0.8453125
0 0.4812500000000002 0.790625 0.45625000000000016 0.790625 0.45625000000000016 0.8359375 0.4812500000000002 0.8359375