0 0.2453125000000001 0.6171875 0.2171875000000001 0.6171875 0.2171875000000001 0.659375 0.2453125000000001 0.659375
0 0.190625 2.085726579797836e-17 0.15 1.8369701987210297e-17 0.15 0.050000000000000024 0.190625 0.050000000000000024
0 0.2828125 0.25625 0.246875 0.25625 0.246875 0.3 0.2828125 0.3
0 0.04687500000000001 3.827021247335479e-18 0.015625 1.9135106236677394e-18 0.015625000000000003 0.065625 0.046875000000000014 0.065625
0 0.10468750000000007 0.5359375 0.07500000000000007 0.5359375 0.07500000000000007 0.634375 0.10468750000000009 0.634375
0 0.11875000000000006 0.4875 0.08593750000000007 0.4875 0.08593750000000007 0.5875 0.11875000000000009 0.5875
3 0.7953125 0.2671875000000001 0.7421875 0.2671875000000001 0.7421875 0.3140625000000001 0.7953125 0.3140625000000001
3 0.709375 0.2812500000000001 0.653125 0.2812500000000001 0.653125 0.3296875000000001 0.709375 0.3296875000000001
0 0.6421875 0.3531250000000001 0.6078125 0.3531250000000001 0.6078125 0.4046875 0.6421875 0.4046875
0 0.65 0.49375 0.625 0.49375 0.625 0.5546875 0.65 0.5546875
0 0.5984375 0.490625 0.575 0.490625 0.575 0.546875 0.5984375 0.546875
0 0.615625 0.5625 0.5875 0.5625 0.5875 0.628125 0.615625 0.628125
0 0.84375 0.2750000000000001 0.80625 0.2750000000000001 0.80625 0.3031250000000001 0.84375 0.3031250000000001
0 0.9015625 0.2656250000000001 0.865625 0.2656250000000001 0.865625 0.2968750000000001 0.9015625 0.2968750000000001
0 1 0.2531250000000001 0.9625 0.2531250000000001 0.9625 0.2906250000000001 1 0.2906250000000001
3 0.4578125 0.13906250000000003 0.41875 0.13906250000000003 0.41875 0.17812500000000003 0.4578125 0.17812500000000003
0 0.025000000000000085 0.6640625 8.132420150587893e-17 0.6640625 8.677770678333199e-17 0.753125 0.025000000000000088 0.753125
0 1 0.9375 0.9921875 0.9375 0.9921875 0.984375 1 0.984375
0 0.809375 0.8 0.7796875000000002 0.8 0.7796875000000002 0.8515625 0.809375 0.8515625
0 0.809375 0.859375 0.7828125000000001 0.859375 0.7828125000000001 0.90625 0.809375 0.90625
0 0.8234375 0.9109375 0.7953125000000002 0.9109375 0.7953125000000002 0.9609375 0.8234375 0.9609375
0 0.7781250000000002 0.88125 0.7531250000000002 0.88125 0.7531250000000002 0.925 0.7781250000000002 0.925
0 0.7984375000000001 0.9203125 0.7671875000000001 0.9203125 0.7671875000000001 0.978125 0.7984375000000001 0.978125
0 0.7640625000000002 0.9453125 0.7359375000000001 0.9453125 0.7359375000000001 0.990625 0.7640625000000002 0.990625
0 0.7343750000000002 0.95625 0.7093750000000002 0.95625 0.7093750000000002 1 0.7343750000000002 1
0 0.7515625000000001 0.8828125 0.7203125000000001 0.8828125 0.7203125000000001 0.9328125 0.7515625000000001 0.9328125
0 0.7140625000000002 0.8265625 0.6828125000000002 0.8265625 0.6828125000000002 0.884375 0.7140625000000002 0.884375
0 0.6609375000000002 0.8609375 0.6312500000000002 0.8609375 0.6312500000000002 0.9078125 0.6609375000000002 0.9078125
0 0.6265625000000001 0.8640625 0.5937500000000002 0.8640625 0.5937500000000002 0.9203125 0.6265625000000001 0.9203125
0 0.5984375000000002 0.88125 0.5750000000000002 0.88125 0.5750000000000002 0.925 0.5984375000000002 0.925
0 0.5718750000000001 0.8890625 0.5453125000000002 0.8890625 0.5453125000000002 0.934375 0.5718750000000001 0.934375
0 0.5312500000000002 0.9015625 0.5031250000000002 0.9015625 0.5031250000000002 0.946875 0.5312500000000002 0.946875
0 0.39531250000000007 0.8953125 0.3703125000000001 0.8953125 0.3703125000000001 0.9375 0.39531250000000007 0.9375
0 0.4125000000000002 0.8921875 0.3890625000000001 0.8921875 0.3890625000000001 0.9359375 0.4125000000000002 0.9359375
0 0.43750000000000017 0.8765625 0.4078125000000002 0.8765625 0.4078125000000002 0.9296875 0.43750000000000017 0.9296875
0 0.4625000000000002 0.88125 0.4359375000000002 0.88125 0.4359375000000002 0.921875 0.4625000000000002 0.921875
0 0.47968750000000016 0.871875 0.4593750000000002 0.871875 0.4593750000000002 0.9109375 0.47968750000000016 0.9109375
0 0.5015625000000001 0.8625 0.4781250000000002 0.8625 0.4781250000000002 0.903125 0.5015625000000001 0.903125
0 0.5265625000000002 0.85 0.4984375000000002 0.85 0.4984375000000002 0.9 0.5265625000000002 0.9
0 0.5515625000000002 0.8453125 0.5250000000000001 0.8453125 0.5250000000000001 0.8875 0.5515625000000002 0.8875
0 0.5765625000000002 0.8375 0.5500000000000002 0.8375 0.5500000000000002 0.8828125 0.5765625000000002 0.8828125
0 0.5968750000000002 0.8265625 0.5718750000000001 0.8265625 0.5718750000000001 0.871875 0.5968750000000002 0.871875
0 0.6187500000000001 0.81875 0.5953125000000001 0.81875 0.5953125000000001 0.865625 0.6187500000000001 0.865625
0 0.6406250000000002 0.815625 0.6171875000000002 0.815625 0.6171875000000002 0.8578125 0.6406250000000002 0.8578125
0 0.6625000000000002 0.8046875 0.6390625000000002 0.8046875 0.6390625000000002 0.8515625 0.6625000000000002 0.8515625
0 0.6828125000000002 0.7953125 0.6593750000000002 0.7953125 0.6593750000000002 0.8390625 0.6828125000000002 0.8390625
2 0.7781250000000002 0.7750000000000001 0.7062500000000002 0.775 0.7062500000000002 0.878125 0.7781250000000002 0.878125