0 0.3453125 0.06406250000000005 0.3015625 0.06406250000000005 0.3015625 0.12031250000000004 0.3453125 0.12031250000000004
0 0.04375000000000006 0.4203125 0.006250000000000052 0.4203125 0.0062500000000000585 0.51875 0.04375000000000007 0.51875
0 0.02812500000000006 0.4359375 5.338694640032993e-17 0.4359375 5.845774955304943e-17 0.51875 0.028125000000000067 0.51875
0 0.07812500000000003 0.23125 0.03750000000000003 0.23125 0.03750000000000003 0.2828125 0.07812500000000004 0.2828125
0 0.10937500000000004 0.2203125 0.07187500000000002 0.2203125 0.07187500000000002 0.26875 0.10937500000000004 0.26875
0 0.16562500000000005 0.203125 0.13125000000000003 0.203125 0.13125000000000003 0.2484375 0.16562500000000005 0.2484375
0 0.2 0.19375000000000003 0.16406250000000006 0.19375 0.16406250000000006 0.24375 0.2 0.24375
0 0.2359375 0.19218750000000004 0.2015625 0.19218750000000004 0.2015625 0.2421875 0.2359375 0.2421875
0 0.2796875 0.19218750000000004 0.240625 0.19218750000000004 0.240625 0.240625 0.2796875 0.240625
0 0.3140625 0.18906250000000005 0.278125 0.18906250000000005 0.278125 0.240625 0.3140625 0.240625
0 0.35625 0.18593750000000003 0.3203125 0.18593750000000003 0.3203125 0.2328125 0.35625 0.2328125
0 0.3796875 0.18593750000000003 0.353125 0.18593750000000003 0.353125 0.22812500000000005 0.3796875 0.22812500000000008
0 0.415625 0.18125000000000005 0.375 0.18125000000000005 0.375 0.2328125000000001 0.415625 0.2328125000000001
0 0.45 0.18125000000000005 0.4171875 0.18125000000000005 0.4171875 0.2328125000000001 0.45 0.2328125000000001
3 0.029687500000000006 1.8178350924843526e-18 0 0 3.539994653785318e-18 0.0578125 0.029687500000000012 0.0578125
0 0.8 0.2531250000000001 0.7578125 0.2531250000000001 0.7578125 0.3078125000000001 0.8 0.3078125000000001
0 0.56875 0.4859375 0.534375 0.4859375 0.534375 0.51875 0.56875 0.51875
0 0.5859375 0.06093750000000007 0.5453125 0.06093750000000007 0.5453125 0.10937500000000008 0.5859375 0.10937500000000008
0 0.6421875 7.615772282197602e-17 0.6015625 7.367015901120797e-17 0.6015625 0.04843750000000008 0.6421875 0.04843750000000008
0 0.6015625 7.146962179399006e-17 0.565625 6.926908457677216e-17 0.565625 0.04687500000000007 0.6015625 0.046875000000000076
0 0.5671875 6.697287182837088e-17 0.5265625 6.448530801760282e-17 0.5265625 0.05312500000000007 0.5671875 0.05312500000000007
0 0.9640625 1.1528901507598128e-16 0.91875 1.1251442467166307e-16 0.91875 0.04531250000000012 0.9640625 0.045312500000000124
0 0.9171875 1.1002686086089502e-16 0.8796875 1.0773064811249373e-16 0.8796875 0.03125000000000011 0.9171875 0.03125000000000011
0 0.7140625 0.05468750000000009 0.6765625 0.05468750000000009 0.6765625 0.10312500000000009 0.7140625 0.10312500000000009
0 0.6421875 0.10781250000000009 0.6046875 0.10781250000000009 0.6046875 0.15625000000000008 0.6421875 0.15625000000000008
0 0.8765625 1.0514740877054227e-16 0.840625 1.0294687155332437e-16 0.840625 0.031250000000000104 0.8765625 0.03125000000000011
0 0.8453125 1.013203875232068e-16 0.809375 9.91198503059889e-17 0.809375 0.0390625000000001 0.8453125 0.0390625000000001
0 0.815625 9.749336627587133e-17 0.7765625 9.510147799628666e-17 0.7765625 0.0421875000000001 0.815625 0.0421875000000001
0 0.7671875 9.156148334250133e-17 0.728125 8.916959506291665e-17 0.728125 0.04375000000000009 0.7671875 0.04375000000000009
0 0.65625 0.4 0.615625 0.4 0.615625 0.4515625 0.65625 0.4515625
0 0.6875 0.3890625000000001 0.65 0.3890625000000001 0.65 0.4375 0.6875 0.4375
0 0.7453125 0.3703125000000001 0.7078125 0.3703125000000001 0.7078125 0.4203125000000001 0.7453125 0.4203125000000002
0 0.7796875 0.3656250000000001 0.7421875 0.3656250000000001 0.7421875 0.4156250000000002 0.7796875 0.4156250000000002
0 0.815625 0.3656250000000001 0.7796875 0.3656250000000001 0.7796875 0.4125000000000002 0.815625 0.4125000000000002
0 0.859375 0.3609375000000001 0.81875 0.3609375000000001 0.81875 0.40937500000000016 0.859375 0.40937500000000016
0 0.8921875 0.3625000000000001 0.8578125 0.3625000000000001 0.8578125 0.40937500000000016 0.8921875 0.40937500000000016
0 0.9359375 0.35625000000000007 0.9 0.35625000000000007 0.9 0.40156250000000016 0.9359375 0.40156250000000016
0 0.9578125 0.3531250000000001 0.93125 0.3531250000000001 0.93125 0.3968750000000001 0.9578125 0.3968750000000001
0 0.99375 0.3500000000000001 0.953125 0.3500000000000001 0.953125 0.3984375000000001 0.99375 0.3984375000000001
3 0.6328125 0.16562500000000008 0.5859375 0.16562500000000008 0.5859375 0.2312500000000001 0.6328125 0.2312500000000001
0 0.19687500000000008 0.546875 0.16562500000000008 0.546875 0.16562500000000008 0.6125 0.19687500000000008 0.6125
0 0.2093750000000001 0.51875 0.17812500000000003 0.51875 0.17812500000000006 0.5703125 0.2093750000000001 0.5703125
0 0.2531250000000001 0.671875 0.2218750000000001 0.671875 0.2218750000000001 0.7421875 0.2531250000000001 0.7421875
0 0.3031250000000001 0.709375 0.27031250000000007 0.709375 0.27031250000000007 0.778125 0.3031250000000001 0.778125
0 0.29375000000000007 0.8375 0.2640625000000001 0.8375 0.2640625000000001 0.9046875 0.29375000000000007 0.9046875
0 0.35625000000000007 0.815625 0.32500000000000007 0.815625 0.32500000000000007 0.878125 0.35625000000000007 0.878125
0 0.2609375000000001 0.790625 0.22812500000000008 0.790625 0.22812500000000008 0.8625 0.2609375000000001 0.8625
0 0.09843750000000011 0.8875 0.05156250000000011 0.8875 0.05156250000000011 0.934375 0.09843750000000011 0.934375
0 0.10937500000000014 0.934375 0.0640625000000001 0.934375 0.0640625000000001 0.978125 0.10937500000000014 0.978125
0 0.23593750000000008 0.940625 0.19218750000000012 0.940625 0.19218750000000012 0.9875 0.23593750000000008 0.9875
0 0.3703125000000001 0.9390625 0.3359375000000001 0.9390625 0.3359375000000001 1 0.3703125000000001 1
2 0.34062500000000007 0.51875 0.2562500000000001 0.51875 0.2562500000000001 0.74375 0.34062500000000007 0.74375
3 0.06875000000000012 0.9640625 1.1806360548029952e-16 0.9640625 1.2026414269751743e-16 1 0.06875000000000013 1
0 0.6 0.56875 0.55625 0.56875 0.55625 0.621875 0.6 0.621875
0 0.5562500000000001 0.984375 0.5125000000000002 0.984375 0.5125000000000002 1 0.5562500000000001 1