0 0.012500000000000008 0.0484375 5.931882933369992e-18 0.0484375 9.184850993605149e-18 0.1015625 0.012500000000000011 0.1015625
0 0.303125 0.046875000000000035 0.2671875 0.046875000000000035 0.2671875 0.10156250000000004 0.303125 0.10156250000000004
0 0.259375 0.03437500000000003 0.2296875 0.03437500000000003 0.2296875 0.08125000000000002 0.259375 0.08125000000000002
0 0.2609375 0.10937500000000004 0.228125 0.10937500000000004 0.228125 0.16093750000000004 0.2609375 0.16093750000000004
0 0.11875 0.1234375 0.08593750000000003 0.1234375 0.08593750000000003 0.1703125 0.11875 0.1703125
0 0.2203125 0.02812500000000002 0.1890625 0.02812500000000002 0.1890625 0.07187500000000002 0.2203125 0.07187500000000002
0 0.184375 0.02812500000000002 0.1578125 0.02812500000000002 0.1578125 0.06875000000000002 0.184375 0.06875000000000002
0 0.15625 0.025000000000000015 0.125 0.025000000000000012 0.125 0.06875000000000002 0.15625 0.06875000000000002
0 0.109375 0.01562500000000001 0.078125 0.01562500000000001 0.078125 0.05937500000000001 0.109375 0.059375000000000025
0 0.39687500000000003 0.3609375000000001 0.3640625 0.3609375000000001 0.36406250000000007 0.4078125 0.3968750000000001 0.4078125
0 0.012500000000000048 0.38125 4.6689659217492845e-17 0.38125 4.889019643471074e-17 0.4171875 0.01250000000000005 0.4171875
0 0.04843750000000005 0.38125 0.018750000000000044 0.38125 0.018750000000000048 0.421875 0.04843750000000006 0.421875
0 0.08437500000000005 0.3859375 0.05468750000000004 0.3859375 0.05468750000000004 0.4296875 0.08437500000000005 0.4296875
0 0.12968750000000004 0.39375 0.09531250000000005 0.39375 0.09531250000000005 0.440625 0.12968750000000004 0.440625
0 0.16093750000000004 0.396875 0.13125000000000003 0.396875 0.13125000000000003 0.44375 0.16093750000000004 0.44375
0 0.20312500000000008 0.40625 0.17343750000000005 0.40625 0.17343750000000005 0.446875 0.20312500000000008 0.446875
0 0.22656250000000008 0.4 0.20468750000000008 0.4 0.20468750000000008 0.4484375 0.22656250000000008 0.4484375
0 0.26250000000000007 0.4109375 0.22656250000000008 0.4109375 0.22656250000000008 0.4546875 0.26250000000000007 0.4546875
0 0.3046875000000001 0.41875 0.2718750000000001 0.41875 0.2718750000000001 0.4625 0.3046875000000001 0.4625
0 0.37187500000000007 0.4328125 0.3453125000000001 0.4328125 0.3453125000000001 0.4765625 0.37187500000000007 0.4765625
3 0.14687500000000003 0.1953125 0.10937500000000004 0.1953125 0.10937500000000004 0.25625 0.14687500000000003 0.25625
0 0.6375 0.621875 0.6109375 0.621875 0.6109375 0.6734375 0.6375 0.6734375
0 0.7359375 0.6578125000000001 0.7109375 0.6578125 0.7109375 0.7093750000000001 0.7359375 0.7093750000000002
0 0.4578125 0.3921875000000001 0.45 0.3921875000000001 0.45 0.440625 0.4578125 0.440625
0 0.7109375 0.665625 0.6953125 0.665625 0.6953125 0.7078125 0.7109375 0.7078125
0 0.46875 0.45 0.45 0.45 0.45 0.4984375 0.46875 0.4984375
0 0.46875 0.5046875 0.45 0.5046875 0.45 0.55625 0.46875 0.55625
0 0.5015625 0.4671875 0.4828125 0.4671875 0.4828125 0.5109375 0.5015625 0.5109375
0 0.5 0.50625 0.475 0.50625 0.475 0.565625 0.5 0.565625
0 0.5359375 0.521875 0.5109375 0.521875 0.5109375 0.5703125 0.5359375 0.5703125
0 0.5625 0.528125 0.54375 0.528125 0.54375 0.571875 0.5625 0.571875
0 0.5359375 0.465625 0.5109375 0.465625 0.5109375 0.5109375 0.5359375 0.5109375
0 0.5609375 0.3984375000000001 0.5359375 0.3984375000000001 0.5359375 0.4546875 0.5609375 0.4546875
0 0.615625 0.421875 0.59375 0.421875 0.59375 0.4671875 0.615625 0.4671875
0 0.65625 0.4171875 0.6296875 0.4171875 0.6296875 0.471875 0.65625 0.471875
0 0.675 0.428125 0.6578125 0.428125 0.6578125 0.46875 0.675 0.46875
0 0.7078125 0.428125 0.6859375 0.428125 0.6859375 0.4734375 0.7078125 0.4734375
0 0.753125 0.4312500000000002 0.728125 0.4312500000000002 0.728125 0.47968750000000016 0.753125 0.47968750000000016
0 0.925 0.0640625000000001 0.9125 0.0640625000000001 0.9125 0.12968750000000012 0.925 0.12968750000000012
0 1 0.13125000000000014 0.9875 0.13125000000000014 0.9875 0.2093750000000001 1 0.2093750000000001
0 0.8796875 0.3984375000000001 0.859375 0.3984375000000001 0.859375 0.4390625000000002 0.8796875 0.4390625000000002
0 0.859375 0.3984375000000001 0.8421875 0.3984375000000001 0.8421875 0.4437500000000002 0.859375 0.4437500000000002
0 0.8390625 0.3843750000000001 0.8140625 0.3843750000000001 0.8140625 0.4390625000000002 0.8390625 0.4390625000000002
0 0.8125 0.3984375000000001 0.790625 0.3984375000000001 0.790625 0.43750000000000017 0.8125 0.43750000000000017
0 0.7875 0.3937500000000001 0.7734375 0.3937500000000001 0.7734375 0.4359375000000002 0.7875 0.4359375000000002
0 0.7671875 0.3906250000000001 0.7484375 0.3906250000000001 0.7484375 0.4312500000000002 0.7671875 0.4312500000000002
0 0.7453125 0.3828125000000001 0.721875 0.3828125000000001 0.721875 0.4328125000000001 0.7453125 0.43281250000000016
0 0.7171875 0.3781250000000001 0.6953125 0.3781250000000001 0.6953125 0.4265625 0.7171875 0.4265625
0 0.690625 0.3781250000000001 0.6703125 0.3781250000000001 0.6703125 0.421875 0.690625 0.421875
0 0.6671875 0.3750000000000001 0.6484375 0.3750000000000001 0.6484375 0.4203125 0.6671875 0.4203125
0 0.64375 0.3703125000000001 0.625 0.3703125000000001 0.625 0.41875 0.64375 0.41875
0 0.6203125 0.3703125000000001 0.6 0.3703125000000001 0.6 0.4140625 0.6203125 0.4140625
0 0.596875 0.3656250000000001 0.5796875 0.3656250000000001 0.5796875 0.4109375 0.596875 0.4109375
0 0.575 0.36406250000000007 0.5546875 0.36406250000000007 0.5546875 0.4078125 0.575 0.4078125
0 0.5453125 0.6296875 0.5265625 0.6296875 0.5265625 0.675 0.5453125 0.675
2 0.5296875 0.35625000000000007 0.4671875 0.35625000000000007 0.4671875 0.45625 0.5296875 0.45625
0 0.7734375000000002 0.865625 0.7375000000000002 0.865625 0.7375000000000002 0.9375 0.7734375000000002 0.9375