0 0.2859375 0.08750000000000004 0.2453125 0.08750000000000002 0.2453125 0.13750000000000004 0.2859375 0.13750000000000004
0 0.421875 0.17812500000000003 0.384375 0.17812500000000003 0.384375 0.2250000000000001 0.421875 0.2250000000000001
0 0.384375 0.18281250000000004 0.3484375 0.18281250000000004 0.3484375 0.22656250000000006 0.384375 0.22656250000000008
0 0.3234375 0.18593750000000003 0.2890625 0.18593750000000003 0.2890625 0.2328125 0.3234375 0.2328125
0 0.290625 0.19687500000000005 0.2578125 0.19687500000000005 0.2578125 0.24375 0.290625 0.24375
0 0.25625 0.2078125 0.221875 0.2078125 0.221875 0.259375 0.25625 0.259375
0 0.2203125 0.2203125 0.18125000000000005 0.2203125 0.18125000000000005 0.2734375 0.2203125 0.2734375
0 0.18593750000000003 0.2375 0.15156250000000004 0.2375 0.15156250000000004 0.2890625 0.18593750000000003 0.2890625
0 0.14375000000000004 0.253125 0.11093750000000005 0.253125 0.11093750000000005 0.3 0.14375000000000004 0.3
0 0.11406250000000004 0.2625 0.08750000000000002 0.2625 0.08750000000000004 0.3078125 0.11406250000000004 0.3078125
0 0.09375000000000003 0.271875 0.05468750000000002 0.271875 0.054687500000000035 0.321875 0.09375000000000004 0.321875
0 0.05468750000000004 0.290625 0.017187500000000033 0.290625 0.01718750000000004 0.3421875 0.05468750000000004 0.3421875
3 0.334375 3.827021247335479e-17 0.290625 3.559129760021995e-17 0.290625 0.023437500000000035 0.334375 0.023437500000000038
0 1 0.09375000000000012 0.978125 0.09375000000000011 0.978125 0.2078125000000001 1 0.2078125000000001
0 0.9484375 0.2875000000000001 0.9015625 0.2875000000000001 0.9015625 0.3593750000000001 0.9484375 0.3593750000000001
0 0.8171875 0.0875000000000001 0.778125 0.08750000000000009 0.778125 0.1375000000000001 0.8171875 0.1375000000000001
0 0.7953125 0.037500000000000096 0.759375 0.03750000000000009 0.759375 0.08125000000000009 0.7953125 0.08125000000000009
0 0.8265625 0.0250000000000001 0.79375 0.0250000000000001 0.79375 0.0687500000000001 0.8265625 0.06875000000000012
0 0.865625 0.006250000000000104 0.828125 0.006250000000000103 0.828125 0.05625000000000011 0.865625 0.05625000000000011
0 0.5015625 0.15937500000000004 0.459375 0.15937500000000004 0.459375 0.2156250000000001 0.5015625 0.2156250000000001
0 0.534375 0.13593750000000004 0.4984375 0.13593750000000004 0.4984375 0.18750000000000006 0.534375 0.18750000000000006
0 0.6171875 0.1765625000000001 0.58125 0.1765625000000001 0.58125 0.22656250000000008 0.6171875 0.22656250000000008
0 0.746875 0.17343750000000008 0.709375 0.17343750000000008 0.709375 0.2234375000000001 0.746875 0.2234375000000001
0 0.571875 0.12031250000000007 0.5359375 0.12031250000000004 0.5359375 0.17031250000000006 0.571875 0.1703125000000001
0 0.6015625 0.1140625000000001 0.5703125 0.1140625000000001 0.5703125 0.15781250000000008 0.6015625 0.15781250000000008
0 0.6359375 0.10468750000000009 0.5984375 0.10468750000000009 0.5984375 0.14843750000000008 0.6359375 0.14843750000000008
0 0.6765625 0.08750000000000009 0.6421875 0.08750000000000009 0.6421875 0.1296875000000001 0.6765625 0.1296875000000001
0 0.9484375 0.40937500000000016 0.909375 0.40937500000000016 0.909375 0.45625000000000016 0.9484375 0.45625000000000016
0 0.9125 0.4125000000000002 0.875 0.4125000000000002 0.875 0.45625000000000016 0.9125 0.45625000000000016
0 0.85 0.41718750000000016 0.815625 0.41718750000000016 0.815625 0.46406250000000016 0.85 0.46406250000000016
0 0.81875 0.4281250000000002 0.7828125 0.4281250000000002 0.7828125 0.4750000000000002 0.81875 0.4750000000000002
0 0.7828125 0.43750000000000017 0.7484375 0.43750000000000017 0.7484375 0.48750000000000016 0.7828125 0.48750000000000016
0 0.7453125 0.4515625000000001 0.7046875 0.4515625 0.7046875 0.48906250000000007 0.7453125 0.4890625000000002
0 0.7109375 0.4671875 0.6765625 0.4671875 0.6765625 0.4890625 0.7109375 0.4890625
3 0.759375 0.2375000000000001 0.715625 0.2375000000000001 0.715625 0.2984375000000001 0.759375 0.2984375000000001
0 0.42968750000000017 0.896875 0.41718750000000016 0.896875 0.41718750000000016 0.9390625 0.42968750000000017 0.9390625
0 0.4125000000000002 0.903125 0.3859375000000001 0.903125 0.3859375000000001 0.95 0.4125000000000002 0.95
0 0.3734375000000001 0.9171875 0.3437500000000001 0.9171875 0.3437500000000001 0.9671875 0.3734375000000001 0.9671875
0 0.1140625000000001 0.6 0.09375000000000007 0.6 0.09375000000000008 0.665625 0.1140625000000001 0.665625
0 0.057812500000000086 0.684375 0.02656250000000009 0.684375 0.02656250000000009 0.7625 0.057812500000000086 0.7625
0 0.009375000000000121 0.9703125 1.188290097297666e-16 0.9703125 1.2064684482225098e-16 1 0.009375000000000123 1
0 0.037500000000000124 0.9625 0.009375000000000116 0.9625 0.00937500000000012 1 0.037500000000000124 1
0 0.10000000000000013 0.940625 0.07343750000000011 0.940625 0.07343750000000011 0.990625 0.10000000000000013 0.990625
0 0.2375000000000001 0.9140625 0.21250000000000008 0.9140625 0.21250000000000008 0.95625 0.2375000000000001 0.95625
0 0.25468750000000007 0.909375 0.2312500000000001 0.909375 0.2312500000000001 0.95625 0.25468750000000007 0.95625
0 0.2796875000000001 0.890625 0.2484375000000001 0.890625 0.2484375000000001 0.946875 0.2796875000000001 0.946875
0 0.3031250000000001 0.8984375 0.27812500000000007 0.8984375 0.27812500000000007 0.9390625 0.3031250000000001 0.9390625
0 0.3203125000000001 0.8890625 0.3000000000000001 0.8890625 0.3000000000000001 0.9328125 0.3203125000000001 0.9328125
0 0.3437500000000001 0.88125 0.3203125000000001 0.88125 0.3203125000000001 0.9234375 0.3437500000000001 0.9234375
0 0.3687500000000001 0.8671875 0.3390625000000001 0.8671875 0.3390625000000001 0.91875 0.3687500000000001 0.91875
0 0.3937500000000001 0.85625 0.3656250000000001 0.85625 0.3656250000000001 0.90625 0.3937500000000001 0.90625
0 0.41718750000000016 0.8515625 0.3906250000000001 0.8515625 0.3906250000000001 0.896875 0.41718750000000016 0.896875
0 0.42968750000000017 0.8421875 0.4125000000000002 0.8421875 0.4125000000000002 0.8890625 0.42968750000000017 0.8890625
0 0.828125 0.9421875 0.803125 0.9421875 0.803125 0.9828125 0.828125 0.9828125
0 0.5156250000000002 0.98125 0.48750000000000016 0.98125 0.48750000000000016 1 0.5156250000000002 1
0 1 0.6546875000000002 0.971875 0.6546875000000002 0.971875 0.7046875000000001 1 0.7046875000000001
0 1 0.7125000000000001 0.9734375 0.7125000000000001 0.9734375 0.7578125000000002 1 0.7578125000000002
0 1 0.7734375000000002 0.9875 0.7734375000000002 0.9875 0.8140625 1 0.8140625
0 0.9671875 0.7359375000000001 0.9453125 0.7359375000000001 0.9453125 0.7734375000000002 0.9671875 0.7734375000000002
0 0.9859375 0.7796875000000002 0.9578125 0.7796875000000002 0.9578125 0.825 0.9859375 0.825
0 0.953125 0.7968750000000002 0.9265625 0.7968750000000002 0.9265625 0.8375 0.953125 0.8375
0 0.921875 0.8078125 0.8984375 0.8078125 0.8984375 0.8453125 0.921875 0.8453125
0 0.940625 0.7359375000000001 0.9109375 0.7359375000000001 0.9109375 0.7812500000000002 0.940625 0.7812500000000002
0 0.9015625 0.6796875000000002 0.8734375 0.6796875000000002 0.8734375 0.7265625000000002 0.9015625 0.7265625000000002
0 0.8484375 0.7046875000000001 0.821875 0.7046875000000001 0.821875 0.7500000000000002 0.8484375 0.7500000000000002
0 0.8125 0.7140625000000002 0.7828125 0.7140625000000002 0.7828125000000001 0.7625000000000002 0.8125 0.7625000000000002
0 0.7859375000000001 0.7250000000000002 0.7640625 0.7250000000000002 0.7640625000000001 0.7671875000000001 0.7859375000000002 0.7671875000000001
0 0.7578125000000002 0.7296875000000002 0.7328125000000002 0.7296875000000002 0.7328125000000002 0.7703125000000002 0.7578125000000002 0.7703125000000002
0 0.7187500000000002 0.740625 0.6906250000000002 0.740625 0.6906250000000002 0.784375 0.7187500000000002 0.784375
0 0.4421875000000002 0.7609375 0.42968750000000017 0.7609375 0.42968750000000017 0.796875 0.4421875000000002 0.796875
0 0.5812500000000002 0.7328125 0.5562500000000001 0.7328125 0.5562500000000001 0.76875 0.5812500000000002 0.76875
0 0.6000000000000002 0.7296875 0.5765625000000002 0.7296875 0.5765625000000002 0.7671875 0.6000000000000002 0.7671875
0 0.6234375000000001 0.7171875 0.5953125 0.7171875 0.5953125000000001 0.7625 0.6234375000000002 0.7625
0 0.6484375000000001 0.715625 0.6234375 0.715625 0.6234375000000001 0.75625 0.6484375000000002 0.75625
0 0.6656250000000001 0.709375 0.646875 0.709375 0.6468750000000001 0.746875 0.6656250000000001 0.746875
0 0.6875000000000001 0.6984375 0.6640625 0.6984375 0.6640625000000001 0.7390625 0.6875000000000002 0.7390625
0 0.7140625 0.6953125 0.6875 0.6953125 0.6875000000000001 0.7359375 0.7140625000000002 0.7359375
0 0.7406250000000001 0.6890625000000001 0.7140625 0.6890625 0.7140625 0.7265625000000001 0.7406250000000002 0.7265625000000002
0 0.7625 0.6796875000000002 0.7375 0.6796875000000002 0.7375 0.7171875000000002 0.7625 0.7171875000000002
0 0.784375 0.6750000000000002 0.7609375 0.6750000000000002 0.7609375 0.7125000000000001 0.784375 0.7125000000000001
0 0.80625 0.6656250000000001 0.784375 0.6656250000000001 0.784375 0.7078125000000002 0.80625 0.7078125000000002
0 0.8296875 0.6593750000000002 0.80625 0.6593750000000002 0.80625 0.7000000000000002 0.8296875 0.7000000000000002
0 0.85 0.6515625000000002 0.828125 0.6515625000000002 0.828125 0.6906250000000002 0.85 0.6906250000000002
0 0.8734375 0.6468750000000002 0.8484375 0.6468750000000002 0.8484375 0.6843750000000002 0.8734375 0.6843750000000002
0 0.6484375000000002 0.9578125 0.6250000000000002 0.9578125 0.6250000000000002 1 0.6484375000000002 1
2 0.9671875 0.6453125000000002 0.8984375 0.6453125000000002 0.8984375 0.7281250000000001 0.9671875 0.7281250000000001