0 0.40625 0.3312500000000001 0.3671875 0.3312500000000001 0.36718750000000006 0.3890625000000001 0.40625 0.3890625000000001
0 0.054687500000000014 0.06875 0.01875000000000001 0.06875 0.018750000000000013 0.1171875 0.05468750000000002 0.1171875
0 0.014062500000000009 0.0625 7.654042494670958e-18 0.0625 1.0619983961355953e-17 0.1109375 0.01406250000000001 0.1109375
0 0.371875 0.09531250000000005 0.334375 0.09531250000000005 0.334375 0.15000000000000005 0.371875 0.15000000000000005
0 0.328125 0.08593750000000004 0.2953125 0.08593750000000004 0.2953125 0.13437500000000005 0.328125 0.13437500000000005
0 0.03437500000000002 0.1265625 1.549943605170869e-17 0.1265625 1.827402645602691e-17 0.171875 0.034375000000000024 0.171875
0 0.2875 0.08125000000000003 0.25625 0.08125000000000002 0.25625 0.12656250000000005 0.2875 0.12656250000000005
0 0.25625 0.08437500000000002 0.225 0.08437500000000002 0.225 0.12812500000000004 0.25625 0.12812500000000004
0 0.2265625 0.08437500000000002 0.1921875 0.08437500000000002 0.1921875 0.12812500000000004 0.2265625 0.12812500000000004
0 0.18125 0.07968750000000002 0.1453125 0.07968750000000002 0.1453125 0.125 0.18125 0.125
0 0.5078125 6.065828677026733e-17 0.4828125 5.912747827133314e-17 0.4828125 0.03437500000000006 0.5078125 0.034375000000000065
0 0.2734375 0.18906250000000005 0.2359375 0.18906250000000005 0.2359375 0.240625 0.2734375 0.240625
0 0.384375 0.21875000000000006 0.3515625 0.21875 0.3515625 0.2671875 0.384375 0.2671875000000001
0 0.4953125 0.2453125000000001 0.4515625 0.2453125000000001 0.4515625 0.3078125000000001 0.4953125 0.3078125000000001
0 0.853125 0.2734375000000001 0.83125 0.2734375000000001 0.83125 0.3234375000000001 0.853125 0.3234375000000001
0 0.846875 0.0328125000000001 0.821875 0.0328125000000001 0.821875 0.08593750000000011 0.846875 0.08593750000000011
0 0.825 0.2093750000000001 0.8 0.2093750000000001 0.8 0.27031250000000007 0.825 0.27031250000000007
0 0.796875 0.2218750000000001 0.775 0.2218750000000001 0.775 0.2718750000000001 0.796875 0.2718750000000001
0 0.778125 0.23437500000000008 0.7546875 0.23437500000000008 0.7546875 0.2921875000000001 0.778125 0.2921875000000001
0 0.775 0.1703125000000001 0.75 0.1703125000000001 0.75 0.2250000000000001 0.775 0.2250000000000001
0 0.796875 0.1453125000000001 0.7703125 0.1453125000000001 0.7703125 0.20468750000000008 0.796875 0.20468750000000008
0 0.815625 0.13281250000000008 0.79375 0.13281250000000008 0.79375 0.1859375000000001 0.815625 0.1859375000000001
0 0.809375 0.06093750000000009 0.784375 0.06093750000000009 0.784375 0.1218750000000001 0.809375 0.1218750000000001
0 0.76875 0.09687500000000009 0.74375 0.09687500000000009 0.74375 0.15625000000000008 0.76875 0.15625000000000008
0 0.7671875 0.034375000000000086 0.74375 0.034375000000000086 0.74375 0.0906250000000001 0.7671875 0.0906250000000001
0 0.7859375 0.009375000000000095 0.7625 0.009375000000000095 0.7625 0.057812500000000086 0.7859375 0.057812500000000086
0 0.7609375 9.184850993605148e-17 0.7390625 9.050905249948406e-17 0.7390625 0.028125000000000087 0.7609375 0.028125000000000087
0 0.7890625 0.06406250000000009 0.76875 0.06406250000000009 0.76875 0.11562500000000009 0.7890625 0.11562500000000009
0 0.009375000000000059 0.4546875 5.568315914873122e-17 0.4546875 5.884045167778298e-17 0.50625 0.00937500000000006 0.50625
0 0.17500000000000004 0.4390625 0.12812500000000004 0.4390625 0.12812500000000004 0.465625 0.17500000000000004 0.465625
0 0.8671875 0.9796875 0.8375 0.9796875 0.8375 1 0.8671875 1
0 0.5734375000000002 0.9171875 0.5593750000000002 0.9171875 0.5593750000000002 0.959375 0.5734375000000002 0.959375
0 0.6031250000000001 0.915625 0.5796875000000001 0.915625 0.5796875000000001 0.9578125 0.6031250000000001 0.9578125
0 0.5687500000000002 0.8515625 0.5593750000000002 0.8515625 0.5593750000000002 0.9015625 0.5687500000000002 0.9015625
0 0.5890625000000002 0.7875 0.5609375000000002 0.7875 0.5609375000000002 0.840625 0.5890625000000002 0.840625
0 0.6468750000000002 0.8015625 0.6203125000000002 0.8015625 0.6203125000000002 0.846875 0.6468750000000002 0.846875
0 0.6843750000000002 0.7921875 0.6546875000000002 0.7921875 0.6546875000000002 0.84375 0.6843750000000002 0.84375
0 0.7062500000000002 0.803125 0.6859375000000002 0.803125 0.6859375000000002 0.8453125 0.7062500000000002 0.8453125
0 0.7375000000000002 0.7984375000000001 0.7125000000000001 0.7984375 0.7125000000000001 0.840625 0.7375000000000002 0.840625
0 0.7828125000000001 0.7968750000000002 0.7546875000000002 0.7968750000000002 0.7546875000000002 0.8421875 0.7828125000000001 0.8421875
0 0.921875 0.4390625000000002 0.903125 0.4390625000000002 0.903125 0.4703125000000002 0.921875 0.4703125000000002
0 1 0.4656250000000002 0.9859375 0.4656250000000002 0.9859375 0.5437500000000002 1 0.5437500000000002
0 0.9046875 0.7500000000000002 0.88125 0.7500000000000002 0.88125 0.7890625000000002 0.9046875 0.7890625000000002
0 0.884375 0.7531250000000002 0.8640625 0.7531250000000002 0.8640625 0.7921875000000002 0.884375 0.7921875000000002
0 0.8640625 0.7453125000000002 0.8359375 0.7453125000000002 0.8359375 0.7921875000000002 0.8640625 0.7921875000000002
0 0.8375 0.7531250000000002 0.8125 0.7531250000000002 0.8125 0.7937500000000002 0.8375 0.7937500000000002
0 0.8125 0.7531250000000002 0.7937500000000002 0.7531250000000002 0.7937500000000002 0.7921875000000002 0.8125 0.7921875000000002
0 0.7937500000000002 0.7531250000000002 0.7718750000000002 0.7531250000000002 0.7718750000000002 0.7921875000000002 0.7937500000000002 0.7921875000000002
0 0.7703125000000002 0.7500000000000002 0.7437500000000001 0.7500000000000002 0.7437500000000001 0.7953125000000002 0.7703125000000002 0.7953125000000002
0 0.7421875000000002 0.753125 0.7171875000000002 0.753125 0.7171875000000002 0.7937500000000001 0.7421875000000002 0.7937500000000002
0 0.7171875000000002 0.7515625 0.6937500000000002 0.7515625 0.6937500000000002 0.790625 0.7171875000000002 0.790625
0 0.6937500000000002 0.7484375 0.6703125000000002 0.7484375 0.6703125000000002 0.7921875 0.6937500000000002 0.7921875
0 0.6687500000000002 0.75 0.6468750000000002 0.75 0.6468750000000002 0.79375 0.6687500000000002 0.79375
0 0.6453125000000002 0.75 0.6218750000000002 0.75 0.6218750000000002 0.7921875 0.6453125000000002 0.7921875
0 0.6218750000000002 0.746875 0.6000000000000002 0.746875 0.6000000000000002 0.790625 0.6218750000000002 0.790625
0 0.6000000000000002 0.7484375 0.5781250000000002 0.7484375 0.5781250000000002 0.790625 0.6000000000000002 0.790625