0 0.6453125 0.5125 0.6125 0.5125 0.6125 0.5625 0.6453125 0.5625
0 0.1265625000000001 0.8390625 0.1140625000000001 0.8390625 0.11406250000000011 0.928125 0.12656250000000013 0.928125
0 0.08593750000000003 0.16875 0.06250000000000003 0.16875 0.06250000000000003 0.25625 0.08593750000000003 0.25625
0 0.03593750000000006 0.490625 0.006250000000000061 0.490625 0.006250000000000063 0.53125 0.03593750000000007 0.53125
0 0.21718750000000003 0.2828125 0.2015625 0.2828125 0.20156250000000003 0.3671875 0.2171875000000001 0.3671875
0 0.25468750000000007 0.7828125 0.2406250000000001 0.7828125 0.2406250000000001 0.88125 0.25468750000000007 0.88125
0 0.23593750000000008 0.796875 0.22031250000000008 0.796875 0.22031250000000008 0.8921875 0.23593750000000008 0.8921875
0 0.353125 0.2578125 0.321875 0.2578125 0.321875 0.303125 0.353125 0.303125
0 0.4296875 0.2171875000000001 0.4 0.2171875000000001 0.4 0.26250000000000007 0.4296875 0.26250000000000007
0 0.390625 0.2093750000000001 0.3640625 0.2093750000000001 0.3640625 0.2515625000000001 0.390625 0.2515625000000001
0 0.3546875 0.2046875 0.3265625 0.2046875 0.3265625 0.246875 0.3546875 0.246875
0 0.7421875 0.2843750000000001 0.709375 0.2843750000000001 0.709375 0.3390625000000001 0.7421875 0.3390625000000001
0 0.6984375 0.2687500000000001 0.6734375 0.2687500000000001 0.6734375 0.3140625000000001 0.6984375 0.3140625000000001
0 0.43125 0.2765625000000001 0.4015625 0.2765625000000001 0.4015625 0.3218750000000001 0.43125 0.3218750000000001
0 0.38125 0.31718750000000007 0.353125 0.3171875 0.353125 0.35937500000000006 0.38125 0.3593750000000001
0 0.6609375 0.26250000000000007 0.634375 0.26250000000000007 0.634375 0.3046875000000001 0.6609375 0.3046875000000001
0 0.628125 0.2578125000000001 0.603125 0.2578125000000001 0.603125 0.3031250000000001 0.628125 0.3031250000000001
0 0.6 0.2562500000000001 0.5703125 0.2562500000000001 0.5703125 0.2984375000000001 0.6 0.2984375000000001
0 0.553125 0.2453125000000001 0.5234375 0.2453125000000001 0.5234375 0.2875000000000001 0.553125 0.2875000000000001
0 0.890625 0.15781250000000008 0.878125 0.15781250000000008 0.878125 0.2484375000000001 0.890625 0.2484375000000001
0 0.8921875 0.06562500000000011 0.88125 0.06562500000000011 0.88125 0.1453125000000001 0.8921875 0.1453125000000001
0 0.8359375 0.11093750000000009 0.8234375 0.11093750000000009 0.8234375 0.2015625000000001 0.8359375 0.2015625000000001
0 0.7109375 0.3937500000000001 0.6796875 0.3937500000000001 0.6796875 0.44375 0.7109375 0.44375
0 0.815625 0.44531250000000017 0.7890625 0.44531250000000017 0.7890625 0.4968750000000002 0.815625 0.4968750000000002
0 0.925 0.4937500000000002 0.890625 0.4937500000000002 0.890625 0.5562500000000001 0.925 0.5562500000000001
0 0.88125 0.6421875000000001 0.853125 0.6421875000000001 0.853125 0.7156250000000002 0.88125 0.7156250000000002
0 0.3453125000000001 0.6109375 0.3156250000000001 0.6109375 0.3156250000000001 0.65625 0.3453125000000001 0.65625
0 0.3812500000000001 0.609375 0.3531250000000001 0.609375 0.3531250000000001 0.6515625 0.3812500000000001 0.6515625
0 0.4390625 0.6046875 0.4140625 0.6046875 0.4140625 0.6453125 0.4390625 0.6453125
0 0.4734375 0.6046875 0.4484375 0.6046875 0.4484375 0.65 0.4734375 0.65
0 0.509375 0.6109375 0.4859375 0.6109375 0.4859375 0.65625 0.509375 0.65625
0 0.553125 0.621875 0.521875 0.621875 0.521875 0.6640625 0.553125 0.6640625
0 0.584375 0.6265625 0.559375 0.6265625 0.559375 0.6734375 0.584375 0.6734375
0 0.628125 0.6359375 0.6015625 0.6359375 0.6015625 0.678125 0.628125 0.678125
0 0.6515625 0.6390625 0.634375 0.6390625 0.634375 0.6796875 0.6515625 0.6796875
0 0.6859375 0.6453125 0.65625 0.6453125 0.65625 0.690625 0.6859375 0.690625
0 0.7265625 0.6546875000000001 0.696875 0.6546875 0.696875 0.7000000000000001 0.7265625 0.7000000000000002
0 0.7953125 0.6718750000000002 0.771875 0.6718750000000002 0.771875 0.7171875000000002 0.7953125 0.7171875000000002
3 0.3546875000000001 0.371875 0.3203125000000001 0.371875 0.3203125000000001 0.4265625 0.3546875000000001 0.4265625