0 0.029687500000000023 0.171875 2.1048616860345134e-17 0.171875 2.4205909389396902e-17 0.2234375 0.029687500000000023 0.2234375
0 0.10937500000000003 0.14375 0.06875000000000002 0.14375 0.06875000000000002 0.196875 0.10937500000000004 0.196875
0 0.07031250000000003 0.13125 0.03750000000000001 0.13125 0.03750000000000002 0.178125 0.07031250000000003 0.178125
0 0.040625000000000015 0.115625 0.001562500000000014 0.115625 0.001562500000000017 0.165625 0.04062500000000002 0.165625
0 0.403125 0.27343750000000006 0.359375 0.2734375 0.359375 0.33281250000000007 0.403125 0.33281250000000007
0 0.3625 0.2515625 0.3265625 0.2515625 0.3265625 0.3015625 0.3625 0.3015625
0 0.13593750000000004 0.21875 0.09843750000000002 0.21875 0.09843750000000002 0.265625 0.13593750000000004 0.265625
0 0.054687500000000035 0.2390625 0.01718750000000003 0.2390625 0.01718750000000003 0.2921875 0.05468750000000004 0.2921875
0 0.3265625 0.234375 0.2921875 0.234375 0.2921875 0.28125 0.3265625 0.28125
0 0.296875 0.225 0.2625 0.225 0.2625 0.271875 0.296875 0.271875
0 0.2671875 0.21875 0.23125 0.21875 0.23125 0.2640625 0.2671875 0.2640625
0 0.225 0.19531250000000006 0.18750000000000006 0.19531250000000006 0.18750000000000006 0.240625 0.225 0.240625
3 0.01718750000000004 0.2875 3.5208595475486407e-17 0.2875 3.913129225400527e-17 0.3515625 0.017187500000000043 0.3515625
0 1 0.3671875000000001 0.9578125 0.3671875000000001 0.9578125 0.37968750000000007 1 0.37968750000000007
0 0.51875 0.32500000000000007 0.4828125 0.32500000000000007 0.4828125 0.37968750000000007 0.51875 0.37968750000000007
0 0.7078125 0.034375000000000086 0.6671875 0.03437500000000008 0.6671875 0.08593750000000008 0.7078125 0.08593750000000008
0 0.790625 0.007812500000000094 0.7515625 0.007812500000000092 0.7515625 0.06093750000000009 0.790625 0.06093750000000009
0 0.753125 9.012635037475053e-17 0.71875 8.802148868871601e-17 0.71875 0.04687500000000009 0.753125 0.04687500000000009
0 0.7203125 8.591662700268149e-17 0.6828125 8.362041425428021e-17 0.6828125 0.03125000000000009 0.7203125 0.03125000000000009
0 0.759375 0.05937500000000009 0.7234375 0.05937500000000009 0.7234375 0.11093750000000009 0.759375 0.11093750000000009
0 0.7140625 0.09687500000000009 0.678125 0.09687500000000009 0.678125 0.1437500000000001 0.7140625 0.1437500000000001
0 1 0.10156250000000014 0.971875 0.10156250000000014 0.971875 0.14843750000000014 1 0.14843750000000014
0 0.9765625 0.09375000000000011 0.94375 0.09375000000000011 0.94375 0.14062500000000014 0.9765625 0.14062500000000014
0 0.95 0.08437500000000012 0.9109375 0.08437500000000012 0.9109375 0.13125000000000014 0.95 0.13125000000000014
0 0.90625 0.06562500000000011 0.86875 0.06562500000000011 0.86875 0.11093750000000009 0.90625 0.11093750000000009
0 0.9796875 0.2093750000000001 0.9375 0.2093750000000001 0.9375 0.2656250000000001 0.9796875 0.2656250000000001
3 0.678125 0.1437500000000001 0.634375 0.1437500000000001 0.634375 0.20312500000000008 0.678125 0.20312500000000008
0 0.1359375000000001 0.7203125 0.08750000000000009 0.7203125 0.08750000000000009 0.7609375 0.1359375000000001 0.7609375
2 0.42968750000000017 0.8203125 0.3687500000000001 0.8203125 0.3687500000000001 0.884375 0.42968750000000017 0.884375
0 0.2984375000000001 0.8890625 0.2515625000000001 0.8890625 0.2515625000000001 0.93125 0.2984375000000001 0.93125
2 0.884375 0.37968750000000007 0.8046875 0.37968750000000007 0.8046875 0.4515625000000002 0.884375 0.4515625000000002
2 0.5265625 0.5703125 0.4296875 0.5703125 0.4296875 0.671875 0.5265625 0.671875
2 0.7218750000000002 0.821875 0.6578125000000001 0.821875 0.6578125000000001 0.984375 0.7218750000000002 0.984375
3 0.6953125000000001 0.6390625 0.6546875 0.6390625 0.6546875000000001 0.7453125 0.6953125000000002 0.7453125
0 0.48125 0.55 0.4359375 0.55 0.4359375 0.59375 0.48125 0.59375
0 0.5390625 0.5390625 0.4953125 0.5390625 0.4953125 0.5796875 0.5390625 0.5796875
0 0.4734375 0.4515625 0.4296875 0.4515625 0.4296875 0.5015625 0.4734375 0.5015625
0 0.7515625 0.4531250000000001 0.7234375 0.453125 0.7234375 0.5171875000000001 0.7515625 0.5171875000000001
0 0.809375 0.5390625000000002 0.7796875 0.5390625000000002 0.7796875 0.6015625000000002 0.809375 0.6015625000000002
0 0.7750000000000001 0.7390625000000002 0.7484375000000002 0.7390625000000002 0.7484375000000002 0.809375 0.7750000000000001 0.809375