0 0.50625 0.3343750000000001 0.4640625 0.3343750000000001 0.4640625 0.3890625000000001 0.50625 0.3890625000000001
0 0.6015625 0.06406250000000006 0.5609375 0.06406250000000006 0.5609375 0.11250000000000009 0.6015625 0.11250000000000009
0 0.521875 0.03593750000000006 0.48125 0.03593750000000005 0.48125 0.08750000000000006 0.521875 0.08750000000000006
0 0.5546875 0.018750000000000065 0.51875 0.018750000000000062 0.51875 0.06562500000000007 0.5546875 0.06562500000000007
0 0.5921875 0.0015625000000000701 0.5515625 0.0015625000000000673 0.5515625 0.05468750000000007 0.5921875 0.05468750000000007
0 0.2390625 0.17500000000000004 0.19375 0.17500000000000004 0.19375000000000003 0.234375 0.2390625 0.234375
0 0.26875 0.14843750000000006 0.23125 0.14843750000000006 0.23125 0.2015625 0.26875 0.2015625
0 0.4828125 0.11875000000000005 0.4453125 0.11875000000000005 0.4453125 0.16718750000000004 0.4828125 0.16718750000000004
0 0.571875 0.13281250000000006 0.534375 0.13281250000000006 0.534375 0.18125000000000008 0.571875 0.18125000000000008
0 0.3046875 0.13750000000000004 0.26875 0.13750000000000004 0.26875 0.18281250000000004 0.3046875 0.18281250000000004
0 0.334375 0.12500000000000006 0.2984375 0.12500000000000006 0.2984375 0.17500000000000004 0.334375 0.17500000000000004
0 0.3671875 0.11718750000000004 0.328125 0.11718750000000004 0.328125 0.16250000000000003 0.3671875 0.16250000000000003
0 0.4078125 0.09218750000000005 0.36875 0.09218750000000005 0.36875 0.14062500000000006 0.4078125 0.14062500000000006
0 0.051562500000000025 0.0921875 0.01875000000000001 0.0921875 0.018750000000000017 0.184375 0.051562500000000025 0.184375
0 0.025000000000000005 1.5308084989341918e-18 0 0 5.2621542150862836e-18 0.0859375 0.025000000000000012 0.0859375
0 0.09531250000000001 0.023437500000000007 0.059375 0.023437500000000007 0.05937500000000001 0.125 0.09531250000000002 0.125
0 0.18750000000000006 0.3515625 0.14375000000000004 0.3515625 0.14375000000000004 0.415625 0.18750000000000006 0.415625
0 0.09843750000000005 0.4390625 0.059375000000000046 0.4390625 0.05937500000000005 0.496875 0.09843750000000007 0.496875
0 0.7 0.3968750000000001 0.659375 0.3968750000000001 0.659375 0.4484375 0.7 0.4484375
0 0.6625 0.403125 0.625 0.403125 0.625 0.4515625 0.6625 0.4515625
0 0.603125 0.4125 0.565625 0.4125 0.565625 0.4625 0.603125 0.4625
0 0.571875 0.425 0.534375 0.425 0.534375 0.475 0.571875 0.475
0 0.5359375 0.4421875 0.5 0.4421875 0.5 0.4890625 0.5359375 0.4890625
0 0.5015625 0.4578125 0.4609375 0.4578125 0.4609375 0.50625 0.5015625 0.50625
0 0.465625 0.475 0.43125 0.475 0.43125 0.509375 0.465625 0.509375
0 0.425 0.490625 0.3890625000000001 0.490625 0.3890625000000001 0.509375 0.425 0.509375
0 0.39531250000000007 0.4984375 0.3687500000000001 0.4984375 0.3687500000000001 0.509375 0.39531250000000007 0.509375
3 0.61875 0.1750000000000001 0.571875 0.1750000000000001 0.571875 0.2406250000000001 0.61875 0.2406250000000001
0 0.8234375 0.0250000000000001 0.7890625 0.0250000000000001 0.7890625 0.0875000000000001 0.8234375 0.0875000000000001
0 0.821875 0.3218750000000001 0.7890625 0.3218750000000001 0.7890625 0.4000000000000002 0.821875 0.4000000000000002
0 0.8515625 0.41406250000000017 0.8078125 0.41406250000000017 0.8078125 0.4812500000000002 0.8515625 0.4812500000000002
0 0.825 0.40937500000000016 0.7890625 0.40937500000000016 0.7890625 0.49531250000000016 0.825 0.49531250000000016
0 0.4343750000000002 0.825 0.3921875000000001 0.825 0.3921875000000001 0.8765625 0.4343750000000002 0.8765625
0 0.640625 0.534375 0.6046875 0.534375 0.6046875 0.6234375 0.640625 0.6234375
0 0.5 0.565625 0.459375 0.565625 0.459375 0.6140625 0.5 0.6140625
0 0.425 0.534375 0.3843750000000001 0.534375 0.3843750000000001 0.5875 0.425 0.5875
0 0.4578125 0.5203125 0.421875 0.5203125 0.421875 0.5703125 0.4578125 0.5703125
0 0.4921875 0.509375 0.4515625 0.509375 0.4515625 0.553125 0.4921875 0.553125
0 0.1437500000000001 0.6796875 0.0984375000000001 0.6796875 0.0984375000000001 0.7375 0.1437500000000001 0.7375
0 0.17343750000000008 0.6546875 0.1359375000000001 0.6546875 0.1359375000000001 0.7046875 0.17343750000000008 0.7046875
0 0.37187500000000007 0.6265625 0.3343750000000001 0.6265625 0.3343750000000001 0.675 0.37187500000000007 0.675
0 0.4671875 0.6328125 0.428125 0.6328125 0.428125 0.684375 0.4671875 0.684375
0 0.2093750000000001 0.6359375 0.17187500000000008 0.6359375 0.17187500000000008 0.6859375 0.2093750000000001 0.6859375
0 0.2390625000000001 0.621875 0.20312500000000008 0.621875 0.20312500000000008 0.675 0.2390625000000001 0.675
0 0.27031250000000007 0.615625 0.2312500000000001 0.615625 0.2312500000000001 0.6609375 0.27031250000000007 0.6609375
0 0.3109375000000001 0.5921875 0.2718750000000001 0.5921875 0.2718750000000001 0.640625 0.3109375000000001 0.640625
0 0.06250000000000011 0.88125 0.018750000000000107 0.88125 0.01875000000000011 0.9421875 0.06250000000000011 0.9421875
0 0.6031250000000001 0.8984375 0.5625000000000002 0.8984375 0.5625000000000002 0.95 0.6031250000000001 0.95
0 0.5671875000000002 0.9046875 0.5281250000000002 0.9046875 0.5281250000000002 0.953125 0.5671875000000002 0.953125
0 0.5046875000000002 0.9140625 0.46875000000000017 0.9140625 0.46875000000000017 0.959375 0.5046875000000002 0.959375
0 0.4734375000000002 0.925 0.4390625000000002 0.925 0.4390625000000002 0.9703125 0.4734375000000002 0.9703125
0 0.4390625000000002 0.940625 0.4031250000000002 0.940625 0.4031250000000002 0.9875 0.4390625000000002 0.9875
0 0.4046875000000002 0.9546875 0.36406250000000007 0.9546875 0.36406250000000007 1 0.4046875000000002 1
0 0.3703125000000001 0.971875 0.33281250000000007 0.971875 0.33281250000000007 1 0.3703125000000001 1
0 0.3312500000000001 0.9890625 0.29375000000000007 0.9890625 0.29375000000000007 1 0.3312500000000001 1
3 0.5109375 0.678125 0.4640625 0.678125 0.4640625000000001 0.74375 0.5109375000000002 0.74375
2 1 0.5281250000000002 0.94375 0.5281250000000002 0.94375 0.6234375000000002 1 0.6234375000000002
0 0.978125 0.5156250000000002 0.93125 0.5156250000000002 0.93125 0.5593750000000002 0.978125 0.5593750000000002
0 0.9265625 0.5343750000000002 0.878125 0.5343750000000002 0.878125 0.5781250000000002 0.9265625 0.5781250000000002
0 0.940625 0.5859375000000002 0.8921875 0.5859375000000002 0.8921875 0.6265625000000001 0.940625 0.6265625000000001