0 0.740625 0.5281250000000001 0.709375 0.528125 0.709375 0.58125 0.740625 0.5812500000000002
0 0.1265625000000001 0.8421875 0.11562500000000009 0.8421875 0.11562500000000012 0.9328125 0.12656250000000013 0.9328125
0 0.054687500000000035 0.2296875 0.028125000000000032 0.2296875 0.028125000000000032 0.2828125 0.05468750000000004 0.2828125
0 0.1046875 0.05781250000000001 0.0890625 0.0578125 0.08906250000000002 0.15625 0.1046875 0.15625
0 0.03750000000000006 0.4921875 0.00781250000000006 0.4921875 0.007812500000000062 0.5296875 0.03750000000000007 0.5296875
0 0.2578125000000001 0.65625 0.24218750000000008 0.65625 0.24218750000000008 0.7578125 0.2578125000000001 0.7578125
0 0.2250000000000001 0.471875 0.2093750000000001 0.471875 0.2093750000000001 0.5703125 0.2250000000000001 0.5703125
0 0.353125 0.2609375 0.321875 0.2609375 0.321875 0.30625 0.353125 0.30625
0 0.4296875 0.21875000000000008 0.4 0.21875000000000008 0.4 0.2640625000000001 0.4296875 0.2640625000000001
0 0.390625 0.2078125000000001 0.365625 0.2078125000000001 0.365625 0.2531250000000001 0.390625 0.2531250000000001
0 0.35625 0.2046875 0.3265625 0.2046875 0.3265625 0.246875 0.35625 0.246875
0 0.740625 0.2890625000000001 0.709375 0.2890625000000001 0.709375 0.3390625000000001 0.740625 0.3390625000000001
0 0.7 0.2734375000000001 0.6734375 0.2734375000000001 0.6734375 0.3187500000000001 0.7 0.3187500000000001
0 0.403125 0.2734375000000001 0.375 0.2734375000000001 0.375 0.3156250000000001 0.403125 0.3156250000000001
0 0.36875 0.31718750000000007 0.340625 0.3171875 0.340625 0.36250000000000004 0.36875 0.3625000000000001
0 0.659375 0.26250000000000007 0.634375 0.26250000000000007 0.634375 0.3046875000000001 0.659375 0.3046875000000001
0 0.628125 0.26250000000000007 0.603125 0.26250000000000007 0.603125 0.3031250000000001 0.628125 0.3031250000000001
0 0.6 0.2578125000000001 0.5703125 0.2578125000000001 0.5703125 0.2984375000000001 0.6 0.2984375000000001
0 0.5546875 0.2468750000000001 0.5234375 0.2468750000000001 0.5234375 0.2890625000000001 0.5546875 0.2890625000000001
0 0.890625 0.1609375000000001 0.878125 0.1609375000000001 0.878125 0.2484375000000001 0.890625 0.2484375000000001
0 0.8921875 0.06875000000000012 0.8796875 0.06875000000000012 0.8796875 0.14843750000000008 0.8921875 0.14843750000000008
0 0.6296875 0.3687500000000001 0.5984375 0.3687500000000001 0.5984375 0.415625 0.6296875 0.415625
0 0.7359375 0.4125000000000001 0.709375 0.4125 0.709375 0.45781250000000007 0.7359375 0.4578125000000002
0 0.840625 0.45312500000000017 0.8046875 0.45312500000000017 0.8046875 0.5125000000000002 0.840625 0.5125000000000002
0 0.9640625 0.5265625000000002 0.93125 0.5265625000000002 0.93125 0.5843750000000002 0.9640625 0.5843750000000002
0 0.8828125 0.6421875000000001 0.8546875 0.6421875000000001 0.8546875 0.7187500000000002 0.8828125 0.7187500000000002
0 0.3468750000000001 0.6125 0.3156250000000001 0.6125 0.3156250000000001 0.6546875 0.3468750000000001 0.6546875
0 0.3812500000000001 0.6109375 0.3546875000000001 0.6109375 0.3546875000000001 0.653125 0.3812500000000001 0.653125
0 0.4390625 0.60625 0.4140625 0.60625 0.4140625 0.6484375 0.4390625 0.6484375
0 0.4734375 0.6046875 0.446875 0.6046875 0.446875 0.653125 0.4734375 0.653125
0 0.5109375 0.6125 0.4859375 0.6125 0.4859375 0.6578125 0.5109375 0.6578125
0 0.553125 0.621875 0.5234375 0.621875 0.5234375 0.6671875 0.553125 0.6671875
0 0.584375 0.6296875 0.5609375 0.6296875 0.5609375 0.678125 0.584375 0.678125
0 0.628125 0.6390625 0.603125 0.6390625 0.603125 0.6796875 0.628125 0.6796875
0 0.6515625 0.6421875 0.6328125 0.6421875 0.6328125 0.6796875 0.6515625 0.6796875
0 0.6875 0.6484375 0.6578125 0.6484375 0.6578125 0.690625 0.6875 0.690625
0 0.728125 0.6562500000000001 0.6984375 0.65625 0.6984375 0.7015625000000001 0.728125 0.7015625000000002
0 0.7953125 0.6750000000000002 0.771875 0.6750000000000002 0.771875 0.7171875000000002 0.7953125 0.7171875000000002
3 0.3468750000000001 0.371875 0.3109375000000001 0.371875 0.3109375000000001 0.4296875 0.3468750000000001 0.4296875