0 0.1390625 0.1046875 0.10625 0.1046875 0.10625 0.15625 0.1390625 0.15625
0 0.134375 1.4447005208691432e-17 0.1015625 1.2437819053840305e-17 0.1015625 0.025000000000000012 0.134375 0.025000000000000012
0 0.025000000000000005 0.020312500000000004 2.487563810768061e-18 0.0203125 5.2621542150862836e-18 0.065625 0.025000000000000012 0.065625
0 0.2984375 0.2046875 0.2734375 0.2046875 0.2734375 0.246875 0.2984375 0.246875
0 0.2609375 0.2125 0.228125 0.2125 0.228125 0.2578125 0.2609375 0.2578125
0 0.2234375 0.21875 0.19687500000000005 0.21875 0.19687500000000005 0.2671875 0.2234375 0.2671875
0 0.18125000000000005 0.2234375 0.15312500000000004 0.2234375 0.15312500000000004 0.26875 0.18125000000000005 0.26875
0 0.15000000000000005 0.2296875 0.13125000000000003 0.2296875 0.13125000000000003 0.2703125 0.15000000000000005 0.2703125
0 0.12656250000000005 0.2359375 0.09531250000000002 0.2359375 0.09531250000000004 0.278125 0.12656250000000005 0.278125
0 0.08593750000000003 0.24375 0.05312500000000002 0.24375 0.05312500000000003 0.2921875 0.08593750000000004 0.2921875
0 0.010937500000000034 0.2578125 3.15729252905177e-17 0.2578125 3.4538866757202695e-17 0.30625 0.01093750000000004 0.30625
0 0.740625 0.5062500000000001 0.696875 0.50625 0.696875 0.5406250000000001 0.740625 0.5406250000000001
0 0.13437500000000008 0.8515625 0.1140625000000001 0.8515625 0.1140625000000001 0.9015625 0.13437500000000008 0.9015625
0 0.30937500000000007 0.6 0.3031250000000001 0.6 0.3031250000000001 0.65 0.30937500000000007 0.65
0 0.30937500000000007 0.65625 0.2984375000000001 0.65625 0.2984375000000001 0.6984375 0.30937500000000007 0.6984375
0 0.30937500000000007 0.71875 0.3000000000000001 0.71875 0.3000000000000001 0.75625 0.30937500000000007 0.75625
0 0.2828125000000001 0.6765625 0.2656250000000001 0.6765625 0.2656250000000001 0.7140625 0.2828125000000001 0.7140625
0 0.29375000000000007 0.7203125 0.2687500000000001 0.7203125 0.2687500000000001 0.7671875 0.29375000000000007 0.7671875
0 0.25468750000000007 0.73125 0.23437500000000008 0.73125 0.23437500000000008 0.7734375 0.25468750000000007 0.7734375
0 0.2250000000000001 0.7359375 0.2062500000000001 0.7359375 0.2062500000000001 0.7734375 0.2250000000000001 0.7734375
0 0.2562500000000001 0.66875 0.2312500000000001 0.66875 0.2312500000000001 0.715625 0.2562500000000001 0.715625
0 0.22812500000000008 0.6078125 0.20468750000000008 0.6078125 0.20468750000000008 0.6546875 0.22812500000000008 0.6546875
0 0.1703125000000001 0.621875 0.14843750000000008 0.621875 0.14843750000000008 0.6671875 0.1703125000000001 0.6671875
0 0.13437500000000008 0.6203125 0.11093750000000009 0.6203125 0.11093750000000009 0.671875 0.13437500000000008 0.671875
0 0.1062500000000001 0.63125 0.09062500000000007 0.63125 0.09062500000000008 0.66875 0.1062500000000001 0.66875
0 0.07812500000000008 0.63125 0.057812500000000065 0.63125 0.05781250000000008 0.66875 0.07812500000000008 0.66875
0 0.03593750000000008 0.634375 0.014062500000000078 0.634375 0.01406250000000008 0.6765625 0.03593750000000008 0.6765625
0 0.014062500000000075 0.5921875 7.252205263700732e-17 0.5921875 7.48182653854086e-17 0.6296875 0.014062500000000078 0.6296875
0 0.04062500000000007 0.5875 0.020312500000000074 0.5875 0.020312500000000074 0.625 0.04062500000000008 0.625
0 0.06875000000000006 0.5875 0.048437500000000064 0.5875 0.04843750000000007 0.6234375 0.06875000000000006 0.6234375
0 0.09218750000000006 0.5828125 0.07343750000000007 0.5828125 0.07343750000000007 0.6203125 0.09218750000000006 0.6203125
0 0.1140625000000001 0.5796875 0.09687500000000007 0.5796875 0.09687500000000007 0.6171875 0.1140625000000001 0.6171875
0 0.1375000000000001 0.5796875 0.1218750000000001 0.5796875 0.1218750000000001 0.6171875 0.1375000000000001 0.6171875
0 0.1625000000000001 0.575 0.1437500000000001 0.575 0.1437500000000001 0.615625 0.1625000000000001 0.615625
0 0.1828125000000001 0.5703125 0.1671875000000001 0.5703125 0.1671875000000001 0.6109375 0.1828125000000001 0.6109375
0 0.2078125000000001 0.5703125 0.18906250000000008 0.5703125 0.18906250000000008 0.60625 0.2078125000000001 0.60625
0 0.006250000000000104 0.834375 1.0218146730385728e-16 0.834375 1.0447768005225858e-16 0.871875 0.006250000000000105 0.871875
2 0.29375000000000007 0.5796875 0.23593750000000008 0.5796875 0.23593750000000008 0.6578125 0.29375000000000007 0.6578125
2 1 0.8578125 0.915625 0.8578125 0.915625 0.95625 1 0.95625
2 0.8171875 0.8625 0.7109375000000002 0.8625 0.7109375000000002 0.9453125 0.8171875 0.9453125
2 0.6578125000000001 0.55 0.621875 0.55 0.6218750000000001 0.7921875 0.6578125000000001 0.7921875
2 0.5390625000000001 0.6140625 0.5078125 0.6140625 0.5078125000000001 0.8765625 0.5390625000000002 0.8765625
0 0.6171875 0.5703125 0.6 0.5703125 0.6 0.6359375 0.6171875 0.6359375
0 0.9109375 0.8421875 0.871875 0.8421875 0.871875 0.8796875 0.9109375 0.8796875
3 0.8421875 0.7937500000000002 0.7890625000000002 0.7937500000000002 0.7890625000000002 0.8484375 0.8421875 0.8484375
0 1 0.953125 0.9796875 0.953125 0.9796875 0.9953125 1 0.9953125
0 0.9296875 0.909375 0.89375 0.909375 0.89375 0.9453125 0.9296875 0.9453125
0 0.8328125 0.8609375 0.7921875000000002 0.8609375 0.7921875000000002 0.896875 0.8328125 0.896875
0 0.6000000000000002 0.975 0.5765625000000002 0.975 0.5765625000000002 1 0.6000000000000002 1
0 0.5515625000000002 0.9 0.5312500000000002 0.9 0.5312500000000002 0.9703125 0.5515625000000002 0.9703125
0 0.3468750000000001 0.675 0.3109375000000001 0.675 0.3109375000000001 0.709375 0.3468750000000001 0.709375