0 0.1796875 0.1125 0.1453125 0.1125 0.1453125 0.1609375 0.1796875 0.1609375
0 0.41875 0.2078125000000001 0.3859375 0.2078125000000001 0.3859375 0.2515625000000001 0.41875 0.2515625000000001
0 0.38125 0.20781250000000004 0.3515625 0.2078125 0.3515625 0.2515625 0.38125 0.2515625000000001
0 0.31875 0.20625 0.2921875 0.20625 0.2921875 0.246875 0.31875 0.246875
0 0.2859375 0.2125 0.259375 0.2125 0.259375 0.253125 0.2859375 0.253125
0 0.25 0.215625 0.221875 0.215625 0.221875 0.259375 0.25 0.259375
0 0.2125 0.225 0.17968750000000006 0.225 0.17968750000000006 0.271875 0.2125 0.271875
0 0.17500000000000004 0.234375 0.14843750000000006 0.234375 0.14843750000000006 0.28125 0.17500000000000004 0.28125
0 0.13281250000000006 0.2421875 0.10468750000000004 0.2421875 0.10468750000000004 0.2890625 0.13281250000000006 0.2890625
0 0.10156250000000004 0.246875 0.08125000000000002 0.246875 0.08125000000000003 0.2890625 0.10156250000000004 0.2890625
0 0.07968750000000004 0.2578125 0.048437500000000036 0.2578125 0.048437500000000036 0.2984375 0.07968750000000005 0.2984375
0 0.039062500000000035 0.2671875 0.006250000000000033 0.2671875 0.006250000000000036 0.3140625 0.039062500000000035 0.3140625
3 0.3953125 4.63069570927593e-17 0.3609375 4.420209540672478e-17 0.3609375 0.03125000000000004 0.3953125 0.03125000000000004
0 0.90625 0.2234375000000001 0.8484375 0.2234375000000001 0.8484375 0.2765625000000001 0.90625 0.2765625000000001
0 0.971875 0.2578125000000001 0.915625 0.2578125000000001 0.915625 0.3109375000000001 0.971875 0.3109375000000001
0 0.753125 0.08906250000000009 0.6984375 0.08906250000000009 0.6984375 0.14218750000000008 0.753125 0.14218750000000008
0 0.59375 0.08750000000000006 0.53125 0.08750000000000006 0.53125 0.14375000000000007 0.59375 0.1437500000000001
0 0.8953125 0.2687500000000001 0.83125 0.2687500000000001 0.83125 0.3281250000000001 0.8953125 0.3281250000000001
0 0.3828125000000001 0.628125 0.3468750000000001 0.628125 0.3468750000000001 0.6640625 0.3828125000000001 0.6640625
0 0.30937500000000007 0.65625 0.27031250000000007 0.65625 0.27031250000000007 0.6875 0.30937500000000007 0.6875
0 0.2468750000000001 0.678125 0.2062500000000001 0.678125 0.2062500000000001 0.709375 0.2468750000000001 0.709375
0 0.2796875000000001 0.7171875 0.24218750000000008 0.7171875 0.24218750000000008 0.7484375 0.2796875000000001 0.7484375
0 0.2218750000000001 0.728125 0.1843750000000001 0.728125 0.1843750000000001 0.7578125 0.2218750000000001 0.7578125
0 0.23437500000000008 0.7703125 0.1937500000000001 0.7703125 0.1937500000000001 0.8 0.23437500000000008 0.8
0 0.2890625000000001 0.7609375 0.2531250000000001 0.7609375 0.2531250000000001 0.790625 0.2890625000000001 0.790625
0 0.17187500000000008 0.7859375 0.1312500000000001 0.7859375 0.1312500000000001 0.8140625 0.17187500000000008 0.8140625
0 0.1593750000000001 0.7390625 0.11875000000000009 0.7390625 0.11875000000000009 0.76875 0.1593750000000001 0.76875
0 0.11250000000000009 0.746875 0.07031250000000008 0.746875 0.07031250000000008 0.778125 0.11250000000000009 0.778125
3 0.026562500000000072 0.584375 7.156529732517345e-17 0.584375 7.41485366671249e-17 0.6265625 0.02656250000000008 0.6265625
0 0.32500000000000007 0.8328125 0.28593750000000007 0.8328125 0.28593750000000007 0.8625 0.32500000000000007 0.8625
0 0.4203125000000002 0.8171875 0.3781250000000001 0.8171875 0.3781250000000001 0.865625 0.4203125000000002 0.865625
0 0.7843750000000002 0.8890625 0.7718750000000002 0.8890625 0.7718750000000002 0.9703125 0.7843750000000002 0.9703125
0 0.7343750000000002 0.7703125000000001 0.7093750000000002 0.7703125 0.7093750000000002 0.8171875 0.7343750000000002 0.8171875
0 0.6390625000000002 0.8203125 0.6140625000000002 0.8203125 0.6140625000000002 0.8703125 0.6390625000000002 0.8703125
0 0.940625 0.5265625000000002 0.9171875 0.5265625000000002 0.9171875 0.5765625000000002 0.940625 0.5765625000000002
0 0.6546875000000002 0.8234375 0.6406250000000002 0.8234375 0.6406250000000002 0.8640625 0.6546875000000002 0.8640625
0 0.93125 0.5859375000000002 0.9109375 0.5859375000000002 0.9109375 0.6312500000000002 0.93125 0.6312500000000002
0 0.9390625 0.6406250000000002 0.9171875 0.6406250000000002 0.9171875 0.6875000000000002 0.9390625 0.6875000000000002
0 0.8984375 0.6031250000000001 0.8796875 0.6031250000000001 0.8796875 0.6453125000000002 0.8984375 0.6453125000000002
0 0.9109375 0.6453125000000002 0.8859375 0.6453125000000002 0.8859375 0.7015625000000002 0.9109375 0.7015625000000002
0 0.875 0.6656250000000001 0.8515625 0.6656250000000001 0.8515625 0.7078125000000002 0.875 0.7078125000000002
0 0.84375 0.6718750000000002 0.825 0.6718750000000002 0.825 0.7140625000000002 0.84375 0.7140625000000002
0 0.871875 0.6015625000000002 0.846875 0.6015625000000002 0.846875 0.6500000000000001 0.871875 0.6500000000000001
0 0.8390625 0.5406250000000001 0.815625 0.5406250000000001 0.815625 0.5968750000000002 0.8390625 0.5968750000000002
0 0.784375 0.5671875000000002 0.7609375 0.5671875000000002 0.7609375 0.6125000000000002 0.784375 0.6125000000000002
0 0.746875 0.565625 0.721875 0.565625 0.721875 0.6203125 0.746875 0.6203125000000002
0 0.7203125 0.5796875 0.703125 0.5796875 0.703125 0.621875 0.7203125 0.621875
0 0.6921875 0.5828125 0.671875 0.5828125 0.671875 0.625 0.6921875 0.625
0 0.65 0.590625 0.6265625 0.590625 0.6265625 0.6328125 0.65 0.6328125
0 0.46875000000000017 0.8921875 0.4500000000000002 0.8921875 0.4500000000000002 0.9328125 0.46875000000000017 0.9328125
0 0.44843750000000016 0.890625 0.42968750000000017 0.890625 0.42968750000000017 0.93125 0.44843750000000016 0.93125
0 0.5171875 0.565625 0.4984375 0.565625 0.4984375 0.60625 0.5171875 0.60625
0 0.534375 0.5640625 0.5171875 0.5640625 0.5171875 0.60625 0.534375 0.60625
0 0.5609375 0.5515625 0.5375 0.5515625 0.5375 0.603125 0.5609375 0.603125
0 0.5859375 0.5609375 0.5640625 0.5609375 0.5640625 0.5984375 0.5859375 0.5984375
0 0.603125 0.553125 0.5890625 0.553125 0.5890625 0.590625 0.603125 0.590625
0 0.6265625 0.5484375 0.6078125 0.5484375 0.6078125 0.5859375 0.6265625 0.5859375
0 0.653125 0.5390625 0.63125 0.5390625 0.63125 0.5859375 0.653125 0.5859375
0 0.6796875 0.5359375 0.659375 0.5359375 0.659375 0.5765625 0.6796875 0.5765625
0 0.703125 0.5328125 0.6828125 0.5328125 0.6828125 0.575 0.703125 0.575
0 0.725 0.525 0.70625 0.525 0.70625 0.5671875 0.725 0.5671875
0 0.7484375 0.5203125000000002 0.73125 0.5203125000000002 0.73125 0.5656250000000002 0.7484375 0.5656250000000002
0 0.771875 0.5187500000000002 0.753125 0.5187500000000002 0.753125 0.5593750000000002 0.771875 0.5593750000000002
0 0.79375 0.5109375000000002 0.7765625 0.5109375000000002 0.7765625 0.5562500000000001 0.79375 0.5562500000000001
0 0.815625 0.5062500000000002 0.7984375 0.5062500000000002 0.7984375 0.5484375000000001 0.815625 0.5484375000000001
0 0.825 0.7765625000000002 0.80625 0.7765625000000002 0.80625 0.81875 0.825 0.81875
2 0.9046875 0.4968750000000002 0.8453125 0.4968750000000002 0.8453125 0.5937500000000002 0.9046875 0.5937500000000002