0 0.4953125 0.5046875 0.4640625 0.5046875 0.4640625 0.55 0.4953125 0.55
0 0.1281250000000001 0.840625 0.11562500000000009 0.840625 0.11562500000000012 0.93125 0.12812500000000013 0.93125
0 0.1 0.07968750000000001 0.0859375 0.0796875 0.08593750000000001 0.171875 0.1 0.171875
0 0.03750000000000006 0.490625 0.006250000000000061 0.490625 0.006250000000000064 0.5328125 0.03750000000000007 0.5328125
0 0.21875 0.2703125 0.203125 0.2703125 0.203125 0.3578125 0.21875 0.3578125
0 0.2390625000000001 0.759375 0.2234375000000001 0.759375 0.2234375000000001 0.8453125 0.2390625000000001 0.8453125
0 0.36875 0.26875000000000004 0.3375 0.26875 0.3375 0.31093750000000003 0.36875 0.3109375000000001
0 0.4328125 0.21875000000000008 0.403125 0.21875000000000008 0.403125 0.2671875000000001 0.4328125 0.2671875000000001
0 0.39375 0.2140625000000001 0.3671875 0.2140625000000001 0.3671875 0.2593750000000001 0.39375 0.2593750000000001
0 0.359375 0.203125 0.3296875 0.203125 0.3296875 0.25 0.359375 0.25
0 0.746875 0.2921875000000001 0.7125 0.2921875000000001 0.7125 0.3421875000000001 0.746875 0.3421875000000001
0 0.703125 0.2765625000000001 0.6765625 0.2765625000000001 0.6765625 0.3218750000000001 0.703125 0.3218750000000001
0 0.5046875 0.2968750000000001 0.4765625 0.2968750000000001 0.4765625 0.3390625000000001 0.5046875 0.3390625000000001
0 0.415625 0.3265625000000001 0.3859375 0.3265625000000001 0.38593750000000004 0.37187500000000007 0.415625 0.37187500000000007
0 0.665625 0.2656250000000001 0.6375 0.2656250000000001 0.6375 0.3109375000000001 0.665625 0.3109375000000001
0 0.63125 0.2593750000000001 0.60625 0.2593750000000001 0.60625 0.3078125000000001 0.63125 0.3078125000000001
0 0.603125 0.2609375000000001 0.5734375 0.2609375000000001 0.5734375 0.30156250000000007 0.603125 0.30156250000000007
0 0.5578125 0.2484375000000001 0.5265625 0.2484375000000001 0.5265625 0.2906250000000001 0.5578125 0.2906250000000001
0 0.896875 0.1609375000000001 0.8828125 0.1609375000000001 0.8828125 0.2500000000000001 0.896875 0.2500000000000001
0 0.8984375 0.0640625000000001 0.8859375 0.0640625000000001 0.8859375 0.14843750000000008 0.8984375 0.14843750000000008
0 0.840625 0.10156250000000008 0.828125 0.10156250000000008 0.828125 0.20468750000000008 0.840625 0.20468750000000008
0 0.8734375 0.4671875000000002 0.8421875 0.4671875000000002 0.8421875 0.5218750000000002 0.8734375 0.5218750000000002
0 0.9703125 0.5312500000000002 0.9453125 0.5312500000000002 0.9453125 0.5781250000000002 0.9703125 0.5781250000000002
0 0.884375 0.6390625000000002 0.8546875 0.6390625000000002 0.8546875 0.7187500000000002 0.884375 0.7187500000000002
0 0.3500000000000001 0.615625 0.3187500000000001 0.615625 0.3187500000000001 0.6609375 0.3500000000000001 0.6609375
0 0.3843750000000001 0.6140625 0.3546875000000001 0.6140625 0.3546875000000001 0.65625 0.3843750000000001 0.65625
0 0.44375 0.6078125 0.415625 0.6078125 0.415625 0.646875 0.44375 0.646875
0 0.475 0.6109375 0.45 0.6109375 0.45 0.6515625 0.475 0.6515625
0 0.5125 0.6171875 0.4875 0.6171875 0.4875 0.659375 0.5125 0.659375
0 0.55625 0.6234375 0.525 0.6234375 0.525 0.66875 0.55625 0.66875
0 0.5890625 0.6328125 0.5625 0.6328125 0.5625 0.6796875 0.5890625 0.6796875
0 0.63125 0.6390625 0.6046875 0.6390625 0.6046875 0.684375 0.63125 0.684375
0 0.6546875 0.64375 0.6359375 0.64375 0.6359375 0.6859375 0.6546875 0.6859375
0 0.690625 0.6484375 0.65625 0.6484375 0.65625 0.690625 0.690625 0.690625
0 0.73125 0.6609375000000001 0.7015625 0.6609375 0.7015625 0.7078125000000001 0.73125 0.7078125000000002
0 0.796875 0.6703125000000002 0.7734375 0.6703125000000002 0.7734375 0.7171875000000002 0.796875 0.7171875000000002
3 0.3921875000000001 0.37968750000000007 0.3578125000000001 0.3796875 0.3578125000000001 0.4375 0.3921875000000001 0.4375