0 0.05625 4.401074434435801e-18 0.015625 1.9135106236677394e-18 0.015625000000000003 0.03906250000000001 0.05625 0.039062500000000014
0 0.14843750000000006 0.475 0.11406250000000004 0.475 0.11406250000000004 0.5296875 0.14843750000000006 0.5296875
0 0.14531250000000004 0.3609375 0.11093750000000005 0.3609375 0.11093750000000005 0.4609375 0.14531250000000004 0.4609375
0 0.328125 0.06718750000000004 0.2890625 0.06718750000000004 0.2890625 0.11718750000000004 0.328125 0.11718750000000004
0 0.4109375 0.03750000000000005 0.3734375 0.03750000000000005 0.3734375 0.09062500000000004 0.4109375 0.09062500000000004
0 0.3734375 0.026562500000000044 0.3390625 0.026562500000000044 0.3390625 0.07812500000000004 0.3734375 0.07812500000000004
0 0.340625 0.014062500000000042 0.303125 0.014062500000000039 0.303125 0.06406250000000005 0.340625 0.06406250000000005
0 0.38125 0.09062500000000004 0.3453125 0.09062500000000004 0.3453125 0.14218750000000005 0.38125 0.14218750000000005
0 0.3359375 0.12812500000000004 0.3 0.12812500000000004 0.3 0.17500000000000004 0.3359375 0.17500000000000004
0 0.559375 0.11093750000000006 0.53125 0.11093750000000005 0.53125 0.15781250000000008 0.559375 0.15781250000000008
0 0.5265625 0.09375000000000007 0.4890625 0.09375000000000007 0.4890625 0.13906250000000003 0.5265625 0.13906250000000003
0 0.25468750000000007 0.4125 0.2156250000000001 0.4125 0.2156250000000001 0.459375 0.25468750000000007 0.459375
0 0.2875000000000001 0.4171875 0.2531250000000001 0.4171875 0.2531250000000001 0.4640625 0.2875000000000001 0.4640625
0 0.34843750000000007 0.4203125 0.3140625000000001 0.4203125 0.3140625000000001 0.4703125 0.34843750000000007 0.4703125
0 0.37968750000000007 0.43125 0.3437500000000001 0.43125 0.3437500000000001 0.48125 0.37968750000000007 0.48125
0 0.4140625 0.4453125 0.3812500000000001 0.4453125 0.3812500000000001 0.4921875 0.4140625 0.4921875
0 0.4546875 0.4609375 0.4171875 0.4609375 0.4171875 0.5109375 0.4546875 0.5109375
0 0.484375 0.475 0.4515625 0.475 0.4515625 0.5265625 0.484375 0.5265625
0 0.525 0.4875 0.4921875 0.4875 0.4921875 0.5296875 0.525 0.5296875
0 0.546875 0.4984375 0.5203125 0.4984375 0.5203125 0.5296875 0.546875 0.5296875
3 0.3 0.17656250000000004 0.25625 0.17656250000000004 0.25625 0.234375 0.3 0.234375
2 0.603125 0.415625 0.559375 0.415625 0.559375 0.5296875 0.603125 0.5296875
2 0.9828125 0.40625000000000017 0.890625 0.40625000000000017 0.890625 0.45625000000000016 0.9828125 0.45625000000000016
0 0.603125 0.2250000000000001 0.5625 0.2250000000000001 0.5625 0.28593750000000007 0.603125 0.28593750000000007
0 0.671875 0.18125000000000008 0.6453125 0.18125000000000008 0.6453125 0.23437500000000008 0.671875 0.23437500000000008
0 0.68125 0.2890625000000001 0.65 0.2890625000000001 0.65 0.3500000000000001 0.68125 0.3500000000000001
0 0.6390625 0.3750000000000001 0.609375 0.3750000000000001 0.609375 0.440625 0.6390625 0.440625
0 0.6765625 0.057812500000000086 0.646875 0.057812500000000086 0.646875 0.12031250000000009 0.6765625 0.12031250000000009
0 0.7 0.1609375000000001 0.671875 0.1609375000000001 0.671875 0.22656250000000008 0.7 0.22656250000000008
0 0.725 0.1750000000000001 0.69375 0.1750000000000001 0.69375 0.2406250000000001 0.725 0.2406250000000001
0 0.846875 0.3609375000000001 0.8125 0.3609375000000001 0.8125 0.3937500000000001 0.846875 0.3937500000000001
0 0.859375 0.3281250000000001 0.821875 0.3281250000000001 0.821875 0.3578125000000001 0.859375 0.3578125000000001
0 0.8984375 0.33281250000000007 0.8609375 0.33281250000000007 0.8609375 0.3687500000000001 0.8984375 0.3687500000000001
0 0.94375 0.3421875000000001 0.90625 0.3421875000000001 0.90625 0.3703125000000001 0.94375 0.3703125000000001
0 0.9828125 0.3468750000000001 0.9421875 0.3468750000000001 0.9421875 0.3812500000000001 0.9828125 0.3812500000000001
0 0.84375 0.39531250000000007 0.80625 0.39531250000000007 0.80625 0.42968750000000017 0.84375 0.42968750000000017
0 0.884375 0.40625000000000017 0.8453125 0.40625000000000017 0.8453125 0.43750000000000017 0.884375 0.43750000000000017
0 0.8359375 0.46406250000000016 0.79375 0.46406250000000016 0.79375 0.5031250000000002 0.8359375 0.5031250000000002
0 0.971875 0.3812500000000001 0.9328125 0.3812500000000001 0.9328125 0.4109375000000002 0.971875 0.4109375000000002
0 0.928125 0.3734375000000001 0.8890625 0.3734375000000001 0.8890625 0.4046875000000002 0.928125 0.4046875000000002
0 0.890625 0.3656250000000001 0.8515625 0.3656250000000001 0.8515625 0.3984375000000001 0.890625 0.3984375000000001
0 1 0.3812500000000001 0.9734375 0.3812500000000001 0.9734375 0.4156250000000002 1 0.4156250000000002
0 1 0.4187500000000002 0.984375 0.4187500000000002 0.984375 0.4546875000000002 1 0.4546875000000002
0 0.07343750000000009 0.66875 0.04843750000000008 0.66875 0.048437500000000085 0.709375 0.07343750000000009 0.709375
0 0.3906250000000001 0.715625 0.3609375000000001 0.715625 0.3609375000000001 0.759375 0.3906250000000001 0.759375
0 0.4468750000000002 0.78125 0.41718750000000016 0.78125 0.41718750000000016 0.825 0.4468750000000002 0.825
0 0.4203125000000002 0.7828125 0.4031250000000002 0.7828125 0.4031250000000002 0.8171875 0.4203125000000002 0.8171875
0 0.3187500000000001 0.8015625 0.29375000000000007 0.8015625 0.29375000000000007 0.8421875 0.3187500000000001 0.8421875
0 0.3390625000000001 0.80625 0.3140625000000001 0.80625 0.3140625000000001 0.846875 0.3390625000000001 0.846875
0 0.3625000000000001 0.8140625 0.34062500000000007 0.8140625 0.34062500000000007 0.853125 0.3625000000000001 0.853125
0 0.39531250000000007 0.8203125 0.3671875000000001 0.8203125 0.3671875000000001 0.85625 0.39531250000000007 0.85625
0 0.4203125000000002 0.8265625 0.3937500000000001 0.8265625 0.3937500000000001 0.8671875 0.4203125000000002 0.8671875
0 0.4390625000000002 0.8359375 0.4156250000000002 0.8359375 0.4156250000000002 0.8765625 0.4390625000000002 0.8765625
0 0.5593750000000002 0.8703125 0.5390625000000002 0.8703125 0.5390625000000002 0.9125 0.5593750000000002 0.9125
0 0.559375 0.5296875 0.5515625 0.5296875 0.5515625 0.5703125 0.559375 0.5703125
0 0.5515625 0.5296875 0.528125 0.5296875 0.528125 0.559375 0.5515625 0.559375
0 0.525 0.5296875 0.4984375 0.5296875 0.4984375 0.55 0.525 0.55
0 0.2531250000000001 0.6890625 0.22812500000000008 0.6890625 0.22812500000000008 0.73125 0.2531250000000001 0.73125
0 0.9484375 0.853125 0.884375 0.853125 0.884375 0.915625 0.9484375 0.915625
0 0.834375 0.8921875 0.7703125000000002 0.8921875 0.7703125000000002 0.953125 0.834375 0.953125
0 1 0.7671875000000001 0.975 0.7671875000000001 0.975 0.8375 1 0.8375
0 0.9578125 0.6687500000000002 0.8984375 0.6687500000000002 0.8984375 0.7265625000000002 0.9578125 0.7265625000000002
0 0.8875 0.5296875000000002 0.8265625 0.5296875000000002 0.8265625 0.6046875000000002 0.8875 0.6046875000000002
0 0.825 0.5468750000000002 0.784375 0.5468750000000002 0.784375 0.5984375000000002 0.825 0.5984375000000002
0 0.7734375000000002 0.9546875 0.7031250000000002 0.9546875 0.7031250000000002 1 0.7734375000000002 1