0 0.3421875 0.209375 0.3046875 0.209375 0.3046875 0.2609375 0.3421875 0.2609375
0 0.03437500000000005 0.3453125 0.009375000000000041 0.3453125 0.009375000000000046 0.428125 0.03437500000000006 0.428125
0 0.56875 0.01875000000000007 0.55 0.018750000000000065 0.55 0.07500000000000007 0.56875 0.07500000000000007
0 0.5484375 6.515503673588654e-17 0.515625 6.31458505810354e-17 0.515625 0.04687500000000007 0.5484375 0.04687500000000007
0 0.3328125 3.8748590129271723e-17 0.3 3.6739403974420595e-17 0.3 0.03906250000000004 0.3328125 0.03906250000000004
0 0.246875 0.018750000000000027 0.2125 0.018750000000000027 0.2125 0.06406250000000002 0.246875 0.06406250000000002
0 0.509375 6.046693570790056e-17 0.478125 5.855342508423283e-17 0.478125 0.032812500000000064 0.509375 0.032812500000000064
0 0.478125 5.663991446056509e-17 0.446875 5.472640383689735e-17 0.446875 0.029687500000000054 0.478125 0.029687500000000054
0 0.4484375 5.281289321322961e-17 0.4140625 5.070803152719509e-17 0.4140625 0.020312500000000053 0.4484375 0.020312500000000056
0 0.15468750000000003 0.296875 0.11875000000000005 0.296875 0.11875000000000005 0.3453125 0.15468750000000003 0.3453125
0 0.18906250000000005 0.2984375 0.15468750000000003 0.2984375 0.15468750000000003 0.34375 0.18906250000000005 0.34375
0 0.2484375 0.3 0.215625 0.3 0.215625 0.3484375 0.2484375 0.3484375
0 0.2828125 0.3078125 0.25 0.3078125 0.25 0.35625 0.2828125 0.35625
0 0.31718750000000007 0.321875 0.2859375 0.321875 0.28593750000000007 0.3671875 0.31718750000000007 0.3671875
0 0.35937500000000006 0.3328125 0.321875 0.3328125 0.321875 0.378125 0.3593750000000001 0.378125
0 0.39062500000000006 0.3453125 0.3609375 0.3453125 0.3609375 0.39062500000000006 0.3906250000000001 0.3906250000000001
0 0.4328125 0.35625000000000007 0.4015625 0.35625000000000007 0.4015625 0.3984375000000001 0.4328125 0.3984375000000001
0 0.4546875 0.3609375000000001 0.43125 0.3609375000000001 0.43125 0.403125 0.4546875 0.403125
0 0.4890625 0.3703125000000001 0.453125 0.3703125000000001 0.453125 0.415625 0.4890625 0.415625
0 0.5265625 0.3843750000000001 0.4921875 0.3843750000000001 0.4921875 0.4359375 0.5265625 0.4359375
3 0.2140625 0.06718750000000002 0.1734375 0.06718750000000002 0.1734375 0.1296875 0.2140625 0.12968750000000004
1 0.9515625 1.0916578108024452e-16 0.83125 1.0179876517912373e-16 0.83125 0.05937500000000011 0.9515625 0.05937500000000011
0 0.984375 0.007812500000000118 0.9484375 0.007812500000000116 0.9484375 0.06093750000000011 0.984375 0.06093750000000011
0 0.9390625 0.1718750000000001 0.8953125 0.17187500000000008 0.8953125 0.23437500000000008 0.9390625 0.23437500000000008
0 0.75625 0.2250000000000001 0.71875 0.2250000000000001 0.71875 0.2750000000000001 0.75625 0.2750000000000001
0 0.6734375 0.01093750000000008 0.6328125 0.010937500000000077 0.6328125 0.07968750000000008 0.6734375 0.07968750000000009
0 0.6203125 0.05312500000000007 0.5859375 0.05312500000000007 0.5859375 0.11250000000000009 0.6203125 0.11250000000000009
0 0.3500000000000001 0.7671875 0.3265625000000001 0.7671875 0.3265625000000001 0.8296875 0.3500000000000001 0.8296875
0 0.3781250000000001 0.8015625 0.3531250000000001 0.8015625 0.3531250000000001 0.86875 0.3781250000000001 0.86875
0 0.465625 0.559375 0.4421875 0.559375 0.4421875 0.621875 0.465625 0.621875
0 0.4703125000000001 0.696875 0.446875 0.696875 0.4468750000000001 0.7625 0.4703125000000002 0.7625
0 0.5093750000000001 0.684375 0.4828125 0.684375 0.4828125000000001 0.75625 0.5093750000000001 0.75625
0 0.3968750000000001 0.8953125 0.37187500000000007 0.8953125 0.37187500000000007 0.965625 0.3968750000000001 0.965625
0 0.43750000000000017 0.9609375 0.4125000000000002 0.9609375 0.4125000000000002 1 0.43750000000000017 1
0 0.6406250000000002 0.9265625 0.6093750000000002 0.9265625 0.6093750000000002 1 0.6406250000000002 1
0 0.6359375 0.6546875 0.6078125 0.6546875 0.6078125000000001 0.7546875 0.6359375000000002 0.7546875
0 0.778125 0.5734375000000002 0.7421875 0.5734375000000002 0.7421875 0.6218750000000002 0.778125 0.6218750000000002
0 0.8578125 0.5593750000000002 0.8234375 0.5593750000000002 0.8234375 0.5890625000000002 0.8578125 0.5890625000000002
0 0.821875 0.5593750000000002 0.790625 0.5593750000000002 0.790625 0.5765625000000002 0.821875 0.5765625000000002
0 0.81875 0.5875000000000001 0.7859375 0.5875000000000001 0.7859375 0.6359375000000002 0.81875 0.6359375000000002
0 0.7828125 0.6296875000000002 0.75 0.6296875000000002 0.75 0.6781250000000002 0.7828125 0.6781250000000002
0 1 0.6000000000000002 0.9875 0.6000000000000002 0.9875 0.6437500000000002 1 0.6437500000000002
0 0.978125 0.5843750000000002 0.94375 0.5843750000000002 0.94375 0.6281250000000002 0.978125 0.6281250000000002
0 1 0.7031250000000002 0.978125 0.7031250000000002 0.978125 0.7546875000000002 1 0.7546875000000002
0 0.7281250000000001 0.9234375 0.6937500000000002 0.9234375 0.6937500000000002 0.9671875 0.7281250000000001 0.9671875
0 0.7640625000000002 0.925 0.7312500000000002 0.925 0.7312500000000002 0.9703125 0.7640625000000002 0.9703125
0 0.8234375 0.9265625 0.7921875000000002 0.9265625 0.7921875000000002 0.971875 0.8234375 0.971875
0 0.85625 0.9296875 0.8234375 0.9296875 0.8234375 0.9796875 0.85625 0.9796875
0 0.890625 0.94375 0.8625 0.94375 0.8625 0.9921875 0.890625 0.9921875
0 0.9328125 0.9578125 0.896875 0.9578125 0.896875 1 0.9328125 1
0 0.9625 0.9671875 0.93125 0.9671875 0.93125 1 0.9625 1
0 1 0.9828125 0.9765625 0.9828125 0.9765625 1 1 1
3 0.7578125000000001 0.6812500000000001 0.715625 0.68125 0.7156250000000001 0.7437500000000001 0.7578125000000002 0.7437500000000001