0 0.584375 0.5046875 0.5515625 0.5046875 0.5515625 0.5515625 0.584375 0.5515625
0 0.1281250000000001 0.8375 0.11562500000000009 0.8375 0.11562500000000012 0.9265625 0.12812500000000013 0.9265625
0 0.09687500000000002 0.1234375 0.07500000000000002 0.1234375 0.07500000000000002 0.221875 0.09687500000000002 0.221875
0 0.03593750000000006 0.490625 0.00468750000000006 0.490625 0.004687500000000062 0.5328125 0.03593750000000007 0.5328125
0 0.22656250000000008 0.484375 0.21093750000000008 0.484375 0.21093750000000008 0.565625 0.22656250000000008 0.565625
0 0.2593750000000001 0.9 0.2453125000000001 0.9 0.2453125000000001 0.9953125 0.2593750000000001 0.9953125
0 0.35625 0.2578125 0.3265625 0.2578125 0.3265625 0.2984375 0.35625 0.2984375
0 0.4328125 0.21250000000000008 0.4 0.21250000000000008 0.4 0.2593750000000001 0.4328125 0.2593750000000001
0 0.390625 0.2062500000000001 0.3671875 0.2062500000000001 0.3671875 0.2531250000000001 0.390625 0.2531250000000001
0 0.3578125 0.2 0.328125 0.2 0.328125 0.2453125 0.3578125 0.2453125
0 0.74375 0.2843750000000001 0.7109375 0.2843750000000001 0.7109375 0.3343750000000001 0.74375 0.3343750000000001
0 0.7015625 0.2687500000000001 0.675 0.2687500000000001 0.675 0.3140625000000001 0.7015625 0.3140625000000001
0 0.459375 0.27812500000000007 0.4296875 0.27812500000000007 0.4296875 0.3234375000000001 0.459375 0.3234375000000001
0 0.3921875 0.31718750000000007 0.3640625 0.31718750000000007 0.3640625 0.3593750000000001 0.3921875 0.3593750000000001
0 0.6625 0.2609375000000001 0.6359375 0.2609375000000001 0.6359375 0.3031250000000001 0.6625 0.3031250000000001
0 0.63125 0.2578125000000001 0.60625 0.2578125000000001 0.60625 0.3000000000000001 0.63125 0.3000000000000001
0 0.6 0.2562500000000001 0.571875 0.2562500000000001 0.571875 0.29375000000000007 0.6 0.29375000000000007
0 0.5546875 0.24375000000000008 0.525 0.24375000000000008 0.525 0.28593750000000007 0.5546875 0.28593750000000007
0 0.89375 0.15625000000000008 0.88125 0.15625000000000008 0.88125 0.24375000000000008 0.89375 0.24375000000000008
0 0.8953125 0.06250000000000011 0.8828125 0.06250000000000011 0.8828125 0.1437500000000001 0.8953125 0.1437500000000001
0 0.8375 0.10468750000000009 0.825 0.10468750000000009 0.825 0.2000000000000001 0.8375 0.2000000000000001
0 0.7734375 0.41406250000000017 0.740625 0.41406250000000017 0.740625 0.46875000000000017 0.7734375 0.46875000000000017
0 0.8765625 0.4750000000000002 0.85 0.4750000000000002 0.85 0.5250000000000001 0.8765625 0.5250000000000001
0 0.990625 0.5281250000000002 0.9546875 0.5281250000000002 0.9546875 0.5859375000000002 0.990625 0.5859375000000002
0 0.8828125 0.6390625000000002 0.8546875 0.6390625000000002 0.8546875 0.7140625000000002 0.8828125 0.7140625000000002
0 0.34843750000000007 0.609375 0.31718750000000007 0.609375 0.31718750000000007 0.6515625 0.34843750000000007 0.6515625
0 0.3828125000000001 0.60625 0.3546875000000001 0.60625 0.3546875000000001 0.6484375 0.3828125000000001 0.6484375
0 0.440625 0.6015625 0.415625 0.6015625 0.415625 0.6421875 0.440625 0.6421875
0 0.475 0.6078125 0.45 0.6078125 0.45 0.646875 0.475 0.646875
0 0.5125 0.6109375 0.4859375 0.6109375 0.4859375 0.653125 0.5125 0.653125
0 0.5546875 0.61875 0.5234375 0.61875 0.5234375 0.6640625 0.5546875 0.6640625
0 0.5875 0.6265625 0.5625 0.6265625 0.5625 0.671875 0.5875 0.671875
0 0.63125 0.6328125 0.6046875 0.6328125 0.6046875 0.678125 0.63125 0.678125
0 0.653125 0.6359375 0.634375 0.6359375 0.634375 0.678125 0.653125 0.678125
0 0.6875 0.6453125 0.6578125 0.6453125 0.6578125 0.684375 0.6875 0.684375
0 0.7296875 0.6546875000000001 0.6984375 0.6546875 0.6984375 0.7000000000000001 0.7296875 0.7000000000000002
0 0.7953125 0.6671875000000002 0.771875 0.6671875000000002 0.771875 0.7140625000000002 0.7953125 0.7140625000000002
3 0.36406250000000007 0.37187500000000007 0.3312500000000001 0.371875 0.3312500000000001 0.4296875 0.36406250000000007 0.4296875