0 0.14375000000000004 0.2140625 0.12031250000000004 0.2140625 0.12031250000000004 0.3109375 0.14375000000000004 0.3109375
0 0.221875 0.03281250000000002 0.19375 0.03281250000000002 0.19375 0.14531250000000004 0.221875 0.14531250000000004
0 0.3390625 0.2046875 0.3 0.2046875 0.3 0.2734375 0.3390625 0.2734375
0 0.037500000000000026 0.2203125 0.003125000000000026 0.2203125 0.0031250000000000292 0.2640625 0.03750000000000003 0.2640625
0 0.409375 4.802911665406026e-17 0.375 4.592425496802575e-17 0.375 0.02500000000000005 0.409375 0.025000000000000057
0 0.6 0.01718750000000007 0.5921875 0.01718750000000007 0.5921875 0.06406250000000006 0.6 0.06406250000000006
0 0.4984375 0.045312500000000054 0.465625 0.045312500000000054 0.465625 0.09218750000000006 0.4984375 0.09218750000000006
0 0.3609375 0.3234375 0.3265625 0.3234375 0.32656250000000003 0.3671875 0.3609375000000001 0.3671875
0 0.3953125 0.31718750000000007 0.3625 0.3171875 0.3625 0.35937500000000006 0.3953125 0.3593750000000001
0 0.453125 0.3078125000000001 0.4234375 0.3078125000000001 0.4234375 0.3515625000000001 0.453125 0.3515625000000001
0 0.4875 0.30937500000000007 0.45625 0.30937500000000007 0.45625 0.3531250000000001 0.4875 0.3531250000000001
0 0.525 0.3109375000000001 0.4953125 0.3109375000000001 0.4953125 0.3578125000000001 0.525 0.3578125000000001
0 0.5703125 0.3156250000000001 0.5328125 0.3156250000000001 0.5328125 0.3656250000000001 0.5703125 0.3656250000000001
0 0.6 0.3218750000000001 0.5703125 0.3218750000000001 0.5703125 0.37187500000000007 0.6 0.37187500000000007
3 0.5078125 0.10937500000000004 0.46875 0.10937500000000004 0.46875 0.16718750000000004 0.5078125 0.16718750000000004
0 0.6140625 7.433988772949167e-17 0.6 7.347880794884119e-17 0.6 0.03437500000000008 0.6140625 0.03437500000000008
0 0.6640625 0.07656250000000009 0.640625 0.07656250000000009 0.640625 0.12343750000000009 0.6640625 0.12343750000000009
0 0.6703125 0.22031250000000008 0.6515625 0.22031250000000008 0.6515625 0.2828125000000001 0.6703125 0.2828125000000001
0 0.7109375 0.13437500000000008 0.6921875 0.13437500000000008 0.6921875 0.1859375000000001 0.7109375 0.1859375000000001
0 0.71875 0.22656250000000008 0.7 0.22656250000000008 0.7 0.2843750000000001 0.71875 0.2843750000000001
0 0.728125 0.3031250000000001 0.7109375 0.3031250000000001 0.7109375 0.3687500000000001 0.728125 0.3687500000000001
0 0.740625 0.3906250000000001 0.715625 0.3906250000000001 0.715625 0.4390625000000001 0.740625 0.4390625000000002
0 0.7625 9.146580781131793e-17 0.73125 8.955229718765019e-17 0.73125 0.02656250000000009 0.7625 0.02656250000000009
0 0.24375000000000008 0.4390625 0.2218750000000001 0.4390625 0.2218750000000001 0.4859375 0.24375000000000008 0.4859375
0 0.2234375000000001 0.4921875 0.2015625000000001 0.4921875 0.2015625000000001 0.553125 0.2234375000000001 0.553125
0 0.2593750000000001 0.615625 0.2406250000000001 0.615625 0.2406250000000001 0.68125 0.2593750000000001 0.68125
0 0.24218750000000008 0.6546875 0.22031250000000008 0.6546875 0.22031250000000008 0.7203125 0.24218750000000008 0.7203125
0 0.3359375000000001 0.7078125 0.3140625000000001 0.7078125 0.3140625000000001 0.7734375 0.3359375000000001 0.7734375
0 0.3968750000000001 0.6953125 0.3593750000000001 0.6953125 0.3593750000000001 0.7484375 0.3968750000000001 0.7484375
0 0.45625000000000016 0.7421875 0.41406250000000017 0.7421875 0.41406250000000017 0.78125 0.45625000000000016 0.78125
0 0.5656250000000002 0.8125 0.5265625000000002 0.8125 0.5265625000000002 0.846875 0.5656250000000002 0.846875
0 0.5609375000000002 0.8578125 0.5234375000000002 0.8578125 0.5234375000000002 0.8890625 0.5609375000000002 0.8890625
0 0.2734375000000001 0.9765625 0.2500000000000001 0.9765625 0.2500000000000001 1 0.2734375000000001 1
0 0.2906250000000001 0.9234375 0.27031250000000007 0.9234375 0.27031250000000007 0.9859375 0.2906250000000001 0.9859375
0 0.3359375000000001 0.921875 0.3140625000000001 0.921875 0.3140625000000001 0.990625 0.3359375000000001 0.990625
0 0.10937500000000014 0.9734375 0.06718750000000011 0.9734375 0.06718750000000012 1 0.10937500000000014 1
0 0.1468750000000001 0.828125 0.10937500000000008 0.828125 0.10937500000000008 0.8796875 0.1468750000000001 0.8796875
0 0.7281250000000001 0.821875 0.7078125000000002 0.821875 0.7078125000000002 0.865625 0.7281250000000001 0.865625
0 0.7500000000000002 0.8203125 0.7296875000000002 0.8203125 0.7296875000000002 0.865625 0.7500000000000002 0.865625
0 0.7750000000000001 0.825 0.7546875000000002 0.825 0.7546875000000002 0.865625 0.7750000000000001 0.865625
0 0.8078125 0.821875 0.7828125000000001 0.821875 0.7828125000000001 0.865625 0.8078125 0.865625
0 0.8328125 0.828125 0.809375 0.828125 0.809375 0.86875 0.8328125 0.86875
0 0.8546875 0.83125 0.834375 0.83125 0.834375 0.871875 0.8546875 0.871875
0 1 0.5250000000000001 0.9890625 0.5250000000000001 0.9890625 0.5687500000000002 1 0.5687500000000002
0 0.990625 0.5234375000000002 0.9671875 0.5234375000000002 0.9671875 0.5687500000000002 0.990625 0.5687500000000002
0 0.9625 0.5234375000000002 0.940625 0.5234375000000002 0.940625 0.5640625000000001 0.9625 0.5640625000000001
0 0.9359375 0.5171875000000001 0.9171875 0.5171875000000001 0.9171875 0.5625000000000002 0.9359375 0.5625000000000002
0 0.9140625 0.5078125000000002 0.8890625 0.5078125000000002 0.8890625 0.5625000000000002 0.9140625 0.5625000000000002
0 0.8828125 0.5140625000000002 0.8625 0.5140625000000002 0.8625 0.5593750000000002 0.8828125 0.5593750000000002
0 0.8546875 0.5125000000000002 0.8328125 0.5125000000000002 0.8328125 0.5562500000000001 0.8546875 0.5562500000000001
0 0.7890625 0.5062500000000002 0.7671875 0.5062500000000002 0.7671875 0.5515625000000002 0.7890625 0.5515625000000002
0 0.6484375 0.5109375 0.6265625 0.5109375 0.6265625 0.5515625 0.6484375 0.5515625
0 0.6265625 0.5109375 0.6078125 0.5109375 0.6078125 0.5515625 0.6265625 0.5515625
0 0.60625 0.4984375 0.6 0.4984375 0.6 0.553125 0.60625 0.553125