0 0.3125 0.240625 0.271875 0.240625 0.271875 0.296875 0.3125 0.296875
0 0.3390625 0.228125 0.315625 0.228125 0.315625 0.2796875 0.3390625 0.2796875
0 0.1703125 0.08593750000000003 0.1421875 0.08593750000000003 0.1421875 0.1734375 0.1703125 0.1734375
0 0.1859375 2.1048616860345134e-17 0.1578125 1.932645729904417e-17 0.1578125 0.07500000000000002 0.1859375 0.07500000000000002
0 0.234375 0.04843750000000003 0.2046875 0.04843750000000002 0.2046875 0.14218750000000005 0.234375 0.14218750000000005
0 0.290625 0.35625 0.2484375 0.35625 0.24843750000000003 0.4171875 0.2906250000000001 0.4171875
0 0.17187500000000006 0.3921875 0.13593750000000004 0.3921875 0.13593750000000004 0.446875 0.17187500000000006 0.446875
0 0.06250000000000006 0.4203125 0.01562500000000005 0.4203125 0.015625000000000056 0.484375 0.06250000000000007 0.484375
0 0.7015625 0.4734375 0.6703125 0.4734375 0.6703125 0.5296875 0.7015625 0.5296875
0 0.5375 0.39531250000000007 0.50625 0.39531250000000007 0.50625 0.44375 0.5375 0.44375
0 0.4390625 0.43125 0.409375 0.43125 0.409375 0.4765625 0.4390625 0.4765625
0 0.925 0.2296875000000001 0.8953125 0.2296875000000001 0.8953125 0.2796875000000001 0.925 0.2796875000000001
0 0.453125 0.440625 0.434375 0.440625 0.434375 0.478125 0.453125 0.478125
0 0.9046875 0.2843750000000001 0.8765625 0.2843750000000001 0.8765625 0.3343750000000001 0.9046875 0.3343750000000001
0 0.896875 0.3421875000000001 0.8703125 0.3421875000000001 0.8703125 0.38750000000000007 0.896875 0.38750000000000007
0 0.86875 0.29375000000000007 0.84375 0.29375000000000007 0.84375 0.3359375000000001 0.86875 0.3359375000000001
0 0.8703125 0.3375000000000001 0.8390625 0.3375000000000001 0.8390625 0.3906250000000001 0.8703125 0.3906250000000001
0 0.83125 0.34843750000000007 0.803125 0.34843750000000007 0.803125 0.3921875000000001 0.83125 0.3921875000000001
0 0.8 0.3453125000000001 0.775 0.3453125000000001 0.775 0.38750000000000007 0.8 0.38750000000000007
0 0.840625 0.2843750000000001 0.809375 0.2843750000000001 0.809375 0.3343750000000001 0.840625 0.3343750000000001
0 0.825 0.21875000000000008 0.79375 0.21875000000000008 0.79375 0.2734375000000001 0.825 0.2734375000000001
0 0.7640625 0.22812500000000008 0.7359375 0.22812500000000008 0.7359375 0.2734375000000001 0.7640625 0.2734375000000001
0 0.7296875 0.2171875000000001 0.6984375 0.2171875000000001 0.6984375 0.27031250000000007 0.7296875 0.27031250000000007
0 0.7 0.22656250000000008 0.6765625 0.22656250000000008 0.6765625 0.2687500000000001 0.7 0.2687500000000001
0 0.6734375 0.2218750000000001 0.6453125 0.2218750000000001 0.6453125 0.2656250000000001 0.6734375 0.2656250000000001
0 0.63125 0.2171875000000001 0.6015625 0.2171875000000001 0.6015625 0.26250000000000007 0.63125 0.26250000000000007
0 0.3859375000000001 0.471875 0.3593750000000001 0.471875 0.3593750000000001 0.5171875 0.3859375000000001 0.5171875
0 0.3656250000000001 0.471875 0.34062500000000007 0.471875 0.34062500000000007 0.5125 0.3656250000000001 0.5125
0 0.3671875 0.14218750000000005 0.3421875 0.14218750000000005 0.3421875 0.18281250000000004 0.3671875 0.18281250000000004
0 0.50625 0.16250000000000003 0.48125 0.16250000000000003 0.48125 0.20312500000000008 0.50625 0.20312500000000008
0 0.5234375 0.16875000000000004 0.5015625 0.16875000000000004 0.5015625 0.2078125000000001 0.5234375 0.2078125000000001
0 0.5515625 0.16093750000000007 0.521875 0.16093750000000004 0.521875 0.2093750000000001 0.5515625 0.2093750000000001
0 0.575 0.17187500000000008 0.5484375 0.17187500000000008 0.5484375 0.21250000000000008 0.575 0.21250000000000008
0 0.59375 0.17187500000000008 0.5734375 0.17187500000000008 0.5734375 0.21093750000000008 0.59375 0.21093750000000008
0 0.6171875 0.17187500000000008 0.59375 0.17187500000000008 0.59375 0.21250000000000008 0.6171875 0.21250000000000008
0 0.64375 0.1703125000000001 0.615625 0.1703125000000001 0.615625 0.2156250000000001 0.64375 0.2156250000000001
0 0.6703125 0.1750000000000001 0.64375 0.1750000000000001 0.64375 0.2156250000000001 0.6703125 0.2156250000000001
0 0.6953125 0.1750000000000001 0.6703125 0.1750000000000001 0.6703125 0.2156250000000001 0.6953125 0.2156250000000001
0 0.7171875 0.17343750000000008 0.6921875 0.17343750000000008 0.6921875 0.21875000000000008 0.7171875 0.21875000000000008
0 0.740625 0.1765625000000001 0.7171875 0.1765625000000001 0.7171875 0.22031250000000008 0.740625 0.22031250000000008
0 0.765625 0.1781250000000001 0.740625 0.1781250000000001 0.740625 0.22031250000000008 0.765625 0.22031250000000008
0 0.7875 0.1750000000000001 0.7640625 0.1750000000000001 0.7640625 0.21875000000000008 0.7875 0.21875000000000008
0 0.8109375 0.17968750000000008 0.7859375 0.17968750000000008 0.7859375 0.2218750000000001 0.8109375 0.2218750000000001
0 0.6453125 0.421875 0.6203125 0.421875 0.6203125 0.4640625 0.6453125 0.4640625
2 0.896875 0.1906250000000001 0.825 0.1906250000000001 0.825 0.28593750000000007 0.896875 0.28593750000000007
0 0.3390625000000001 0.8328125 0.3234375000000001 0.8328125 0.3234375000000001 0.8953125 0.3390625000000001 0.8953125
0 0.12031250000000007 0.5375 0.05937500000000007 0.5375 0.05937500000000007 0.5984375 0.12031250000000009 0.5984375
0 0.2593750000000001 0.7734375 0.1906250000000001 0.7734375 0.1906250000000001 0.8375 0.2593750000000001 0.8375
2 0.5515625000000002 0.85 0.4390625000000002 0.85 0.4390625000000002 1 0.5515625000000002 1
0 0.4937500000000001 0.725 0.4484375 0.725 0.4484375000000001 0.765625 0.4937500000000002 0.765625
0 0.3750000000000001 0.759375 0.3390625000000001 0.759375 0.3390625000000001 0.8046875 0.3750000000000001 0.8046875
0 0.665625 0.5828125 0.6203125 0.5828125 0.6203125 0.6578125 0.665625 0.6578125
0 0.853125 0.7875000000000002 0.803125 0.7875000000000002 0.803125 0.8296875 0.853125 0.8296875
0 0.44843750000000016 0.85625 0.4000000000000002 0.85625 0.4000000000000002 0.921875 0.44843750000000016 0.921875
0 0.7546875000000002 0.9578125 0.7046875000000001 0.9578125 0.7046875000000001 0.996875 0.7546875000000002 0.996875