0 0.3421875 0.08906250000000004 0.3078125 0.08906250000000004 0.3078125 0.13593750000000004 0.3421875 0.13593750000000004
0 0.06875000000000005 0.328125 0.04843750000000004 0.328125 0.04843750000000005 0.4140625 0.06875000000000005 0.4140625
0 0.18906250000000005 0.19062500000000002 0.15468750000000003 0.190625 0.15468750000000003 0.2375 0.18906250000000005 0.2375
0 0.2234375 0.19218750000000004 0.19062500000000004 0.19218750000000004 0.19062500000000004 0.2359375 0.2234375 0.2359375
0 0.2828125 0.18906250000000005 0.253125 0.18906250000000005 0.253125 0.23125 0.2828125 0.23125
0 0.3140625 0.19531250000000006 0.2859375 0.19531250000000006 0.2859375 0.2375 0.3140625 0.2375
0 0.3515625 0.2046875 0.3234375 0.2046875 0.3234375 0.2484375 0.3515625 0.2484375
0 0.39375 0.21250000000000005 0.359375 0.2125 0.359375 0.259375 0.39375 0.2593750000000001
0 0.4265625 0.2234375000000001 0.396875 0.2234375000000001 0.396875 0.2734375000000001 0.4265625 0.2734375000000001
0 0.46875 0.23437500000000008 0.4390625 0.23437500000000008 0.4390625 0.2812500000000001 0.46875 0.2812500000000001
0 0.490625 0.2406250000000001 0.46875 0.2406250000000001 0.46875 0.2843750000000001 0.490625 0.2843750000000001
0 0.5265625 0.2468750000000001 0.490625 0.2468750000000001 0.490625 0.2906250000000001 0.5265625 0.2906250000000001
3 0.246875 2.784157957436561e-17 0.2078125 2.5449691294780934e-17 0.2078125 0.01718750000000003 0.246875 0.01718750000000003
2 0.4531250000000001 0.6546875 0.2828125000000001 0.6546875 0.2828125000000001 0.7578125 0.45312500000000017 0.7578125
0 0.09687500000000007 0.559375 0.05156250000000007 0.559375 0.05156250000000007 0.56875 0.09687500000000007 0.56875
0 0.5171875 0.6328125 0.4796875 0.6328125 0.4796875 0.709375 0.5171875 0.709375
2 0.609375 0.61875 0.5390625 0.61875 0.5390625 0.6828125 0.609375 0.6828125
3 0.684375 0.559375 0.64375 0.559375 0.64375 0.5859375 0.684375 0.5859375
0 0.8078125 0.5593750000000002 0.771875 0.5593750000000002 0.771875 0.6281250000000002 0.8078125 0.6281250000000002
0 0.6468750000000002 0.7328125 0.6046875000000002 0.7328125 0.6046875000000002 0.7671875 0.6468750000000002 0.7671875
0 0.6750000000000002 0.8140625 0.6359375000000002 0.8140625 0.6359375000000002 0.85 0.6750000000000002 0.85
0 0.7750000000000001 0.828125 0.7343750000000002 0.828125 0.7343750000000002 0.8625 0.7750000000000001 0.8625
3 0.828125 0.9578125 0.7875000000000002 0.9578125 0.7875000000000002 1 0.828125 1
0 0.9359375 0.8609375 0.896875 0.8609375 0.896875 0.89375 0.9359375 0.89375
0 0.8515625 0.871875 0.809375 0.871875 0.809375 0.90625 0.8515625 0.90625
0 0.9578125 0.7984375000000001 0.9140625 0.7984375000000001 0.9140625 0.83125 0.9578125 0.83125
3 1 0.8 0.9671875 0.8 0.9671875 0.8375 1 0.8375
0 0.8453125 0.7468750000000002 0.8015625 0.7468750000000002 0.8015625 0.7812500000000002 0.8453125 0.7812500000000002