0 0.709375 0.5203125 0.6765625 0.5203125 0.6765625 0.5703125 0.709375 0.5703125
0 0.1265625000000001 0.8375 0.11562500000000009 0.8375 0.11562500000000012 0.9265625 0.12656250000000013 0.9265625
0 0.06875000000000003 0.209375 0.04062500000000002 0.209375 0.04062500000000003 0.278125 0.06875000000000005 0.278125
0 0.10625 0.02031250000000001 0.0921875 0.02031250000000001 0.0921875 0.1203125 0.10625 0.1203125
0 0.03593750000000006 0.4890625 0.00781250000000006 0.4890625 0.007812500000000062 0.5265625 0.03593750000000007 0.5265625
0 0.209375 0.06562500000000002 0.19375 0.06562500000000002 0.19375 0.15468750000000003 0.209375 0.15468750000000003
0 0.25468750000000007 0.6875 0.2406250000000001 0.6875 0.2406250000000001 0.790625 0.25468750000000007 0.790625
0 0.2296875000000001 0.5765625 0.2140625000000001 0.5765625 0.2140625000000001 0.675 0.2296875000000001 0.675
0 0.353125 0.25625 0.321875 0.25625 0.321875 0.3015625 0.353125 0.3015625
0 0.4296875 0.21093750000000008 0.4 0.21093750000000008 0.4 0.2578125000000001 0.4296875 0.2578125000000001
0 0.390625 0.2062500000000001 0.3640625 0.2062500000000001 0.3640625 0.2531250000000001 0.390625 0.2531250000000001
0 0.3546875 0.2 0.3265625 0.2 0.3265625 0.2453125 0.3546875 0.2453125
0 0.7421875 0.2828125000000001 0.709375 0.2828125000000001 0.709375 0.3359375000000001 0.7421875 0.3359375000000001
0 0.7 0.2671875000000001 0.6734375 0.2671875000000001 0.6734375 0.3156250000000001 0.7 0.3156250000000001
0 0.409375 0.2671875000000001 0.3828125 0.2671875000000001 0.3828125 0.3156250000000001 0.409375 0.3156250000000001
0 0.371875 0.3140625 0.34375 0.3140625 0.34375 0.35625000000000007 0.371875 0.35625000000000007
0 0.659375 0.2593750000000001 0.6328125 0.2593750000000001 0.6328125 0.30156250000000007 0.659375 0.30156250000000007
0 0.628125 0.2562500000000001 0.603125 0.2562500000000001 0.603125 0.2984375000000001 0.628125 0.2984375000000001
0 0.6 0.2531250000000001 0.56875 0.2531250000000001 0.56875 0.2953125000000001 0.6 0.2953125000000001
0 0.553125 0.24375000000000008 0.5234375 0.24375000000000008 0.5234375 0.2843750000000001 0.553125 0.2843750000000001
0 0.890625 0.15625000000000008 0.8765625 0.15625000000000008 0.8765625 0.24375000000000008 0.890625 0.24375000000000008
0 0.8921875 0.06562500000000011 0.8796875 0.06562500000000011 0.8796875 0.14218750000000008 0.8921875 0.14218750000000008
0 0.65625 0.3703125000000001 0.6234375 0.3703125000000001 0.6234375 0.4203125 0.65625 0.4203125
0 0.7609375 0.41718750000000016 0.734375 0.41718750000000016 0.734375 0.4656250000000002 0.7609375 0.4656250000000002
0 0.86875 0.46093750000000017 0.8328125 0.46093750000000017 0.8328125 0.5203125000000002 0.86875 0.5203125000000002
0 0.9984375 0.5390625000000002 0.9640625 0.5390625000000002 0.9640625 0.5968750000000002 0.9984375 0.5968750000000002
0 0.88125 0.6375000000000002 0.853125 0.6375000000000002 0.853125 0.7140625000000002 0.88125 0.7140625000000002
0 0.3468750000000001 0.6078125 0.3156250000000001 0.6078125 0.3156250000000001 0.65 0.3468750000000001 0.65
0 0.3812500000000001 0.60625 0.3531250000000001 0.60625 0.3531250000000001 0.6484375 0.3812500000000001 0.6484375
0 0.440625 0.5984375 0.4140625 0.5984375 0.4140625 0.64375 0.440625 0.64375
0 0.4734375 0.603125 0.446875 0.603125 0.446875 0.6484375 0.4734375 0.6484375
0 0.5109375 0.6109375 0.4859375 0.6109375 0.4859375 0.653125 0.5109375 0.653125
0 0.553125 0.61875 0.5234375 0.61875 0.5234375 0.6640625 0.553125 0.6640625
0 0.584375 0.625 0.5609375 0.625 0.5609375 0.671875 0.584375 0.671875
0 0.628125 0.63125 0.603125 0.63125 0.603125 0.6734375 0.628125 0.6734375
0 0.6515625 0.6359375 0.6328125 0.6359375 0.6328125 0.678125 0.6515625 0.678125
0 0.6875 0.6453125 0.65625 0.6453125 0.65625 0.6875 0.6875 0.6875
0 0.728125 0.6531250000000001 0.696875 0.653125 0.696875 0.7000000000000001 0.728125 0.7000000000000002
0 0.7953125 0.6671875000000002 0.7703125 0.6671875000000002 0.7703125 0.7140625000000002 0.7953125 0.7140625000000002
3 0.3468750000000001 0.36875 0.3125000000000001 0.36875 0.3125000000000001 0.421875 0.3468750000000001 0.421875