0 0.14218750000000005 0.2625 0.12500000000000006 0.2625 0.12500000000000006 0.365625 0.14218750000000005 0.365625
0 0.2468750000000001 0.6390625 0.2296875000000001 0.6390625 0.2296875000000001 0.7453125 0.2468750000000001 0.7453125
0 0.30156250000000007 0.53125 0.27031250000000007 0.53125 0.27031250000000007 0.6328125 0.30156250000000007 0.6328125
0 0.13906250000000012 0.834375 0.12343750000000009 0.834375 0.12343750000000012 0.9265625 0.13906250000000014 0.9265625
0 0.04375000000000006 0.484375 0.012500000000000061 0.484375 0.012500000000000063 0.5234375 0.04375000000000007 0.5234375
0 0.4703125 0.2750000000000001 0.4375 0.2750000000000001 0.4375 0.32500000000000007 0.4703125 0.32500000000000007
0 0.4453125 0.21875000000000008 0.415625 0.21875000000000008 0.415625 0.2609375000000001 0.4453125 0.2609375000000001
0 0.4078125 0.2093750000000001 0.38125 0.2093750000000001 0.38125 0.2500000000000001 0.4078125 0.2500000000000001
0 0.371875 0.20000000000000004 0.3421875 0.2 0.3421875 0.24843750000000003 0.371875 0.2484375000000001
0 0.7609375 0.2875000000000001 0.7265625 0.2875000000000001 0.7265625 0.34062500000000007 0.7609375 0.34062500000000007
0 0.7171875 0.2718750000000001 0.690625 0.2718750000000001 0.690625 0.31718750000000007 0.7171875 0.31718750000000007
0 0.7140625 0.3453125000000001 0.684375 0.3453125000000001 0.684375 0.3968750000000001 0.7140625 0.3968750000000001
0 0.571875 0.3546875000000001 0.540625 0.3546875000000001 0.540625 0.4 0.571875 0.4
0 0.678125 0.2640625000000001 0.65 0.2640625000000001 0.65 0.3062500000000001 0.678125 0.3062500000000001
0 0.64375 0.2609375000000001 0.61875 0.2609375000000001 0.61875 0.30156250000000007 0.64375 0.30156250000000007
0 0.615625 0.2562500000000001 0.5859375 0.2562500000000001 0.5859375 0.2984375000000001 0.615625 0.2984375000000001
0 0.56875 0.2453125000000001 0.5390625 0.2453125000000001 0.5390625 0.2875000000000001 0.56875 0.2875000000000001
0 0.8546875 0.10937500000000008 0.840625 0.10937500000000008 0.840625 0.20468750000000008 0.8546875 0.20468750000000008
0 0.85625 0.004687500000000105 0.8453125 0.004687500000000104 0.8453125 0.07343750000000011 0.85625 0.07343750000000011
0 0.8375 0.6046875000000002 0.80625 0.6046875000000002 0.80625 0.6500000000000001 0.8375 0.6500000000000001
0 0.3609375000000001 0.6125 0.3281250000000001 0.6125 0.3281250000000001 0.653125 0.3609375000000001 0.653125
0 0.39531250000000007 0.609375 0.36406250000000007 0.609375 0.36406250000000007 0.65 0.39531250000000007 0.65
0 0.4546875 0.60625 0.4265625 0.60625 0.4265625 0.640625 0.4546875 0.640625
0 0.4890625 0.6078125 0.4609375 0.6078125 0.4609375 0.646875 0.4890625 0.646875
0 0.525 0.6140625 0.496875 0.6140625 0.496875 0.65625 0.525 0.65625
0 0.56875 0.6234375 0.5359375 0.6234375 0.5359375 0.66875 0.56875 0.66875
0 0.6 0.6296875 0.571875 0.6296875 0.571875 0.675 0.6 0.675
0 0.6421875 0.6390625 0.615625 0.6390625 0.615625 0.6796875 0.6421875 0.6796875
0 0.665625 0.6359375 0.646875 0.6359375 0.646875 0.6828125 0.665625 0.6828125
0 0.7015625 0.6484375 0.6671875 0.6484375 0.6671875 0.690625 0.7015625 0.690625
0 0.74375 0.6578125000000001 0.7125 0.6578125 0.7125 0.7000000000000001 0.74375 0.7000000000000002
0 0.809375 0.6750000000000002 0.784375 0.6750000000000002 0.784375 0.7171875000000002 0.809375 0.7171875000000002
0 0.03125000000000005 0.40625 4.975127621536122e-17 0.40625 5.281289321322961e-17 0.45625 0.031250000000000056 0.45625
3 0.596875 0.4265625 0.5609375 0.4265625 0.5609375 0.4859375 0.596875 0.4859375