0 0.29375000000000007 0.4078125 0.2500000000000001 0.4078125 0.2500000000000001 0.4671875 0.29375000000000007 0.4671875
0 0.2390625 0.17500000000000004 0.196875 0.17500000000000004 0.19687500000000002 0.23125 0.2390625 0.23125
0 0.19375000000000003 0.16875 0.1578125 0.16875 0.15781250000000002 0.21875 0.19375000000000003 0.21875
0 0.153125 0.1671875 0.11875 0.1671875 0.11875000000000002 0.2140625 0.15312500000000004 0.2140625
0 0.12187500000000002 0.175 0.08750000000000002 0.175 0.08750000000000002 0.2203125 0.12187500000000004 0.2203125
0 0.09218750000000002 0.1765625 0.05468750000000002 0.1765625 0.05468750000000002 0.221875 0.09218750000000002 0.221875
0 0.04687500000000002 0.175 0.007812500000000023 0.175 0.007812500000000024 0.2234375 0.04687500000000002 0.2234375
0 0.3640625 0.01562500000000004 0.3328125 0.015625000000000038 0.3328125 0.10312500000000005 0.3640625 0.10312500000000005
0 0.14843750000000006 0.278125 0.10781250000000005 0.278125 0.10781250000000005 0.33125 0.14843750000000006 0.33125
0 0.2609375 0.296875 0.225 0.296875 0.225 0.346875 0.2609375 0.346875
0 0.37500000000000006 0.31250000000000006 0.328125 0.3125 0.32812500000000006 0.37812500000000004 0.3750000000000001 0.3781250000000001
0 0.509375 0.3546875000000001 0.465625 0.3546875000000001 0.465625 0.41875 0.509375 0.41875
0 0.4625 0.4859375 0.4171875 0.4859375 0.4171875 0.51875 0.4625 0.51875
0 0.9703125 0.4750000000000002 0.9390625 0.4750000000000002 0.9390625 0.5187500000000002 0.9703125 0.5187500000000002
0 0.51875 0.3515625000000001 0.509375 0.3515625000000001 0.509375 0.39531250000000007 0.51875 0.39531250000000007
0 0.725 8.658635572096521e-17 0.6890625 8.438581850374731e-17 0.6890625 0.07812500000000008 0.725 0.07812500000000008
0 0.9953125 0.2406250000000001 0.96875 0.2406250000000001 0.96875 0.2796875000000001 0.9953125 0.2796875000000001
0 0.971875 0.24218750000000008 0.9453125 0.24218750000000008 0.9453125 0.2812500000000001 0.971875 0.2812500000000001
0 0.946875 0.2453125000000001 0.9203125 0.2453125000000001 0.9203125 0.2843750000000001 0.946875 0.2843750000000001
0 0.9203125 0.2468750000000001 0.8953125 0.2468750000000001 0.8953125 0.2875000000000001 0.9203125 0.2875000000000001
0 0.9 0.2500000000000001 0.8703125 0.2500000000000001 0.8703125 0.29375000000000007 0.9 0.29375000000000007
0 0.86875 0.2593750000000001 0.8453125 0.2593750000000001 0.8453125 0.2968750000000001 0.86875 0.2968750000000001
0 0.8421875 0.2578125000000001 0.8140625 0.2578125000000001 0.8140625 0.30156250000000007 0.8421875 0.30156250000000007
0 0.775 0.2734375000000001 0.75 0.2734375000000001 0.75 0.3125000000000001 0.775 0.3125000000000001
0 0.6359375 0.2906250000000001 0.6109375 0.2906250000000001 0.6109375 0.3265625000000001 0.6359375 0.3265625000000001
0 0.615625 0.2921875000000001 0.590625 0.2921875000000001 0.590625 0.33281250000000007 0.615625 0.33281250000000007
0 0.5953125 0.29375000000000007 0.565625 0.29375000000000007 0.565625 0.3375000000000001 0.5953125 0.3375000000000001
0 0.5703125 0.3000000000000001 0.5421875 0.3000000000000001 0.5421875 0.34062500000000007 0.5703125 0.34062500000000007
0 0.5453125 0.3062500000000001 0.525 0.3062500000000001 0.525 0.34062500000000007 0.5453125 0.34062500000000007
0 0.5234375 0.3078125000000001 0.509375 0.3078125000000001 0.509375 0.3437500000000001 0.5234375 0.3437500000000001
0 0.7984375 0.5046875000000002 0.771875 0.5046875000000002 0.771875 0.5187500000000002 0.7984375 0.5187500000000002
0 0.29375000000000007 0.553125 0.2484375000000001 0.553125 0.2484375000000001 0.6125 0.29375000000000007 0.6125
0 0.2468750000000001 0.5484375 0.2093750000000001 0.5484375 0.2093750000000001 0.5984375 0.2468750000000001 0.5984375
0 0.2609375000000001 0.6203125 0.22031250000000008 0.6203125 0.22031250000000008 0.6765625 0.2609375000000001 0.6765625
0 0.12343750000000009 0.6609375 0.0828125000000001 0.6609375 0.0828125000000001 0.7125 0.12343750000000009 0.7125
0 0.2062500000000001 0.55 0.1687500000000001 0.55 0.1687500000000001 0.596875 0.2062500000000001 0.596875
0 0.1703125000000001 0.5546875 0.1375000000000001 0.5546875 0.1375000000000001 0.5984375 0.1703125000000001 0.5984375
0 0.14218750000000008 0.55625 0.10312500000000009 0.55625 0.10312500000000009 0.6046875 0.14218750000000008 0.6046875
0 0.09375000000000007 0.5546875 0.056250000000000064 0.5546875 0.056250000000000064 0.6015625 0.09375000000000007 0.6015625
0 0.43750000000000017 0.8453125 0.3968750000000001 0.8453125 0.3968750000000001 0.896875 0.43750000000000017 0.896875
0 0.06250000000000011 0.9328125 0.02812500000000011 0.9328125 0.028125000000000115 0.971875 0.06250000000000011 0.971875
0 0.09687500000000011 0.9265625 0.06093750000000011 0.9265625 0.06093750000000011 0.971875 0.09687500000000011 0.971875
0 0.13593750000000013 0.925 0.09843750000000011 0.925 0.09843750000000011 0.971875 0.13593750000000013 0.971875
0 0.17968750000000014 0.9234375 0.13750000000000012 0.9234375 0.13750000000000012 0.975 0.17968750000000014 0.975
0 0.21250000000000008 0.921875 0.17500000000000013 0.921875 0.17500000000000013 0.971875 0.21250000000000008 0.971875
0 0.25468750000000007 0.9234375 0.21875000000000008 0.9234375 0.21875000000000008 0.96875 0.25468750000000007 0.96875
0 0.27812500000000007 0.9140625 0.2484375000000001 0.9140625 0.2484375000000001 0.965625 0.27812500000000007 0.965625
0 0.3156250000000001 0.9171875 0.2718750000000001 0.9171875 0.2718750000000001 0.965625 0.3156250000000001 0.965625
0 0.3578125000000001 0.91875 0.31718750000000007 0.91875 0.31718750000000007 0.9671875 0.3578125000000001 0.9671875
0 0.42500000000000016 0.9203125 0.3921875000000001 0.9203125 0.3921875000000001 0.9671875 0.42500000000000016 0.9671875
3 0.16562500000000008 0.7265625 0.11875000000000009 0.7265625 0.11875000000000009 0.7921875 0.16562500000000008 0.7921875
0 0.7609375 0.5390625000000001 0.70625 0.5390625 0.70625 0.6015625000000001 0.7609375 0.6015625000000002
0 0.6359375 0.7140625 0.596875 0.7140625 0.596875 0.775 0.6359375000000002 0.775
0 0.6968750000000001 0.9578125 0.6546875000000002 0.9578125 0.6546875000000002 1 0.6968750000000001 1