0 0.525 0.503125 0.4921875 0.503125 0.4921875 0.55 0.525 0.55
0 0.12968750000000012 0.8390625 0.11718750000000008 0.8390625 0.11718750000000011 0.928125 0.12968750000000012 0.928125
0 0.1 0.08593750000000001 0.084375 0.0859375 0.084375 0.18125 0.1 0.18125
0 0.03750000000000006 0.4890625 0.006250000000000061 0.4890625 0.006250000000000063 0.5296875 0.03750000000000007 0.5296875
0 0.215625 0.13593750000000004 0.2 0.13593750000000004 0.2 0.225 0.215625 0.225
0 0.2375000000000001 0.671875 0.2218750000000001 0.671875 0.2218750000000001 0.753125 0.2375000000000001 0.753125
0 0.365625 0.26406250000000003 0.334375 0.2640625 0.334375 0.30625 0.365625 0.3062500000000001
0 0.434375 0.2171875000000001 0.403125 0.2171875000000001 0.403125 0.26250000000000007 0.434375 0.26250000000000007
0 0.39375 0.2093750000000001 0.36875 0.2093750000000001 0.36875 0.2515625000000001 0.39375 0.2515625000000001
0 0.359375 0.2 0.3296875 0.2 0.3296875 0.2484375 0.359375 0.2484375
0 0.7484375 0.2843750000000001 0.7140625 0.2843750000000001 0.7140625 0.3375000000000001 0.7484375 0.3375000000000001
0 0.7046875 0.2656250000000001 0.678125 0.2656250000000001 0.678125 0.3125000000000001 0.7046875 0.3125000000000001
0 0.490625 0.2890625000000001 0.4625 0.2890625000000001 0.4625 0.3312500000000001 0.490625 0.3312500000000001
0 0.4078125 0.3234375000000001 0.378125 0.3234375000000001 0.37812500000000004 0.3656250000000001 0.4078125 0.3656250000000001
0 0.665625 0.2640625000000001 0.6390625 0.2640625000000001 0.6390625 0.3031250000000001 0.665625 0.3031250000000001
0 0.6328125 0.2593750000000001 0.6078125 0.2593750000000001 0.6078125 0.3046875000000001 0.6328125 0.3046875000000001
0 0.603125 0.2578125000000001 0.5734375 0.2578125000000001 0.5734375 0.2984375000000001 0.603125 0.2984375000000001
0 0.5578125 0.2453125000000001 0.528125 0.2453125000000001 0.528125 0.2875000000000001 0.5578125 0.2875000000000001
0 0.8953125 0.1546875000000001 0.884375 0.1546875000000001 0.884375 0.2484375000000001 0.8953125 0.2484375000000001
0 0.8984375 0.06093750000000011 0.8859375 0.06093750000000011 0.8859375 0.1453125000000001 0.8984375 0.1453125000000001
0 0.840625 0.10000000000000009 0.828125 0.10000000000000009 0.828125 0.2000000000000001 0.840625 0.2000000000000001
0 0.8390625 0.4421875000000002 0.8078125 0.4421875000000002 0.8078125 0.5015625000000001 0.8390625 0.5015625000000001
0 0.940625 0.5062500000000002 0.9140625 0.5062500000000002 0.9140625 0.5593750000000002 0.940625 0.5593750000000002
0 0.8859375 0.6375000000000002 0.85625 0.6375000000000002 0.85625 0.7140625000000002 0.8859375 0.7140625000000002
0 0.3500000000000001 0.6109375 0.3187500000000001 0.6109375 0.3187500000000001 0.65625 0.3500000000000001 0.65625
0 0.3843750000000001 0.609375 0.3546875000000001 0.609375 0.3546875000000001 0.6515625 0.3843750000000001 0.6515625
0 0.44375 0.603125 0.415625 0.603125 0.415625 0.6484375 0.44375 0.6484375
0 0.478125 0.60625 0.45 0.60625 0.45 0.6515625 0.478125 0.6515625
0 0.5140625 0.615625 0.4875 0.615625 0.4875 0.6578125 0.5140625 0.6578125
0 0.5578125 0.621875 0.525 0.621875 0.525 0.6640625 0.5578125 0.6640625
0 0.5890625 0.63125 0.5640625 0.63125 0.5640625 0.6734375 0.5890625 0.6734375
0 0.6328125 0.6359375 0.60625 0.6359375 0.60625 0.6765625 0.6328125 0.6765625
0 0.6546875 0.6375 0.6375 0.6375 0.6375 0.678125 0.6546875 0.678125
0 0.690625 0.64375 0.659375 0.64375 0.659375 0.6859375 0.690625 0.6859375
0 0.7296875 0.6531250000000001 0.7015625 0.653125 0.7015625 0.7000000000000001 0.7296875 0.7000000000000002
0 0.7984375 0.6671875000000002 0.775 0.6671875000000002 0.775 0.7140625000000002 0.7984375 0.7140625000000002
3 0.3812500000000001 0.3765625 0.3468750000000001 0.3765625 0.3468750000000001 0.434375 0.3812500000000001 0.434375