0 0.15000000000000008 0.74375 0.13437500000000008 0.74375 0.13437500000000008 0.8453125 0.15000000000000008 0.8453125
0 0.4 0.4875 0.3671875000000001 0.4875 0.3671875000000001 0.534375 0.4 0.534375
0 0.13125000000000012 0.8375 0.11875000000000009 0.8375 0.1187500000000001 0.9265625 0.13125000000000014 0.9265625
0 0.1046875 0.031250000000000014 0.0890625 0.031250000000000014 0.08906250000000002 0.1265625 0.1046875 0.1265625
0 0.03906250000000006 0.4875 0.00781250000000006 0.4875 0.007812500000000062 0.528125 0.03906250000000007 0.528125
0 0.2406250000000001 0.7328125 0.2250000000000001 0.7328125 0.2250000000000001 0.81875 0.2406250000000001 0.81875
0 0.3984375 0.2671875000000001 0.3671875 0.2671875000000001 0.3671875 0.30937500000000007 0.3984375 0.30937500000000007
0 0.4375 0.2156250000000001 0.4078125 0.2156250000000001 0.4078125 0.2609375000000001 0.4375 0.2609375000000001
0 0.4 0.2078125000000001 0.371875 0.2078125000000001 0.371875 0.2531250000000001 0.4 0.2531250000000001
0 0.3640625 0.20156250000000003 0.334375 0.2015625 0.334375 0.25000000000000006 0.3640625 0.2500000000000001
0 0.7515625 0.2875000000000001 0.71875 0.2875000000000001 0.71875 0.3390625000000001 0.7515625 0.3390625000000001
0 0.709375 0.27031250000000007 0.6828125 0.27031250000000007 0.6828125 0.3156250000000001 0.709375 0.3156250000000001
0 0.578125 0.3046875000000001 0.5484375 0.3046875000000001 0.5484375 0.3531250000000001 0.578125 0.3531250000000001
0 0.4640625 0.3359375000000001 0.434375 0.3359375000000001 0.434375 0.3750000000000001 0.4640625 0.3750000000000001
0 0.6703125 0.2640625000000001 0.6421875 0.2640625000000001 0.6421875 0.3031250000000001 0.6703125 0.3031250000000001
0 0.6375 0.2609375000000001 0.6109375 0.2609375000000001 0.6109375 0.30156250000000007 0.6375 0.30156250000000007
0 0.60625 0.2562500000000001 0.578125 0.2562500000000001 0.578125 0.30156250000000007 0.60625 0.30156250000000007
0 0.5625 0.2453125000000001 0.5328125 0.2453125000000001 0.5328125 0.28593750000000007 0.5625 0.28593750000000007
0 0.903125 0.1609375000000001 0.8890625 0.1609375000000001 0.8890625 0.2500000000000001 0.903125 0.2500000000000001
0 0.90625 0.06718750000000011 0.8921875 0.06718750000000011 0.8921875 0.1468750000000001 0.90625 0.1468750000000001
0 0.846875 0.10312500000000009 0.8328125 0.10312500000000009 0.8328125 0.20468750000000008 0.846875 0.20468750000000008
0 0.8484375 0.004687500000000103 0.8375 0.004687500000000103 0.8375 0.07343750000000011 0.8484375 0.07343750000000011
0 0.8765625 0.6218750000000002 0.846875 0.6218750000000002 0.846875 0.6828125000000002 0.8765625 0.6828125000000002
0 0.3531250000000001 0.6109375 0.3203125000000001 0.6109375 0.3203125000000001 0.65625 0.3531250000000001 0.65625
0 0.3890625000000001 0.6046875 0.3578125000000001 0.6046875 0.3578125000000001 0.65 0.3890625000000001 0.65
0 0.446875 0.603125 0.4203125 0.603125 0.4203125 0.64375 0.446875 0.64375
0 0.48125 0.609375 0.453125 0.609375 0.453125 0.6484375 0.48125 0.6484375
0 0.5171875 0.6109375 0.490625 0.6109375 0.490625 0.65625 0.5171875 0.65625
0 0.5609375 0.6203125 0.5296875 0.6203125 0.5296875 0.665625 0.5609375 0.665625
0 0.5921875 0.628125 0.565625 0.628125 0.565625 0.675 0.5921875 0.675
0 0.6359375 0.6390625 0.609375 0.6390625 0.609375 0.68125 0.6359375 0.68125
0 0.6578125 0.6390625 0.6390625 0.6390625 0.6390625 0.68125 0.6578125 0.68125
0 0.69375 0.6453125 0.6609375 0.6453125 0.6609375 0.6921875 0.69375 0.6921875
0 0.734375 0.6578125000000001 0.703125 0.6578125 0.703125 0.7031250000000001 0.734375 0.7031250000000002
0 0.803125 0.6718750000000002 0.778125 0.6718750000000002 0.778125 0.7171875000000002 0.803125 0.7171875000000002
3 0.453125 0.3921875000000001 0.415625 0.3921875000000001 0.415625 0.4484375 0.453125 0.4484375