0 0.553125 0.5046875 0.521875 0.5046875 0.521875 0.5515625 0.553125 0.5515625
0 0.1281250000000001 0.840625 0.11562500000000009 0.840625 0.11562500000000012 0.93125 0.12812500000000013 0.93125
0 0.09843750000000002 0.103125 0.08125000000000002 0.103125 0.08125000000000002 0.1984375 0.09843750000000002 0.1984375
0 0.03593750000000006 0.4890625 0.00468750000000006 0.4890625 0.004687500000000062 0.5296875 0.03593750000000007 0.5296875
0 0.2078125 0.007812500000000024 0.19375 0.007812500000000024 0.19375 0.09843750000000002 0.2078125 0.09843750000000002
0 0.2296875000000001 0.575 0.2156250000000001 0.575 0.2156250000000001 0.6609375 0.2296875000000001 0.6609375
0 0.359375 0.2609375 0.328125 0.2609375 0.328125 0.30625 0.359375 0.30625
0 0.43125 0.2156250000000001 0.4 0.2156250000000001 0.4 0.26250000000000007 0.43125 0.26250000000000007
0 0.390625 0.21093750000000008 0.365625 0.21093750000000008 0.365625 0.2531250000000001 0.390625 0.2531250000000001
0 0.3578125 0.2015625 0.328125 0.2015625 0.328125 0.246875 0.3578125 0.246875
0 0.7453125 0.2828125000000001 0.7125 0.2828125000000001 0.7125 0.3359375000000001 0.7453125 0.3359375000000001
0 0.7015625 0.2687500000000001 0.675 0.2687500000000001 0.675 0.3140625000000001 0.7015625 0.3140625000000001
0 0.4734375 0.2843750000000001 0.44375 0.2843750000000001 0.44375 0.3265625000000001 0.4734375 0.3265625000000001
0 0.39687500000000003 0.3203125000000001 0.36875 0.3203125000000001 0.36875 0.3671875000000001 0.3968750000000001 0.3671875000000001
0 0.6640625 0.2593750000000001 0.6375 0.2593750000000001 0.6375 0.30156250000000007 0.6640625 0.30156250000000007
0 0.63125 0.25468750000000007 0.6046875 0.25468750000000007 0.6046875 0.2968750000000001 0.63125 0.2968750000000001
0 0.6015625 0.2562500000000001 0.571875 0.2562500000000001 0.571875 0.2953125000000001 0.6015625 0.2953125000000001
0 0.55625 0.24218750000000008 0.5265625 0.24218750000000008 0.5265625 0.2828125000000001 0.55625 0.2828125000000001
0 0.8953125 0.15625000000000008 0.88125 0.15625000000000008 0.88125 0.24375000000000008 0.8953125 0.24375000000000008
0 0.896875 0.06250000000000011 0.8828125 0.06250000000000011 0.8828125 0.1437500000000001 0.896875 0.1437500000000001
0 0.8390625 0.10468750000000009 0.8265625 0.10468750000000009 0.8265625 0.2000000000000001 0.8390625 0.2000000000000001
0 0.8046875 0.43281250000000016 0.7734375 0.43281250000000016 0.7734375 0.4859375000000002 0.8046875 0.4859375000000002
0 0.9078125 0.4906250000000002 0.88125 0.4906250000000002 0.88125 0.5406250000000001 0.9078125 0.5406250000000001
0 0.884375 0.6406250000000002 0.8546875 0.6406250000000002 0.8546875 0.7140625000000002 0.884375 0.7140625000000002
0 0.34843750000000007 0.6125 0.31718750000000007 0.6125 0.31718750000000007 0.6546875 0.34843750000000007 0.6546875
0 0.3828125000000001 0.609375 0.3531250000000001 0.609375 0.3531250000000001 0.65 0.3828125000000001 0.65
0 0.4421875 0.6046875 0.415625 0.6046875 0.415625 0.646875 0.4421875 0.646875
0 0.4765625 0.60625 0.45 0.60625 0.45 0.6453125 0.4765625 0.6453125
0 0.5125 0.6109375 0.4875 0.6109375 0.4875 0.65625 0.5125 0.65625
0 0.55625 0.621875 0.525 0.621875 0.525 0.6640625 0.55625 0.6640625
0 0.5859375 0.6265625 0.5625 0.6265625 0.5625 0.6734375 0.5859375 0.6734375
0 0.6296875 0.6359375 0.6046875 0.6359375 0.6046875 0.678125 0.6296875 0.678125
0 0.6546875 0.6390625 0.6359375 0.6390625 0.6359375 0.68125 0.6546875 0.68125
0 0.6890625 0.64375 0.659375 0.64375 0.659375 0.6859375 0.6890625 0.6859375
0 0.7296875 0.6562500000000001 0.6984375 0.65625 0.6984375 0.6984375 0.7296875 0.6984375000000002
0 0.796875 0.6687500000000002 0.771875 0.6687500000000002 0.771875 0.7140625000000002 0.796875 0.7140625000000002
3 0.37187500000000007 0.3765625 0.3375000000000001 0.3765625 0.3375000000000001 0.434375 0.37187500000000007 0.434375