0 0.296875 0.18750000000000006 0.259375 0.18750000000000006 0.259375 0.240625 0.296875 0.240625
0 0.2515625 0.17187500000000006 0.221875 0.17187500000000006 0.221875 0.21875 0.2515625 0.21875
0 0.12343750000000005 0.215625 0.09062500000000002 0.215625 0.09062500000000002 0.265625 0.12343750000000005 0.265625
0 0.010937500000000034 0.253125 3.099887210341738e-17 0.253125 3.358211144536883e-17 0.2953125 0.010937500000000036 0.2953125
0 0.2125 0.16875000000000004 0.1828125 0.16875000000000004 0.18281250000000002 0.2109375 0.2125 0.2109375
0 0.17968750000000003 0.16875 0.1515625 0.16875 0.15156250000000002 0.2109375 0.17968750000000006 0.2109375
0 0.14843750000000003 0.1640625 0.1171875 0.1640625 0.11718750000000003 0.2109375 0.14843750000000006 0.2109375
0 0.10312500000000002 0.1578125 0.07031250000000003 0.1578125 0.07031250000000003 0.2 0.10312500000000005 0.2
0 0.440625 0.050000000000000044 0.4203125 0.050000000000000044 0.4203125 0.14062500000000006 0.440625 0.14062500000000006
0 0.4359375 5.2143164494945905e-17 0.415625 5.089938258956187e-17 0.415625 0.03593750000000005 0.4359375 0.03593750000000005
0 0.38125 4.5445877312108814e-17 0.3609375 4.420209540672478e-17 0.3609375 0.09687500000000004 0.38125 0.09687500000000004
0 0.44375 0.5109375 0.409375 0.5109375 0.409375 0.5390625 0.44375 0.5390625
0 0.04687500000000007 0.525 0.017187500000000067 0.525 0.017187500000000067 0.5390625 0.04687500000000007 0.5390625
0 0.08281250000000007 0.525 0.05468750000000007 0.525 0.05468750000000007 0.5390625 0.08281250000000007 0.5390625
0 0.7484375 0.1062500000000001 0.7125 0.1062500000000001 0.7125 0.1593750000000001 0.7484375 0.1593750000000001
0 0.8046875 9.634525990167068e-17 0.76875 9.414472268445279e-17 0.76875 0.035937500000000094 0.8046875 0.0359375000000001
0 0.9125 0.02812500000000011 0.8828125 0.02812500000000011 0.8828125 0.08125000000000011 0.9125 0.08125000000000011
0 1 0.06875000000000012 0.9859375 0.06875000000000012 0.9859375 0.13437500000000013 1 0.13437500000000013
0 0.99375 0.22031250000000008 0.9609375 0.22031250000000008 0.9609375 0.2968750000000001 0.99375 0.2968750000000001
0 0.5484375 0.2140625000000001 0.5203125 0.2140625000000001 0.5203125 0.2562500000000001 0.5484375 0.2562500000000001
0 0.5828125 0.21093750000000008 0.5546875 0.21093750000000008 0.5546875 0.2578125000000001 0.5828125 0.2578125000000001
0 0.61875 0.2156250000000001 0.5921875 0.2156250000000001 0.5921875 0.26250000000000007 0.61875 0.26250000000000007
0 0.6625 0.2234375000000001 0.6296875 0.2234375000000001 0.6296875 0.2671875000000001 0.6625 0.2671875000000001
0 0.6953125 0.2250000000000001 0.6671875 0.2250000000000001 0.6671875 0.2750000000000001 0.6953125 0.2750000000000001
0 0.7390625 0.2312500000000001 0.7109375 0.2312500000000001 0.7109375 0.2750000000000001 0.7390625 0.2750000000000001
0 0.7625 0.23437500000000008 0.7421875 0.23437500000000008 0.7421875 0.2750000000000001 0.7625 0.2750000000000001
0 0.796875 0.23593750000000008 0.7640625 0.23593750000000008 0.7640625 0.2828125000000001 0.796875 0.2828125000000001
0 0.8390625 0.24375000000000008 0.80625 0.24375000000000008 0.80625 0.2906250000000001 0.8390625 0.2906250000000001
0 0.9078125 0.25468750000000007 0.88125 0.25468750000000007 0.88125 0.30156250000000007 0.9078125 0.30156250000000007
2 0.23437500000000008 0.9171875 0.05625000000000011 0.9171875 0.05625000000000011 0.9796875 0.23437500000000008 0.9796875
0 0.3140625000000001 0.925 0.2671875000000001 0.925 0.2671875000000001 0.9609375 0.3140625000000001 0.9609375
2 0.6281250000000002 0.8265625 0.5875000000000001 0.8265625 0.5875000000000001 1 0.6281250000000002 1
0 0.534375 0.5390625 0.509375 0.5390625 0.509375 0.60625 0.534375 0.60625
0 0.9609375 0.9578125 0.915625 0.9578125 0.915625 0.9921875 0.9609375 0.9921875
0 0.875 0.96875 0.8328125 0.96875 0.8328125 1 0.875 1
0 0.8078125 0.978125 0.7656250000000002 0.978125 0.7656250000000002 1 0.8078125 1
0 0.6921875000000002 0.9140625 0.6546875000000002 0.9140625 0.6546875000000002 0.95625 0.6921875000000002 0.95625
3 0.8140625 0.9390625 0.7718750000000002 0.9390625 0.7718750000000002 0.975 0.8140625 0.975