0 0.17343750000000002 0.16875 0.1359375 0.16875 0.13593750000000002 0.2171875 0.17343750000000005 0.2171875
0 0.4140625 0.09062500000000004 0.3890625 0.09062500000000004 0.3890625 0.17968750000000006 0.4140625 0.17968750000000006
0 0.2375 2.688482426253174e-17 0.2015625 2.4684287045313837e-17 0.2015625 0.051562500000000025 0.2375 0.051562500000000025
0 0.278125 0.2953125 0.2421875 0.2953125 0.2421875 0.340625 0.278125 0.340625
0 0.2421875 0.2890625 0.2078125 0.2890625 0.2078125 0.3328125 0.2421875 0.3328125
0 0.18281250000000004 0.2765625 0.15000000000000005 0.2765625 0.15000000000000005 0.321875 0.18281250000000004 0.321875
0 0.14687500000000003 0.275 0.11562500000000005 0.275 0.11562500000000005 0.3203125 0.14687500000000003 0.3203125
0 0.10937500000000004 0.2765625 0.07812500000000004 0.2765625 0.07812500000000004 0.3265625 0.10937500000000004 0.3265625
0 0.07187500000000005 0.2765625 0.03437500000000003 0.2765625 0.03437500000000004 0.328125 0.07187500000000005 0.328125
0 0.032812500000000036 0.284375 0.0015625000000000348 0.284375 0.0015625000000000378 0.334375 0.03281250000000004 0.334375
3 0.25625 0.06406250000000002 0.215625 0.06406250000000002 0.215625 0.12343750000000005 0.25625 0.12343750000000005
0 0.9015625 0.05156250000000011 0.8609375 0.05156250000000011 0.8609375 0.11562500000000009 0.9015625 0.11562500000000009
0 0.5078125000000002 0.946875 0.48437500000000017 0.946875 0.48437500000000017 0.9859375 0.5078125000000002 0.9859375
0 0.1281250000000001 0.8921875 0.10000000000000009 0.8921875 0.10000000000000012 0.934375 0.12812500000000013 0.934375
0 0.0718750000000001 0.940625 0.04531250000000011 0.940625 0.04531250000000012 0.9828125 0.0718750000000001 0.9828125
0 0.08593750000000011 0.9453125 0.07031250000000011 0.9453125 0.07031250000000011 0.9796875 0.08593750000000011 0.9796875
0 0.534375 0.725 0.509375 0.725 0.5093750000000001 0.7671875 0.5343750000000002 0.7671875
0 0.4906250000000001 0.721875 0.4640625 0.721875 0.4640625000000001 0.7640625 0.4906250000000002 0.7640625
0 0.3375000000000001 0.36875 0.3187500000000001 0.36875 0.3187500000000001 0.3859375 0.3375000000000001 0.3859375
0 0.2562500000000001 0.390625 0.22812500000000008 0.390625 0.22812500000000008 0.46875 0.2562500000000001 0.46875
0 0.026562500000000083 0.6578125 0.0015625000000000805 0.6578125 0.001562500000000083 0.696875 0.02656250000000009 0.696875
0 0.05156250000000009 0.6578125 0.028125000000000077 0.6578125 0.028125000000000084 0.6953125 0.05156250000000009 0.6953125
0 0.0750000000000001 0.6578125 0.05312500000000009 0.6578125 0.05312500000000009 0.696875 0.0750000000000001 0.696875
0 0.10156250000000008 0.6578125 0.0750000000000001 0.6578125 0.0750000000000001 0.7 0.10156250000000008 0.7
0 0.1281250000000001 0.6640625 0.1062500000000001 0.6640625 0.1062500000000001 0.7015625 0.1281250000000001 0.7015625
0 0.15781250000000008 0.6609375 0.13437500000000008 0.6609375 0.13437500000000008 0.7 0.15781250000000008 0.7
0 0.2234375000000001 0.6671875 0.2015625000000001 0.6671875 0.2015625000000001 0.7015625 0.2234375000000001 0.7015625
0 0.36406250000000007 0.6796875 0.34062500000000007 0.6796875 0.34062500000000007 0.7125 0.36406250000000007 0.7125
0 0.3828125000000001 0.68125 0.3625000000000001 0.68125 0.3625000000000001 0.71875 0.3828125000000001 0.71875
0 0.4078125 0.6765625 0.3812500000000001 0.6765625 0.3812500000000001 0.71875 0.4078125 0.71875
0 0.4328125 0.6765625 0.409375 0.6765625 0.409375 0.7140625 0.4328125 0.7140625
0 0.45 0.6765625 0.434375 0.6765625 0.434375 0.7109375 0.45 0.7109375
0 0.475 0.675 0.4546875 0.675 0.4546875 0.709375 0.475 0.709375
0 0.5015625 0.6765625 0.4765625 0.6765625 0.4765625 0.715625 0.5015625 0.715625
0 0.5296875 0.6765625 0.50625 0.6765625 0.50625 0.7140625 0.5296875 0.7140625
0 0.5390625 0.6765625 0.5296875 0.6765625 0.5296875 0.715625 0.5390625 0.715625
0 0.27812500000000007 0.909375 0.2562500000000001 0.909375 0.2562500000000001 0.9484375 0.27812500000000007 0.9484375
0 0.5671875 0.5015625 0.5390625 0.5015625 0.5390625 0.553125 0.5671875 0.553125
0 0.9296875 0.8890625 0.90625 0.8890625 0.90625 0.9796875 0.9296875 0.9796875
0 0.8625 0.6125000000000002 0.8375 0.6125000000000002 0.8375 0.6984375000000002 0.8625 0.6984375000000002
0 0.740625 0.3687500000000001 0.70625 0.3687500000000001 0.70625 0.3890625000000001 0.740625 0.3890625000000001
0 0.7578125 0.6359375 0.721875 0.6359375 0.721875 0.6812500000000001 0.7578125 0.6812500000000001
0 0.721875 0.628125 0.6890625 0.628125 0.6890625 0.671875 0.721875 0.671875
0 0.6609375 0.615625 0.6296875 0.615625 0.6296875 0.6609375 0.6609375 0.6609375
0 0.6265625 0.6140625 0.5953125 0.6140625 0.5953125 0.65625 0.6265625 0.65625
0 0.5890625 0.6125 0.5578125 0.6125 0.5578125 0.6609375 0.5890625 0.6609375
0 0.55 0.6171875 0.5390625 0.6171875 0.5390625 0.6625 0.55 0.6625
3 0.765625 0.3984375000000001 0.7234375 0.3984375000000001 0.7234375 0.4609375000000001 0.765625 0.46093750000000017