0 0.3921875 0.10781250000000005 0.35625 0.10781250000000005 0.35625 0.15781250000000005 0.3921875 0.15781250000000005
0 0.06406250000000002 0.1515625 0.042187500000000024 0.1515625 0.04218750000000003 0.2375 0.06406250000000002 0.2375
0 0.17812500000000003 0.1984375 0.14375000000000004 0.1984375 0.14375000000000004 0.24375 0.17812500000000003 0.24375
0 0.2125 0.19843750000000002 0.17968750000000006 0.1984375 0.17968750000000006 0.240625 0.2125 0.240625
0 0.271875 0.19843750000000004 0.2421875 0.19843750000000004 0.2421875 0.2421875 0.271875 0.2421875
0 0.30625 0.203125 0.2765625 0.203125 0.2765625 0.2453125 0.30625 0.2453125
0 0.3421875 0.2109375 0.3125 0.2109375 0.3125 0.2578125 0.3421875 0.2578125
0 0.3859375 0.22500000000000003 0.35 0.225 0.35 0.27031250000000007 0.3859375 0.27031250000000007
0 0.4140625 0.2328125000000001 0.3859375 0.2328125000000001 0.3859375 0.2828125000000001 0.4140625 0.2828125000000001
0 0.45625 0.2453125000000001 0.428125 0.2453125000000001 0.428125 0.2890625000000001 0.45625 0.2890625000000001
0 0.48125 0.2515625000000001 0.459375 0.2515625000000001 0.459375 0.2953125000000001 0.48125 0.2953125000000001
0 0.5140625 0.2593750000000001 0.48125 0.2593750000000001 0.48125 0.3046875000000001 0.5140625 0.3046875000000001
0 0.5546875 0.2734375000000001 0.5203125 0.2734375000000001 0.5203125 0.3187500000000001 0.5546875 0.3187500000000001
3 0.221875 2.4684287045313837e-17 0.18125 2.2196723234545777e-17 0.18125 0.025000000000000022 0.221875 0.025000000000000022
0 0.9203125 1.1107929170391227e-16 0.89375 1.094528076737947e-16 0.89375 0.014062500000000111 0.9203125 0.014062500000000111
0 0.984375 0.03437500000000012 0.959375 0.03437500000000012 0.959375 0.07343750000000011 0.984375 0.07343750000000011
0 0.940625 0.19218750000000012 0.921875 0.19218750000000012 0.921875 0.2453125000000001 0.940625 0.2453125000000001
0 0.909375 0.1656250000000001 0.8765625 0.16562500000000008 0.8765625 0.1984375000000001 0.909375 0.19843750000000013
0 0.8984375 0.12343750000000009 0.8640625 0.12343750000000009 0.8640625 0.1546875000000001 0.8984375 0.1546875000000001
0 0.8546875 0.12343750000000009 0.8203125 0.12343750000000009 0.8203125 0.14843750000000008 0.8546875 0.14843750000000008
0 0.8046875 0.11875000000000009 0.7703125 0.11875000000000009 0.7703125 0.1468750000000001 0.8046875 0.1468750000000001
0 0.7609375 0.11718750000000008 0.725 0.11718750000000008 0.725 0.1453125000000001 0.7609375 0.1453125000000001
0 0.7171875 0.1140625000000001 0.6828125 0.1140625000000001 0.6828125 0.14218750000000008 0.7171875 0.14218750000000008
0 0.73125 0.1531250000000001 0.6953125 0.1531250000000001 0.6953125 0.1828125000000001 0.73125 0.1828125000000001
0 0.7859375 0.15781250000000008 0.75 0.15781250000000008 0.75 0.1859375000000001 0.7859375 0.1859375000000001
0 0.8296875 0.1531250000000001 0.7953125 0.1531250000000001 0.7953125 0.18125000000000008 0.8296875 0.18125000000000008
0 0.875 0.15625000000000008 0.8421875 0.15625000000000008 0.8421875 0.1843750000000001 0.875 0.1843750000000001
0 0.984375 0.42968750000000017 0.9640625 0.42968750000000017 0.9640625 0.4937500000000002 0.984375 0.4937500000000002
0 0.99375 0.3437500000000001 0.9734375 0.3437500000000001 0.9734375 0.40156250000000016 0.99375 0.40156250000000016
3 0.675 0.1437500000000001 0.6296875 0.1437500000000001 0.6296875 0.1781250000000001 0.675 0.1781250000000001
0 0.2218750000000001 0.6171875 0.1828125000000001 0.6171875 0.1828125000000001 0.6890625 0.2218750000000001 0.6890625
3 1 0.83125 0.9765625 0.83125 0.9765625 0.8765625 1 0.8765625
0 0.6093750000000002 0.80625 0.5703125000000002 0.80625 0.5703125000000002 0.8609375 0.6093750000000002 0.8609375
0 0.6609375000000002 0.8609375 0.6187500000000001 0.8609375 0.6187500000000001 0.9015625 0.6609375000000002 0.9015625
0 0.7593750000000001 0.9484375 0.7187500000000002 0.9484375 0.7187500000000002 0.9828125 0.7593750000000001 0.9828125
0 0.7468750000000002 0.990625 0.7078125000000002 0.990625 0.7078125000000002 1 0.7468750000000002 1
0 0.871875 0.9765625 0.8296875 0.9765625 0.8296875 1 0.871875 1
0 0.8421875 0.9125 0.803125 0.9125 0.803125 0.94375 0.8421875 0.94375