0 0.471875 0.4984375 0.4390625 0.4984375 0.4390625 0.54375 0.471875 0.54375
0 0.12968750000000012 0.840625 0.11718750000000008 0.840625 0.11718750000000011 0.928125 0.12968750000000012 0.928125
0 0.103125 0.06250000000000001 0.0890625 0.0625 0.08906250000000002 0.1609375 0.103125 0.1609375
0 0.03906250000000006 0.4890625 0.00781250000000006 0.4890625 0.007812500000000062 0.53125 0.03906250000000007 0.53125
0 0.2250000000000001 0.390625 0.21093750000000008 0.390625 0.21093750000000008 0.478125 0.2250000000000001 0.478125
0 0.24375000000000008 0.8453125 0.22812500000000008 0.8453125 0.22812500000000008 0.9265625 0.24375000000000008 0.9265625
0 0.3765625 0.26562500000000006 0.3453125 0.265625 0.3453125 0.30781250000000004 0.3765625 0.3078125000000001
0 0.4359375 0.2140625000000001 0.4046875 0.2140625000000001 0.4046875 0.2656250000000001 0.4359375 0.2656250000000001
0 0.396875 0.21093750000000008 0.3703125 0.21093750000000008 0.3703125 0.2562500000000001 0.396875 0.2562500000000001
0 0.3609375 0.2015625 0.33125 0.2015625 0.33125 0.25 0.3609375 0.25
0 0.7484375 0.2875000000000001 0.715625 0.2875000000000001 0.715625 0.34062500000000007 0.7484375 0.34062500000000007
0 0.70625 0.2718750000000001 0.678125 0.2718750000000001 0.678125 0.3203125000000001 0.70625 0.3203125000000001
0 0.5234375 0.2953125000000001 0.49375 0.2953125000000001 0.49375 0.3375000000000001 0.5234375 0.3375000000000001
0 0.4265625 0.32500000000000007 0.396875 0.32500000000000007 0.39687500000000003 0.37187500000000007 0.4265625 0.37187500000000007
0 0.6671875 0.2656250000000001 0.6390625 0.2656250000000001 0.6390625 0.3078125000000001 0.6671875 0.3078125000000001
0 0.634375 0.2609375000000001 0.609375 0.2609375000000001 0.609375 0.3062500000000001 0.634375 0.3062500000000001
0 0.6046875 0.2593750000000001 0.575 0.2593750000000001 0.575 0.30156250000000007 0.6046875 0.30156250000000007
0 0.5609375 0.2453125000000001 0.5296875 0.2453125000000001 0.5296875 0.2875000000000001 0.5609375 0.2875000000000001
0 0.9 0.1609375000000001 0.8859375 0.1609375000000001 0.8859375 0.2500000000000001 0.9 0.2500000000000001
0 0.9 0.06718750000000011 0.8875 0.06718750000000011 0.8875 0.15000000000000008 0.9 0.15000000000000008
0 0.84375 0.10312500000000009 0.8296875 0.10312500000000009 0.8296875 0.20468750000000008 0.84375 0.20468750000000008
0 0.84375 0.004687500000000102 0.8328125 0.004687500000000101 0.8328125 0.0796875000000001 0.84375 0.0796875000000001
0 0.9078125 0.4859375000000002 0.8765625 0.4859375000000002 0.8765625 0.5406250000000001 0.9078125 0.5406250000000001
0 1 0.5468750000000002 0.9796875 0.5468750000000002 0.9796875 0.5968750000000002 1 0.5968750000000002
0 0.8859375 0.6406250000000002 0.85625 0.6406250000000002 0.85625 0.7140625000000002 0.8859375 0.7140625000000002
0 0.3500000000000001 0.6125 0.3203125000000001 0.6125 0.3203125000000001 0.6546875 0.3500000000000001 0.6546875
0 0.3859375000000001 0.609375 0.35625000000000007 0.609375 0.35625000000000007 0.65 0.3859375000000001 0.65
0 0.4453125 0.6046875 0.4171875 0.6046875 0.4171875 0.646875 0.4453125 0.646875
0 0.4796875 0.6078125 0.453125 0.6078125 0.453125 0.65 0.4796875 0.65
0 0.515625 0.6125 0.4890625 0.6125 0.4890625 0.6609375 0.515625 0.6609375
0 0.5578125 0.61875 0.5265625 0.61875 0.5265625 0.6671875 0.5578125 0.6671875
0 0.590625 0.6296875 0.5640625 0.6296875 0.5640625 0.678125 0.590625 0.678125
0 0.634375 0.6390625 0.6078125 0.6390625 0.6078125 0.68125 0.634375 0.68125
0 0.6578125 0.6421875 0.6375 0.6421875 0.6375 0.684375 0.6578125 0.684375
0 0.6921875 0.646875 0.659375 0.646875 0.659375 0.6921875 0.6921875 0.6921875
0 0.7328125 0.6578125000000001 0.703125 0.6578125 0.703125 0.70625 0.7328125 0.7062500000000002
0 0.8 0.6718750000000002 0.7765625 0.6718750000000002 0.7765625 0.7203125000000001 0.8 0.7203125000000001
3 0.4046875 0.3843750000000001 0.3703125000000001 0.3843750000000001 0.3703125000000001 0.440625 0.4046875 0.440625