0 0.30156250000000007 0.446875 0.2640625000000001 0.446875 0.2640625000000001 0.4953125 0.30156250000000007 0.4953125
0 0.3359375 0.2078125 0.2984375 0.2078125 0.2984375 0.253125 0.3359375 0.253125
0 0.275 0.16718750000000004 0.2390625 0.16718750000000004 0.2390625 0.21875 0.275 0.21875
0 0.3078125 0.15781250000000005 0.278125 0.15781250000000005 0.278125 0.203125 0.3078125 0.203125
0 0.346875 0.14062500000000006 0.3109375 0.14062500000000006 0.3109375 0.19531250000000006 0.346875 0.19531250000000006
0 0.009375000000000033 0.2515625 3.080752104105061e-17 0.2515625 3.406048910128576e-17 0.3046875 0.009375000000000036 0.3046875
0 0.18125000000000005 0.2578125 0.14531250000000004 0.2578125 0.14531250000000004 0.309375 0.18125000000000005 0.309375
0 0.2859375 0.278125 0.25 0.278125 0.25 0.3265625 0.2859375 0.3265625
0 0.048437500000000036 0.2421875 0.015625000000000028 0.2421875 0.01562500000000003 0.290625 0.048437500000000036 0.290625
0 0.07656250000000003 0.234375 0.046875000000000035 0.234375 0.046875000000000035 0.2796875 0.07656250000000005 0.2796875
0 0.10937500000000004 0.228125 0.07500000000000002 0.228125 0.07500000000000004 0.2734375 0.10937500000000004 0.2734375
0 0.15468750000000003 0.2125 0.12187500000000004 0.2125 0.12187500000000004 0.25625 0.15468750000000003 0.25625
0 0.40625 0.5484375 0.3703125000000001 0.5484375 0.3703125000000001 0.5796875 0.40625 0.5796875
0 0.3703125000000001 0.553125 0.3359375000000001 0.553125 0.3359375000000001 0.5796875 0.3703125000000001 0.5796875
0 0.3078125000000001 0.553125 0.2765625000000001 0.553125 0.2765625000000001 0.5796875 0.3078125000000001 0.5796875
0 0.2750000000000001 0.5625 0.24375000000000008 0.5625 0.24375000000000008 0.5796875 0.2750000000000001 0.5796875
0 0.2390625000000001 0.56875 0.2078125000000001 0.56875 0.2078125000000001 0.5796875 0.2390625000000001 0.5796875
3 0.31875000000000003 0.33125 0.278125 0.33125 0.27812500000000007 0.39375 0.3187500000000001 0.39375
0 0.953125 0.1578125000000001 0.8921875 0.15781250000000008 0.8921875 0.2156250000000001 0.953125 0.2156250000000001
0 1 0.19062500000000013 0.9671875 0.19062500000000013 0.9671875 0.2453125000000001 1 0.2453125000000001
0 0.8734375 0.1703125000000001 0.8078125 0.1703125000000001 0.8078125 0.2312500000000001 0.8734375 0.2312500000000001
0 0.8203125 0.42500000000000016 0.7671875 0.42500000000000016 0.7671875 0.48750000000000016 0.8203125 0.48750000000000016
0 0.7875 0.4750000000000001 0.7203125 0.475 0.7203125 0.55 0.7875 0.5500000000000002
0 0.7421875 0.534375 0.678125 0.534375 0.678125 0.5796875000000001 0.7421875 0.5796875000000001
0 0.509375 0.4734375 0.4796875 0.4734375 0.4796875 0.5453125 0.509375 0.5453125
0 0.3437500000000001 0.79375 0.31718750000000007 0.79375 0.31718750000000007 0.8359375 0.3437500000000001 0.8359375
0 0.2687500000000001 0.85625 0.24218750000000008 0.85625 0.24218750000000008 0.8984375 0.2687500000000001 0.8984375
0 0.2843750000000001 0.8578125 0.2687500000000001 0.8578125 0.2687500000000001 0.8921875 0.2843750000000001 0.8921875
0 0.465625 0.5796875 0.4390625 0.5796875 0.4390625 0.621875 0.465625 0.621875
0 0.3125000000000001 0.9 0.2906250000000001 0.9 0.2906250000000001 0.9390625 0.3125000000000001 0.9390625
0 0.2906250000000001 0.903125 0.2687500000000001 0.903125 0.2687500000000001 0.940625 0.2906250000000001 0.940625
0 0.2671875000000001 0.90625 0.2453125000000001 0.90625 0.2453125000000001 0.9484375 0.2671875000000001 0.9484375
0 0.2390625000000001 0.9109375 0.21250000000000008 0.9109375 0.21250000000000008 0.9515625 0.2390625000000001 0.9515625
0 0.21250000000000008 0.9203125 0.18750000000000014 0.9203125 0.18750000000000014 0.9578125 0.21250000000000008 0.9578125
0 0.18906250000000013 0.9265625 0.16718750000000013 0.9265625 0.16718750000000013 0.965625 0.18906250000000013 0.965625
0 0.06093750000000011 0.953125 0.039062500000000125 0.953125 0.039062500000000125 0.9953125 0.06093750000000011 0.9953125
0 0.02343750000000008 0.6265625 7.673177600907635e-17 0.6265625 7.902798875747764e-17 0.6640625 0.023437500000000083 0.6640625
0 0.046875000000000076 0.61875 0.025000000000000078 0.61875 0.025000000000000078 0.6578125 0.046875000000000076 0.6578125
0 0.07343750000000007 0.6078125 0.045312500000000075 0.6078125 0.045312500000000075 0.65625 0.07343750000000009 0.65625
0 0.09843750000000008 0.6078125 0.07812500000000007 0.6078125 0.07812500000000008 0.6453125 0.0984375000000001 0.6453125
0 0.1281250000000001 0.6 0.10312500000000009 0.6 0.10312500000000009 0.6390625 0.1281250000000001 0.6390625
0 0.1906250000000001 0.5875 0.1687500000000001 0.5875 0.1687500000000001 0.625 0.1906250000000001 0.625
0 0.3312500000000001 0.5796875 0.3078125000000001 0.5796875 0.3078125000000001 0.6015625 0.3312500000000001 0.6015625
0 0.34843750000000007 0.5796875 0.3281250000000001 0.5796875 0.3281250000000001 0.5984375 0.34843750000000007 0.5984375
0 0.3734375000000001 0.5796875 0.34843750000000007 0.5796875 0.34843750000000007 0.59375 0.3734375000000001 0.59375
0 0.3984375000000001 0.5796875 0.3750000000000001 0.5796875 0.3750000000000001 0.5890625 0.3984375000000001 0.5890625
0 0.4656250000000002 0.78125 0.4437500000000002 0.78125 0.4437500000000002 0.8203125 0.4656250000000002 0.8203125
0 0.990625 0.7125000000000001 0.940625 0.7125000000000001 0.940625 0.7781250000000002 0.990625 0.7781250000000002
2 1 0.7546875000000002 0.946875 0.7546875000000002 0.946875 0.8546875 1 0.8546875
0 0.953125 0.7484375000000002 0.90625 0.7484375000000002 0.90625 0.7984375000000001 0.953125 0.7984375000000001
0 0.903125 0.7312500000000002 0.8484375 0.7312500000000002 0.8484375 0.7812500000000002 0.903125 0.7812500000000002
0 0.9296875 0.6906250000000002 0.88125 0.6906250000000002 0.88125 0.7453125000000002 0.9296875 0.7453125000000002
0 0.8640625 0.6687500000000002 0.8125 0.6687500000000002 0.8125 0.7203125000000001 0.8640625 0.7203125000000001
0 0.6609375000000002 0.8296875 0.6250000000000002 0.8296875 0.6250000000000002 0.903125 0.6609375000000002 0.903125
0 0.5765625000000002 0.7984375 0.5406250000000001 0.7984375 0.5406250000000001 0.875 0.5765625000000002 0.875
0 0.6218750000000002 0.934375 0.5921875000000002 0.934375 0.5921875000000002 1 0.6218750000000002 1
0 0.6515625000000002 0.9828125 0.6234375000000002 0.9828125 0.6234375000000002 1 0.6515625000000002 1
0 0.840625 0.7750000000000001 0.7953125000000002 0.7750000000000001 0.7953125000000002 0.8203125 0.840625 0.8203125