0 0.325 3.7122106099154144e-17 0.28125 3.444319122601931e-17 0.28125 0.04687500000000004 0.325 0.04687500000000004
0 0.509375 0.19687500000000005 0.4953125 0.19687500000000005 0.4953125 0.2828125000000001 0.509375 0.2828125000000001
0 0.4 0.10156250000000004 0.3578125 0.10156250000000004 0.3578125 0.15312500000000004 0.4 0.15312500000000004
0 0.3625 0.10468750000000004 0.321875 0.10468750000000004 0.321875 0.15625000000000006 0.3625 0.15625000000000006
0 0.3 0.11875000000000005 0.2640625 0.11875000000000005 0.2640625 0.16406250000000006 0.3 0.16406250000000006
0 0.26875 0.13281250000000006 0.2328125 0.13281250000000006 0.2328125 0.17812500000000003 0.26875 0.17812500000000003
0 0.234375 0.14375000000000004 0.1984375 0.14375000000000004 0.19843750000000002 0.19375000000000003 0.234375 0.19375000000000003
0 0.2 0.16250000000000003 0.1578125 0.1625 0.15781250000000002 0.2140625 0.2 0.2140625
0 0.16718750000000002 0.178125 0.1296875 0.178125 0.1296875 0.23125 0.16718750000000004 0.23125
0 0.12656250000000005 0.1984375 0.09062500000000002 0.1984375 0.09062500000000002 0.2453125 0.12656250000000005 0.2453125
0 0.09687500000000002 0.20625 0.06875000000000002 0.20625 0.06875000000000002 0.2515625 0.09687500000000002 0.2515625
0 0.07812500000000003 0.2171875 0.034375000000000024 0.2171875 0.03437500000000003 0.271875 0.07812500000000003 0.271875
0 0.039062500000000035 0.2390625 2.9276712542116413e-17 0.2390625 3.243400507116818e-17 0.290625 0.039062500000000035 0.290625
0 0.64375 0.15625000000000008 0.6125 0.15625000000000008 0.6125 0.2218750000000001 0.64375 0.2218750000000001
0 0.6125 0.12500000000000008 0.58125 0.12500000000000008 0.58125 0.1921875000000001 0.6125 0.1921875000000001
0 0.565625 0.10468750000000007 0.534375 0.10468750000000004 0.534375 0.17343750000000008 0.565625 0.17343750000000008
0 0.653125 0.2953125000000001 0.621875 0.2953125000000001 0.621875 0.3656250000000001 0.653125 0.3656250000000001
0 0.628125 0.3500000000000001 0.5953125 0.3500000000000001 0.5953125 0.41875 0.628125 0.41875
0 0.703125 0.4015625 0.6703125 0.4015625 0.6703125 0.41875 0.703125 0.41875
0 0.9 0.40937500000000016 0.853125 0.40937500000000016 0.853125 0.4187500000000002 0.9 0.4187500000000002
2 0.584375 0.15625000000000006 0.509375 0.15625000000000006 0.509375 0.4046875 0.584375 0.4046875
3 0.4656250000000002 0.9046875 0.4265625000000002 0.9046875 0.4265625000000002 0.9515625 0.4656250000000002 0.9515625
0 0.3968750000000001 0.9734375 0.3781250000000001 0.9734375 0.3781250000000001 1 0.3968750000000001 1
0 0.3750000000000001 0.9 0.3593750000000001 0.9 0.3593750000000001 0.9265625 0.3750000000000001 0.9265625
0 0.3593750000000001 0.8859375 0.3453125000000001 0.8859375 0.3453125000000001 0.9109375 0.3593750000000001 0.9109375
0 0.3687500000000001 0.925 0.3531250000000001 0.925 0.3531250000000001 0.9515625 0.3687500000000001 0.9515625
0 0.3656250000000001 0.7671875 0.3531250000000001 0.7671875 0.3531250000000001 0.7890625 0.3656250000000001 0.7890625
0 0.3593750000000001 0.790625 0.3453125000000001 0.790625 0.3453125000000001 0.8140625 0.3593750000000001 0.8140625
0 0.3734375000000001 0.7890625 0.3593750000000001 0.7890625 0.3593750000000001 0.8125 0.3734375000000001 0.8125
0 0.2796875000000001 0.5046875 0.2718750000000001 0.5046875 0.2718750000000001 0.5171875 0.2796875000000001 0.5171875
0 0.26250000000000007 0.4734375 0.2562500000000001 0.4734375 0.2562500000000001 0.484375 0.26250000000000007 0.484375
0 0.27031250000000007 0.446875 0.2640625000000001 0.446875 0.2640625000000001 0.45625 0.27031250000000007 0.45625
0 0.7015625 0.6625 0.675 0.6625 0.675 0.7015625 0.7015625 0.7015625
0 0.9125 0.4187500000000002 0.8859375 0.4187500000000002 0.8859375 0.45625000000000016 0.9125 0.45625000000000016
0 0.934375 0.4703125000000002 0.90625 0.4703125000000002 0.90625 0.5140625000000002 0.934375 0.5140625000000002
0 0.8796875 0.43750000000000017 0.8546875 0.43750000000000017 0.8546875 0.4750000000000002 0.8796875 0.4750000000000002
0 0.9046875 0.4781250000000002 0.871875 0.4781250000000002 0.871875 0.5250000000000001 0.9046875 0.5250000000000001
0 0.8671875 0.4968750000000002 0.8375 0.4968750000000002 0.8375 0.5390625000000002 0.8671875 0.5390625000000002
0 0.8359375 0.5062500000000002 0.809375 0.5062500000000002 0.809375 0.5484375000000001 0.8359375 0.5484375000000001
0 0.8515625 0.43750000000000017 0.81875 0.43750000000000017 0.81875 0.48437500000000017 0.8515625 0.48437500000000017
0 0.80625 0.4187500000000002 0.775 0.4187500000000002 0.775 0.4312500000000002 0.80625 0.4312500000000002
0 0.753125 0.41875000000000007 0.725 0.41875 0.725 0.4531250000000001 0.753125 0.45312500000000017
0 0.7203125 0.421875 0.6875 0.421875 0.6875 0.46875 0.7203125 0.46875
0 0.69375 0.4328125 0.66875 0.4328125 0.66875 0.4765625 0.69375 0.4765625
0 0.665625 0.4421875 0.6375 0.4421875 0.6375 0.4828125 0.665625 0.4828125
0 0.6265625 0.4515625 0.5953125 0.4515625 0.5953125 0.4953125 0.6265625 0.4953125
0 0.5296875 0.4328125 0.509375 0.4328125 0.509375 0.4765625 0.5296875 0.4765625
0 0.5546875 0.428125 0.5265625 0.428125 0.5265625 0.46875 0.5546875 0.46875
0 0.5703125 0.425 0.55 0.425 0.55 0.459375 0.5703125 0.459375
0 0.5921875 0.41875 0.5671875 0.41875 0.5671875 0.4515625 0.5921875 0.4515625
0 0.6171875 0.41875 0.5890625 0.41875 0.5890625 0.4453125 0.6171875 0.4453125
0 0.64375 0.41875 0.615625 0.41875 0.615625 0.4375 0.64375 0.4375
0 0.665625 0.41875 0.6390625 0.41875 0.6390625 0.428125 0.665625 0.428125