0 0.5171875 0.28593750000000007 0.484375 0.28593750000000007 0.484375 0.3343750000000001 0.5171875 0.3343750000000001
0 0.103125 0.0015625000000000105 0.0703125 0.0015625000000000083 0.0703125 0.046875000000000014 0.103125 0.046875000000000014
0 0.490625 0.039062500000000056 0.4578125 0.039062500000000056 0.4578125 0.08750000000000006 0.490625 0.08750000000000006
0 0.4484375 0.020312500000000053 0.421875 0.02031250000000005 0.421875 0.06875000000000005 0.4484375 0.06875000000000005
0 0.146875 0.012500000000000016 0.1171875 0.012500000000000016 0.1171875 0.057812500000000024 0.146875 0.057812500000000024
0 0.1140625 0.05781250000000001 0.0859375 0.0578125 0.08593750000000001 0.103125 0.1140625 0.103125
0 0.409375 0.009375000000000048 0.3828125 0.009375000000000046 0.3828125 0.05468750000000004 0.409375 0.05468750000000004
0 0.378125 0.007812500000000045 0.353125 0.007812500000000045 0.353125 0.050000000000000044 0.378125 0.050000000000000044
0 0.35 0.004687500000000041 0.31875 0.004687500000000039 0.31875 0.04531250000000005 0.35 0.04531250000000005
0 0.3015625 3.5112919944303015e-17 0.271875 3.329508485181867e-17 0.271875 0.032812500000000036 0.3015625 0.032812500000000036
0 0.3546875 0.10781250000000005 0.321875 0.10781250000000005 0.321875 0.15625000000000006 0.3546875 0.15625000000000006
0 0.4578125 0.15468750000000003 0.43125 0.15468750000000003 0.43125 0.19687500000000005 0.4578125 0.19687500000000005
0 0.5609375 0.19218750000000007 0.5234375 0.19218750000000004 0.5234375 0.2515625000000001 0.5609375 0.2515625000000001
0 0.609375 0.3937500000000001 0.5953125 0.3937500000000001 0.5953125 0.46875 0.609375 0.46875
0 0.08906250000000004 0.35625 0.059375000000000046 0.35625 0.059375000000000046 0.396875 0.08906250000000004 0.396875
0 0.12500000000000006 0.3546875 0.09687500000000004 0.3546875 0.09687500000000004 0.396875 0.12500000000000006 0.396875
0 0.18437500000000004 0.35 0.15781250000000005 0.35 0.15781250000000005 0.3921875 0.18437500000000004 0.3921875
0 0.21718750000000003 0.3484375 0.18906250000000005 0.3484375 0.18906250000000005 0.396875 0.2171875000000001 0.396875
0 0.25312500000000004 0.359375 0.228125 0.359375 0.22812500000000005 0.4046875 0.2531250000000001 0.4046875
0 0.2968750000000001 0.3703125 0.2656250000000001 0.3703125 0.2656250000000001 0.4125 0.2968750000000001 0.4125
0 0.3296875000000001 0.375 0.3031250000000001 0.375 0.3031250000000001 0.4265625 0.3296875000000001 0.4265625
0 0.37187500000000007 0.38593750000000004 0.3468750000000001 0.3859375 0.3468750000000001 0.4265625 0.37187500000000007 0.4265625
0 0.39531250000000007 0.38750000000000007 0.3765625000000001 0.38750000000000007 0.3765625000000001 0.428125 0.39531250000000007 0.428125
0 0.4296875 0.39531250000000007 0.3984375000000001 0.39531250000000007 0.3984375000000001 0.440625 0.4296875 0.440625
0 0.4703125 0.4046875 0.4390625 0.4046875 0.4390625 0.453125 0.4703125 0.453125
0 0.5375 0.4234375 0.5125 0.4234375 0.5125 0.471875 0.5375 0.471875
3 0.09375000000000003 0.1125 0.057812500000000024 0.1125 0.057812500000000024 0.171875 0.09375000000000003 0.171875
3 0.8484375 0.3531250000000001 0.784375 0.3531250000000001 0.784375 0.4281250000000002 0.8484375 0.4281250000000002
0 0.715625 0.553125 0.671875 0.553125 0.671875 0.5875 0.715625 0.5875
0 0.965625 0.03125000000000012 0.94375 0.03125000000000011 0.94375 0.10312500000000013 0.965625 0.10312500000000013
0 0.1593750000000001 0.8703125 0.12031250000000009 0.8703125 0.12031250000000009 0.9046875 0.1593750000000001 0.9046875
0 0.014062500000000113 0.890625 1.0907010554906115e-16 0.890625 1.116533448910126e-16 0.9328125 0.014062500000000117 0.9328125
0 0.03437500000000009 0.7125 8.725608443924891e-17 0.7125 9.137013228013456e-17 0.7796875 0.0343750000000001 0.7796875
0 0.2906250000000001 0.83125 0.2531250000000001 0.83125 0.2531250000000001 0.865625 0.2906250000000001 0.865625
0 0.3109375000000001 0.7734375 0.2718750000000001 0.7734375 0.2718750000000001 0.8109375 0.3109375000000001 0.8109375
0 0.31718750000000007 0.7296875 0.2765625000000001 0.7296875 0.2765625000000001 0.765625 0.31718750000000007 0.765625
0 0.3828125000000001 0.7453125 0.3437500000000001 0.7453125 0.3437500000000001 0.784375 0.3828125000000001 0.784375
0 0.4625000000000002 0.9609375 0.42187500000000017 0.9609375 0.42187500000000017 0.9984375 0.4625000000000002 0.9984375
0 0.4859375000000002 0.821875 0.4468750000000002 0.821875 0.4468750000000002 0.859375 0.4859375000000002 0.859375
0 0.40937500000000016 0.85 0.3703125000000001 0.85 0.3703125000000001 0.8875 0.40937500000000016 0.8875
0 0.3531250000000001 0.8390625 0.3125000000000001 0.8390625 0.3125000000000001 0.878125 0.3531250000000001 0.878125
0 0.3625000000000001 0.7875 0.31718750000000007 0.7875 0.31718750000000007 0.8265625 0.3625000000000001 0.8265625
0 0.43750000000000017 0.7578125 0.39531250000000007 0.7578125 0.39531250000000007 0.7953125 0.43750000000000017 0.7953125
0 0.5812500000000002 0.840625 0.5406250000000001 0.840625 0.5406250000000001 0.878125 0.5812500000000002 0.878125
0 0.6093750000000002 0.8046875 0.5843750000000002 0.8046875 0.5843750000000002 0.8421875 0.6093750000000002 0.8421875
1 0.2765625000000001 0.86875 0.2156250000000001 0.86875 0.2156250000000001 0.915625 0.2765625000000001 0.915625
3 0.5234375000000002 0.7484375 0.46093750000000017 0.7484375 0.46093750000000017 0.8125 0.5234375000000002 0.8125
0 0.4156250000000002 0.8046875 0.37187500000000007 0.8046875 0.37187500000000007 0.840625 0.4156250000000002 0.840625
0 0.6546875000000002 0.8453125 0.6234375000000002 0.8453125 0.6234375000000002 0.8875 0.6546875000000002 0.8875
0 0.7328125000000002 0.8 0.7000000000000002 0.8 0.7000000000000002 0.8484375 0.7328125000000002 0.8484375
0 0.6921875000000002 0.7953125 0.6671875000000002 0.7953125 0.6671875000000002 0.8375 0.6921875000000002 0.8375
0 0.6578125000000001 0.7875 0.6281250000000002 0.7875 0.6281250000000002 0.8296875 0.6578125000000001 0.8296875
0 1 0.85625 0.971875 0.85625 0.971875 0.9046875 1 0.9046875
0 0.7453125000000002 0.865625 0.7156250000000002 0.865625 0.7156250000000002 0.9109375 0.7453125000000002 0.9109375
0 0.6859375000000002 0.903125 0.6562500000000002 0.903125 0.6562500000000002 0.94375 0.6859375000000002 0.94375
0 0.9609375 0.853125 0.934375 0.853125 0.934375 0.8953125 0.9609375 0.8953125
0 0.9296875 0.8484375 0.903125 0.8484375 0.903125 0.89375 0.9296875 0.89375
0 0.9015625 0.8453125 0.8703125 0.8453125 0.8703125 0.8875 0.9015625 0.8875
0 0.8546875 0.8328125 0.825 0.8328125 0.825 0.875 0.8546875 0.875
3 0.6578125000000001 0.95625 0.6218750000000002 0.95625 0.6218750000000002 1 0.6578125000000001 1