0 0.14375000000000007 0.484375 0.12656250000000005 0.484375 0.12656250000000008 0.5796875 0.1437500000000001 0.5796875
0 0.23281250000000003 0.309375 0.2125 0.309375 0.21250000000000005 0.4203125 0.2328125000000001 0.4203125
0 0.3421875000000001 0.4875 0.3062500000000001 0.4875 0.3062500000000001 0.5546875 0.3421875000000001 0.5546875
0 0.1343750000000001 0.834375 0.12031250000000009 0.834375 0.12031250000000011 0.925 0.13437500000000013 0.925
0 0.1078125 0.0031250000000000123 0.0921875 0.003125000000000011 0.0921875 0.09062500000000002 0.1078125 0.09062500000000002
0 0.040625000000000064 0.4828125 0.007812500000000059 0.4828125 0.00781250000000006 0.525 0.040625000000000064 0.525
0 0.4296875 0.2687500000000001 0.396875 0.2687500000000001 0.396875 0.3140625000000001 0.4296875 0.3140625000000001
0 0.440625 0.2156250000000001 0.4109375 0.2156250000000001 0.4109375 0.2562500000000001 0.440625 0.2562500000000001
0 0.4015625 0.2078125000000001 0.3765625 0.2078125000000001 0.3765625 0.2484375000000001 0.4015625 0.2484375000000001
0 0.3671875 0.19843750000000004 0.3375 0.19843750000000004 0.3375 0.24375000000000005 0.3671875 0.24375000000000008
0 0.7546875 0.2843750000000001 0.721875 0.2843750000000001 0.721875 0.3359375000000001 0.7546875 0.3359375000000001
0 0.7125 0.2671875000000001 0.684375 0.2671875000000001 0.684375 0.3140625000000001 0.7125 0.3140625000000001
0 0.6390625 0.3218750000000001 0.6109375 0.3218750000000001 0.6109375 0.3671875000000001 0.6390625 0.3671875000000001
0 0.5125 0.34062500000000007 0.4828125 0.34062500000000007 0.4828125 0.3859375000000001 0.5125 0.3859375000000001
0 0.6734375 0.2593750000000001 0.6453125 0.2593750000000001 0.6453125 0.3046875000000001 0.6734375 0.3046875000000001
0 0.6390625 0.2578125000000001 0.6140625 0.2578125000000001 0.6140625 0.2984375000000001 0.6390625 0.2984375000000001
0 0.609375 0.25468750000000007 0.5796875 0.25468750000000007 0.5796875 0.29375000000000007 0.609375 0.29375000000000007
0 0.5640625 0.24375000000000008 0.534375 0.24375000000000008 0.534375 0.2812500000000001 0.5640625 0.2812500000000001
0 0.90625 0.1593750000000001 0.8921875 0.1593750000000001 0.8921875 0.2484375000000001 0.90625 0.2484375000000001
0 0.9078125 0.06250000000000011 0.89375 0.06250000000000011 0.89375 0.14687500000000012 0.9078125 0.14687500000000014
0 0.8484375 0.10156250000000008 0.8359375 0.10156250000000008 0.8359375 0.20312500000000008 0.8484375 0.20312500000000008
0 0.8515625 0.004687500000000103 0.8390625 0.004687500000000103 0.8390625 0.07031250000000011 0.8515625 0.07031250000000011
0 0.85625 0.6093750000000002 0.8265625 0.6093750000000002 0.8265625 0.6500000000000001 0.85625 0.6500000000000001
0 0.35625000000000007 0.609375 0.3234375000000001 0.609375 0.3234375000000001 0.6515625 0.35625000000000007 0.6515625
0 0.3906250000000001 0.6046875 0.3593750000000001 0.6046875 0.3593750000000001 0.6453125 0.3906250000000001 0.6453125
0 0.4484375 0.6 0.421875 0.6 0.421875 0.6421875 0.4484375 0.6421875
0 0.4828125 0.6046875 0.4546875 0.6046875 0.4546875 0.646875 0.4828125 0.646875
0 0.5203125 0.6078125 0.4921875 0.6078125 0.4921875 0.653125 0.5203125 0.653125
0 0.5640625 0.615625 0.53125 0.615625 0.53125 0.6625 0.5640625 0.6625
0 0.59375 0.625 0.56875 0.625 0.56875 0.671875 0.59375 0.671875
0 0.6375 0.6375 0.609375 0.6375 0.609375 0.675 0.6375 0.675
0 0.6609375 0.6359375 0.6421875 0.6359375 0.6421875 0.68125 0.6609375 0.68125
0 0.696875 0.64375 0.6640625 0.64375 0.6640625 0.6859375 0.696875 0.6859375
0 0.7375 0.6515625 0.70625 0.6515625 0.70625 0.6984375 0.7375 0.6984375000000002
0 0.8046875 0.6703125000000002 0.78125 0.6703125000000002 0.78125 0.7156250000000002 0.8046875 0.7156250000000002
3 0.5171875 0.40625 0.48125 0.40625 0.48125 0.4609375 0.5171875 0.4609375