0 0.7703125 0.5312500000000002 0.7390625 0.5312500000000002 0.7390625 0.5796875000000001 0.7703125 0.5796875000000001
0 0.1265625000000001 0.8359375 0.1140625000000001 0.8359375 0.11406250000000011 0.925 0.12656250000000013 0.925
0 0.039062500000000035 0.23125 0.012500000000000028 0.23125 0.01250000000000003 0.2734375 0.039062500000000035 0.2734375
0 0.10312500000000002 0.084375 0.0828125 0.084375 0.08281250000000001 0.1828125 0.10312500000000005 0.1828125
0 0.125 0.0015625000000000146 0.1109375 0.001562500000000014 0.1109375 0.08281250000000002 0.125 0.08281250000000002
0 0.03593750000000006 0.484375 0.007812500000000059 0.484375 0.00781250000000006 0.5265625 0.03593750000000007 0.5265625
0 0.2593750000000001 0.621875 0.2406250000000001 0.621875 0.2406250000000001 0.73125 0.2593750000000001 0.73125
0 0.22031250000000005 0.353125 0.2046875 0.353125 0.20468750000000005 0.4515625 0.22031250000000008 0.4515625
0 0.3515625 0.2546875 0.3203125 0.2546875 0.3203125 0.3 0.3515625 0.3
0 0.428125 0.2140625000000001 0.3984375 0.2140625000000001 0.3984375 0.2593750000000001 0.428125 0.2593750000000001
0 0.3890625 0.2062500000000001 0.3640625 0.2062500000000001 0.3640625 0.2515625000000001 0.3890625 0.2515625000000001
0 0.3546875 0.2015625 0.3265625 0.2015625 0.3265625 0.24375 0.3546875 0.24375
0 0.7390625 0.28593750000000007 0.7078125 0.28593750000000007 0.7078125 0.33281250000000007 0.7390625 0.33281250000000007
0 0.696875 0.2671875000000001 0.6703125 0.2671875000000001 0.6703125 0.3140625000000001 0.696875 0.3140625000000001
0 0.3953125 0.2656250000000001 0.3671875 0.2656250000000001 0.3671875 0.3109375000000001 0.3953125 0.3109375000000001
0 0.3625 0.3109375 0.3359375 0.3109375 0.3359375 0.35625 0.3625 0.35625
0 0.6578125 0.2578125000000001 0.6328125 0.2578125000000001 0.6328125 0.3031250000000001 0.6578125 0.3031250000000001
0 0.6265625 0.25468750000000007 0.6015625 0.25468750000000007 0.6015625 0.2968750000000001 0.6265625 0.2968750000000001
0 0.5984375 0.2531250000000001 0.5671875 0.2531250000000001 0.5671875 0.29375000000000007 0.5984375 0.29375000000000007
0 0.5515625 0.24218750000000008 0.521875 0.24218750000000008 0.521875 0.2828125000000001 0.5515625 0.2828125000000001
0 0.8890625 0.1546875000000001 0.8765625 0.1546875000000001 0.8765625 0.24375000000000008 0.8890625 0.24375000000000008
0 0.890625 0.0640625000000001 0.878125 0.0640625000000001 0.878125 0.1437500000000001 0.890625 0.1437500000000001
0 0.6046875 0.35625000000000007 0.5734375 0.35625000000000007 0.5734375 0.4046875 0.6046875 0.4046875
0 0.709375 0.4015625 0.6828125 0.4015625 0.6828125 0.44375 0.709375 0.44375
0 0.8125 0.4359375000000002 0.7765625 0.4359375000000002 0.7765625 0.49531250000000016 0.8125 0.49531250000000016
0 0.9296875 0.5078125000000002 0.896875 0.5078125000000002 0.896875 0.5640625000000001 0.9296875 0.5640625000000001
0 0.88125 0.6375000000000002 0.853125 0.6375000000000002 0.853125 0.7125000000000001 0.88125 0.7125000000000001
0 0.3453125000000001 0.609375 0.3156250000000001 0.609375 0.3156250000000001 0.65 0.3453125000000001 0.65
0 0.37968750000000007 0.60625 0.3531250000000001 0.60625 0.3531250000000001 0.6484375 0.37968750000000007 0.6484375
0 0.440625 0.6015625 0.4140625 0.6015625 0.4140625 0.64375 0.440625 0.64375
0 0.471875 0.6 0.4453125 0.6 0.4453125 0.646875 0.471875 0.646875
0 0.5078125 0.609375 0.484375 0.609375 0.484375 0.6546875 0.5078125 0.6546875
0 0.5515625 0.6203125 0.521875 0.6203125 0.521875 0.6625 0.5515625 0.6625
0 0.584375 0.6234375 0.5578125 0.6234375 0.5578125 0.6734375 0.584375 0.6734375
0 0.6265625 0.634375 0.603125 0.634375 0.603125 0.6734375 0.6265625 0.6734375
0 0.6515625 0.6359375 0.6328125 0.6359375 0.6328125 0.675 0.6515625 0.675
0 0.6859375 0.6421875 0.6546875 0.6421875 0.6546875 0.6875 0.6859375 0.6875
0 0.7265625 0.6515625 0.6953125 0.6515625 0.6953125 0.6984375 0.7265625 0.6984375000000002
0 0.79375 0.6687500000000002 0.76875 0.6687500000000002 0.76875 0.7156250000000002 0.79375 0.7156250000000002
3 0.3437500000000001 0.365625 0.30937500000000007 0.365625 0.30937500000000007 0.425 0.3437500000000001 0.425