0 0.4546875 0.46875 0.4171875 0.46875 0.4171875 0.521875 0.4546875 0.521875
0 0.12812500000000002 0.16875 0.09218750000000002 0.16875 0.09218750000000002 0.2171875 0.12812500000000004 0.2171875
0 0.2078125 0.13125000000000003 0.1734375 0.13125 0.1734375 0.18125000000000002 0.2078125 0.18125000000000005
0 0.1703125 0.1234375 0.1390625 0.1234375 0.1390625 0.1734375 0.1703125 0.1734375
0 0.1359375 0.1140625 0.103125 0.1140625 0.103125 0.1625 0.1359375 0.1625
0 0.5125 0.23593750000000008 0.475 0.23593750000000008 0.475 0.2921875000000001 0.5125 0.2921875000000001
0 0.471875 0.2171875000000001 0.440625 0.2171875000000001 0.440625 0.2671875000000001 0.471875 0.2671875000000001
0 0.18437500000000004 0.18750000000000003 0.15156250000000004 0.1875 0.15156250000000004 0.2375 0.18437500000000004 0.2375
0 0.14062500000000006 0.228125 0.10781250000000005 0.228125 0.10781250000000005 0.2734375 0.14062500000000006 0.2734375
0 0.4328125 0.20312500000000008 0.4015625 0.20312500000000008 0.4015625 0.2484375000000001 0.4328125 0.2484375000000001
0 0.4015625 0.19843750000000004 0.371875 0.19843750000000004 0.371875 0.24375000000000008 0.4015625 0.24375000000000008
0 0.3734375 0.19218750000000004 0.3390625 0.19218750000000004 0.3390625 0.23750000000000004 0.3734375 0.2375000000000001
0 0.328125 0.17812500000000003 0.29375 0.17812500000000003 0.29375 0.2203125 0.328125 0.2203125
0 0.4171875 0.3140625000000001 0.3796875 0.3140625000000001 0.37968750000000007 0.3671875000000001 0.4171875 0.3671875000000001
0 0.515625 0.37187500000000007 0.484375 0.37187500000000007 0.484375 0.421875 0.515625 0.421875
0 0.08437500000000006 0.5171875 0.048437500000000064 0.5171875 0.048437500000000064 0.5625 0.08437500000000006 0.5625
0 0.11875000000000006 0.5203125 0.08750000000000006 0.5203125 0.08750000000000006 0.565625 0.11875000000000009 0.565625
0 0.17812500000000006 0.5171875 0.14843750000000006 0.5171875 0.14843750000000006 0.565625 0.1781250000000001 0.565625
0 0.21093750000000008 0.525 0.17968750000000006 0.525 0.17968750000000006 0.56875 0.21093750000000008 0.56875
0 0.2468750000000001 0.5375 0.2171875000000001 0.5375 0.2171875000000001 0.56875 0.2468750000000001 0.56875
0 0.2875000000000001 0.5484375 0.2531250000000001 0.5484375 0.2531250000000001 0.56875 0.2875000000000001 0.56875
3 0.10937500000000004 0.2796875 0.07031250000000004 0.2796875 0.07031250000000004 0.3359375 0.10937500000000004 0.3359375
0 0.565625 0.22031250000000008 0.559375 0.22031250000000008 0.559375 0.2968750000000001 0.565625 0.2968750000000001
0 0.7640625 0.3218750000000001 0.71875 0.3218750000000001 0.71875 0.36406250000000007 0.7640625 0.36406250000000007
0 0.7859375 0.28593750000000007 0.7421875 0.28593750000000007 0.7421875 0.3218750000000001 0.7859375 0.3218750000000001
0 0.63125 7.567934516605909e-17 0.6046875 7.405286113594152e-17 0.6046875 0.056250000000000064 0.63125 0.056250000000000064
0 0.784375 0.3703125000000001 0.7375 0.3703125000000001 0.7375 0.40625000000000017 0.784375 0.40625000000000017
0 0.8265625 0.3296875000000001 0.7796875 0.3296875000000001 0.7796875 0.36406250000000007 0.8265625 0.36406250000000007
0 0.884375 0.3343750000000001 0.834375 0.3343750000000001 0.834375 0.3750000000000001 0.884375 0.3750000000000001
0 0.7609375 0.4203125000000001 0.71875 0.4203125 0.71875 0.4562500000000001 0.7609375 0.45625000000000016
0 0.940625 0.3375000000000001 0.89375 0.3375000000000001 0.89375 0.3750000000000001 0.940625 0.3750000000000001
0 1 0.3453125000000001 0.959375 0.3453125000000001 0.959375 0.3843750000000001 1 0.3843750000000001
0 0.2062500000000001 0.7015625 0.1671875000000001 0.7015625 0.1671875000000001 0.76875 0.2062500000000001 0.76875
0 0.43750000000000017 0.965625 0.3968750000000001 0.965625 0.3968750000000001 1 0.43750000000000017 1
0 0.5328125000000001 0.734375 0.4968750000000002 0.734375 0.4968750000000002 0.7890625 0.5328125000000001 0.7890625
0 0.6984375 0.6921875 0.646875 0.6921875 0.6468750000000001 0.7328125 0.6984375000000002 0.7328125
0 0.7093750000000002 0.821875 0.6625000000000002 0.821875 0.6625000000000002 0.8578125 0.7093750000000002 0.8578125
0 0.7078125000000002 0.8671875 0.6609375000000002 0.8671875 0.6609375000000002 0.90625 0.7078125000000002 0.90625
0 0.8078125 0.6656250000000001 0.7578125 0.6656250000000001 0.7578125 0.7140625000000002 0.8078125 0.7140625000000002
0 0.934375 0.7625000000000002 0.90625 0.7625000000000002 0.90625 0.8359375 0.934375 0.8359375
3 0.95625 0.5687500000000002 0.925 0.5687500000000002 0.925 0.6015625000000002 0.95625 0.6015625000000002
0 0.8265625 0.94375 0.7796875000000002 0.94375 0.7796875000000002 0.99375 0.8265625 0.99375
0 0.9265625 0.9734375 0.89375 0.9734375 0.89375 1 0.9265625 1