0 0.5359375 0.14218750000000005 0.496875 0.14218750000000005 0.496875 0.19687500000000005 0.5359375 0.19687500000000005
0 0.5640625 0.08906250000000007 0.5296875 0.08906250000000007 0.5296875 0.13437500000000008 0.5640625 0.13437500000000008
0 0.6 0.08593750000000007 0.56875 0.08593750000000007 0.56875 0.1281250000000001 0.6 0.1281250000000001
0 0.2453125 0.12031250000000004 0.20625 0.12031250000000004 0.20625 0.17656250000000004 0.2453125 0.17656250000000004
0 0.284375 0.10937500000000004 0.2515625 0.10937500000000004 0.2515625 0.15781250000000005 0.284375 0.15781250000000005
0 0.28125 0.18281250000000004 0.2453125 0.18281250000000004 0.2453125 0.2375 0.28125 0.2375
0 0.4234375 0.2093750000000001 0.3875 0.2093750000000001 0.3875 0.2578125000000001 0.4234375 0.2578125000000001
0 0.3265625 0.10625000000000004 0.2921875 0.10625000000000004 0.2921875 0.15156250000000004 0.3265625 0.15156250000000004
0 0.35625 0.10937500000000004 0.328125 0.10937500000000004 0.328125 0.15156250000000004 0.35625 0.15156250000000004
0 0.390625 0.10781250000000005 0.35625 0.10781250000000005 0.35625 0.15312500000000004 0.390625 0.15312500000000004
0 0.4375 0.10156250000000004 0.403125 0.10156250000000004 0.403125 0.14687500000000003 0.4375 0.14687500000000003
0 0.1546875 1.741294667537643e-17 0.1296875 1.5882138176442238e-17 0.1296875 0.026562500000000017 0.1546875 0.026562500000000024
0 0.12812500000000004 0.4265625 0.09218750000000005 0.4265625 0.09218750000000006 0.475 0.12812500000000004 0.475
0 0.6 0.490625 0.565625 0.490625 0.565625 0.534375 0.6 0.534375
0 0.5671875 0.484375 0.53125 0.484375 0.53125 0.528125 0.5671875 0.528125
0 0.5046875 0.4734375 0.4734375 0.4734375 0.4734375 0.5109375 0.5046875 0.5109375
0 0.471875 0.4703125 0.4390625 0.4703125 0.4390625 0.5140625 0.471875 0.5140625
0 0.434375 0.4734375 0.4015625 0.4734375 0.4015625 0.51875 0.434375 0.51875
0 0.39531250000000007 0.4765625 0.3578125000000001 0.4765625 0.3578125000000001 0.525 0.39531250000000007 0.525
0 0.3578125000000001 0.478125 0.32500000000000007 0.478125 0.32500000000000007 0.5265625 0.3578125000000001 0.5265625
0 0.3140625000000001 0.484375 0.2828125000000001 0.484375 0.2828125000000001 0.5265625 0.3140625000000001 0.5265625
0 0.2843750000000001 0.4765625 0.2593750000000001 0.4765625 0.2593750000000001 0.5265625 0.2843750000000001 0.5265625
0 0.2609375000000001 0.4859375 0.2218750000000001 0.4859375 0.2218750000000001 0.53125 0.2609375000000001 0.53125
0 0.2156250000000001 0.490625 0.17968750000000006 0.490625 0.17968750000000006 0.5359375 0.2156250000000001 0.5359375
0 0.14218750000000005 0.4984375 0.11250000000000004 0.4984375 0.11250000000000004 0.54375 0.14218750000000005 0.54375
3 0.39375 0.27812500000000007 0.3515625 0.278125 0.3515625 0.34062500000000007 0.39375 0.34062500000000007
0 0.9140625 0.4234375000000002 0.890625 0.4234375000000002 0.890625 0.4625000000000002 0.9140625 0.4625000000000002
0 1 0.2015625000000001 0.9765625 0.2015625000000001 0.9765625 0.2453125000000001 1 0.2453125000000001
0 0.965625 0.2000000000000001 0.9375 0.2000000000000001 0.9375 0.2468750000000001 0.965625 0.2468750000000001
0 0.9359375 0.20312500000000008 0.915625 0.20312500000000008 0.915625 0.24375000000000008 0.9359375 0.24375000000000008
0 0.9078125 0.2000000000000001 0.884375 0.2000000000000001 0.884375 0.2390625000000001 0.9078125 0.2390625000000001
0 0.8671875 0.1984375000000001 0.840625 0.1984375000000001 0.840625 0.2406250000000001 0.8671875 0.2406250000000001
0 0.640625 0.4734375 0.61875 0.4734375 0.61875 0.5125 0.640625 0.5125
0 0.61875 0.471875 0.6 0.471875 0.6 0.5109375 0.61875 0.5109375
0 0.7390625 0.1515625000000001 0.715625 0.1515625000000001 0.715625 0.1859375000000001 0.7390625 0.1859375000000001
0 0.7578125 0.1531250000000001 0.7359375 0.1531250000000001 0.7359375 0.1906250000000001 0.7578125 0.1906250000000001
0 0.7828125 0.1468750000000001 0.75625 0.1468750000000001 0.75625 0.1921875000000001 0.7828125 0.1921875000000001
0 0.8078125 0.1546875000000001 0.784375 0.1546875000000001 0.784375 0.1937500000000001 0.8078125 0.1937500000000001
0 0.8265625 0.1546875000000001 0.809375 0.1546875000000001 0.809375 0.1906250000000001 0.8265625 0.1906250000000001
0 0.85 0.15000000000000008 0.828125 0.15000000000000008 0.828125 0.18906250000000008 0.85 0.18906250000000008
0 0.8765625 0.1531250000000001 0.8515625 0.1531250000000001 0.8515625 0.1921875000000001 0.8765625 0.1921875000000001
0 0.9046875 0.1546875000000001 0.8796875 0.1546875000000001 0.8796875 0.1921875000000001 0.9046875 0.1921875000000001
0 0.928125 0.15312500000000012 0.9046875 0.1531250000000001 0.9046875 0.1906250000000001 0.928125 0.19062500000000013
0 0.95 0.15625000000000014 0.928125 0.15625000000000014 0.928125 0.19375000000000014 0.95 0.19375000000000014
0 0.9734375 0.15156250000000013 0.953125 0.15156250000000013 0.953125 0.19375000000000014 0.9734375 0.19375000000000014
0 0.996875 0.15312500000000012 0.975 0.15312500000000012 0.975 0.19218750000000012 0.996875 0.19218750000000012
0 0.7359375 0.3859375000000001 0.7140625 0.3859375000000001 0.7140625 0.4281250000000001 0.7359375 0.4281250000000002
0 0.840625 0.7062500000000002 0.79375 0.7062500000000002 0.7937500000000001 0.7437500000000001 0.840625 0.7437500000000001
0 0.9765625 0.853125 0.9328125 0.853125 0.9328125 0.8921875 0.9765625 0.8921875
0 0.6296875000000002 0.8125 0.6000000000000002 0.8125 0.6000000000000002 0.8515625 0.6296875000000002 0.8515625
0 0.6093750000000002 0.9390625 0.6000000000000002 0.9390625 0.6000000000000002 1 0.6093750000000002 1