0 0.5796875 0.5015625 0.5359375 0.5015625 0.5359375 0.571875 0.5796875 0.571875
0 0.5203125 0.2718750000000001 0.4828125 0.2718750000000001 0.4828125 0.3218750000000001 0.5203125 0.3218750000000001
0 0.5140625 0.21875000000000008 0.4796875 0.21875000000000008 0.4796875 0.26250000000000007 0.5140625 0.26250000000000007
0 0.55 0.2156250000000001 0.51875 0.2156250000000001 0.51875 0.2593750000000001 0.55 0.2593750000000001
0 0.590625 0.21093750000000008 0.5546875 0.21093750000000008 0.5546875 0.2593750000000001 0.590625 0.2593750000000001
0 0.19687500000000005 0.2421875 0.15625000000000006 0.2421875 0.15625000000000006 0.296875 0.19687500000000005 0.296875
0 0.2359375 0.2296875 0.2015625 0.2296875 0.2015625 0.28125 0.2359375 0.28125
0 0.3015625 0.2953125 0.2671875 0.2953125 0.2671875 0.34375 0.3015625 0.34375
0 0.425 0.3312500000000001 0.3890625 0.3312500000000001 0.38906250000000003 0.37968750000000007 0.425 0.37968750000000007
0 0.2765625 0.228125 0.2421875 0.228125 0.2421875 0.2765625 0.2765625 0.2765625
0 0.30625 0.2328125 0.2765625 0.2328125 0.2765625 0.275 0.30625 0.275
0 0.3421875 0.2328125 0.30625 0.2328125 0.30625 0.2765625 0.3421875 0.2765625
0 0.3875 0.22812500000000005 0.353125 0.228125 0.353125 0.26875000000000004 0.3875 0.2687500000000001
0 0.046875000000000014 0.096875 0.02031250000000001 0.096875 0.020312500000000018 0.1875 0.04687500000000002 0.1875
0 0.0578125 0.0015625000000000055 0.03125 0.0015625000000000042 0.03125000000000001 0.0875 0.0578125 0.0875
0 0.109375 0.04843750000000001 0.0828125 0.04843750000000001 0.08281250000000001 0.15 0.109375 0.15
0 0.11875 1.3203223303307403e-17 0.096875 1.1863765866739984e-17 0.096875 0.017187500000000015 0.11875 0.017187500000000015
0 0.04843750000000007 0.55 0.012500000000000067 0.55 0.01250000000000007 0.59375 0.04843750000000008 0.59375
0 0.5453125 0.61875 0.5078125 0.61875 0.5078125 0.665625 0.5453125 0.665625
0 0.5109375 0.6109375 0.475 0.6109375 0.475 0.6546875 0.5109375 0.6546875
0 0.45 0.596875 0.4171875 0.596875 0.4171875 0.6421875 0.45 0.6421875
0 0.4171875 0.596875 0.3828125000000001 0.596875 0.3828125000000001 0.6421875 0.4171875 0.6421875
0 0.3781250000000001 0.59375 0.3453125000000001 0.59375 0.3453125000000001 0.6421875 0.3781250000000001 0.6421875
0 0.34062500000000007 0.596875 0.3000000000000001 0.596875 0.3000000000000001 0.6484375 0.34062500000000007 0.6484375
0 0.30156250000000007 0.6015625 0.2687500000000001 0.6015625 0.2687500000000001 0.6515625 0.30156250000000007 0.6515625
0 0.2593750000000001 0.6078125 0.22656250000000008 0.6078125 0.22656250000000008 0.6484375 0.2593750000000001 0.6484375
0 0.22656250000000008 0.603125 0.2015625000000001 0.603125 0.2015625000000001 0.65 0.22656250000000008 0.65
0 0.20468750000000008 0.60625 0.16562500000000008 0.60625 0.16562500000000008 0.653125 0.20468750000000008 0.653125
0 0.1609375000000001 0.6078125 0.12343750000000009 0.6078125 0.12343750000000009 0.659375 0.1609375000000001 0.659375
0 0.08437500000000007 0.615625 0.05468750000000007 0.615625 0.054687500000000076 0.6640625 0.08437500000000009 0.6640625
3 0.4171875 0.39531250000000007 0.3750000000000001 0.39531250000000007 0.3750000000000001 0.4546875 0.4171875 0.4546875
0 0.834375 0.27031250000000007 0.7921875 0.27031250000000007 0.7921875 0.3281250000000001 0.834375 0.3281250000000001
0 0.9390625 0.47656250000000017 0.896875 0.47656250000000017 0.896875 0.5421875000000002 0.9390625 0.5421875000000002
0 0.66875 0.596875 0.65 0.596875 0.65 0.6546875 0.66875 0.6546875
0 0.79375 0.021875000000000096 0.75625 0.021875000000000096 0.75625 0.07656250000000009 0.79375 0.07656250000000009
2 0.6500000000000001 0.7 0.553125 0.7 0.5531250000000001 0.8015625 0.6500000000000001 0.8015625
0 0.56875 0.7 0.521875 0.7 0.521875 0.7234375 0.56875 0.7234375
0 0.26250000000000007 0.7 0.2250000000000001 0.7 0.2250000000000001 0.7515625 0.26250000000000007 0.7515625
0 0.19687500000000008 0.771875 0.1671875000000001 0.771875 0.1671875000000001 0.853125 0.19687500000000008 0.853125
0 0.2156250000000001 0.8265625 0.1859375000000001 0.8265625 0.1859375000000001 0.9015625 0.2156250000000001 0.9015625
0 0.45625 0.7 0.409375 0.7 0.409375 0.715625 0.45625 0.715625
0 0.915625 0.7000000000000002 0.896875 0.7000000000000002 0.896875 0.7468750000000002 0.915625 0.7468750000000002
0 0.834375 0.7453125000000002 0.80625 0.7453125000000002 0.80625 0.821875 0.834375 0.821875